Phone timestamp;sensor timestamp [ns];X [mg];Y [mg];Z [mg]
2021-11-13T11:56:58.011;536845922580223708;382;660;42
2021-11-13T11:56:58.030;536845922599918004;388;613;57
2021-11-13T11:56:58.050;536845922619612300;426;599;90
2021-11-13T11:56:58.070;536845922639306596;487;604;115
2021-11-13T11:56:58.089;536845922659000892;484;609;154
2021-11-13T11:56:58.109;536845922678695188;490;619;178
2021-11-13T11:56:58.129;536845922698389484;493;633;204
2021-11-13T11:56:58.148;536845922718083780;503;646;223
2021-11-13T11:56:58.168;536845922737778076;518;662;236
2021-11-13T11:56:58.188;536845922757472372;587;697;237
2021-11-13T11:56:58.207;536845922777166668;585;697;234
2021-11-13T11:56:58.227;536845922796860964;617;690;249
2021-11-13T11:56:58.247;536845922816555260;721;695;254
2021-11-13T11:56:58.267;536845922836249556;746;702;293
2021-11-13T11:56:58.286;536845922855943852;825;693;283
2021-11-13T11:56:58.306;536845922875638148;830;696;288
2021-11-13T11:56:58.326;536845922895332444;780;659;257
2021-11-13T11:56:58.345;536845922915026740;759;623;244
2021-11-13T11:56:58.365;536845922934721036;752;599;244
2021-11-13T11:56:58.385;536845922954415332;774;589;236
2021-11-13T11:56:58.404;536845922974109628;752;583;212
2021-11-13T11:56:58.424;536845922993803924;703;573;184
2021-11-13T11:56:58.444;536845923013498220;656;569;144
2021-11-13T11:56:58.463;536845923033192516;577;557;125
2021-11-13T11:56:58.483;536845923052886812;509;528;112
2021-11-13T11:56:58.503;536845923072581108;520;529;85
2021-11-13T11:56:58.523;536845923092275404;533;529;37
2021-11-13T11:56:58.542;536845923111969700;501;513;10
2021-11-13T11:56:58.562;536845923131663996;485;488;6
2021-11-13T11:56:58.582;536845923151358292;487;427;11
2021-11-13T11:56:58.601;536845923171052588;501;376;17
2021-11-13T11:56:58.621;536845923190746884;498;355;31
2021-11-13T11:56:58.641;536845923210441180;492;310;-1
2021-11-13T11:56:58.660;536845923230135476;492;294;33
2021-11-13T11:56:58.680;536845923249829772;526;236;31
2021-11-13T11:56:58.700;536845923269524068;553;192;37
2021-11-13T11:56:58.719;536845923289218372;510;127;62
2021-11-13T11:56:58.739;536845923308912668;445;75;97
2021-11-13T11:56:58.759;536845923328606964;461;96;149
2021-11-13T11:56:58.779;536845923348301260;452;123;183
2021-11-13T11:56:58.798;536845923367995556;480;144;223
2021-11-13T11:56:58.818;536845923387689852;535;155;254
2021-11-13T11:56:58.838;536845923407384148;679;218;288
2021-11-13T11:56:58.857;536845923427078444;725;294;360
2021-11-13T11:56:58.877;536845923446772740;1173;532;916
2021-11-13T11:56:58.897;536845923466467036;1440;420;659
2021-11-13T11:56:58.916;536845923486161332;520;463;537
2021-11-13T11:56:58.936;536845923505855628;883;538;442
2021-11-13T11:56:58.956;536845923525549924;896;480;441
2021-11-13T11:56:58.976;536845923545244220;816;486;419
2021-11-13T11:56:58.995;536845923564938516;892;477;441
2021-11-13T11:56:59.015;536845923584632812;965;438;382
2021-11-13T11:56:59.035;536845923604327108;907;422;342
2021-11-13T11:56:59.054;536845923624021404;935;384;262
2021-11-13T11:56:59.074;536845923643715700;966;363;240
2021-11-13T11:56:59.094;536845923663409996;991;341;228
2021-11-13T11:56:59.113;536845923683104292;977;322;214
2021-11-13T11:56:59.133;536845923702798588;946;312;211
2021-11-13T11:56:59.153;536845923722492884;908;350;238
2021-11-13T11:56:59.172;536845923742187180;864;383;311
2021-11-13T11:56:59.192;536845923761881476;871;396;368
2021-11-13T11:56:59.212;536845923781575772;877;422;381
2021-11-13T11:56:59.232;536845923801270068;826;444;375
2021-11-13T11:56:59.251;536845923820964364;849;412;362
2021-11-13T11:56:59.271;536845923840658660;840;395;357
2021-11-13T11:56:59.291;536845923860352956;826;385;359
2021-11-13T11:56:59.310;536845923880047252;832;370;363
2021-11-13T11:56:59.330;536845923899741548;809;350;368
2021-11-13T11:56:59.350;536845923919435844;788;318;383
2021-11-13T11:56:59.369;536845923939130140;792;311;397
2021-11-13T11:56:59.389;536845923958824436;791;305;368
2021-11-13T11:56:59.409;536845923978518732;745;297;318
2021-11-13T11:56:59.428;536845923998205758;643;273;267
2021-11-13T11:56:59.448;536845924017892772;553;232;224
2021-11-13T11:56:59.468;536845924037579786;433;221;179
2021-11-13T11:56:59.488;536845924057266800;448;221;153
2021-11-13T11:56:59.507;536845924076953814;640;225;105
2021-11-13T11:56:59.527;536845924096640828;762;302;40
2021-11-13T11:56:59.547;536845924116327842;795;436;-8
2021-11-13T11:56:59.566;536845924136014856;762;535;-17
2021-11-13T11:56:59.586;536845924155701870;775;575;-2
2021-11-13T11:56:59.606;536845924175388884;960;655;-2
2021-11-13T11:56:59.625;536845924195075898;1023;748;40
2021-11-13T11:56:59.645;536845924214762912;1112;898;103
2021-11-13T11:56:59.665;536845924234449926;1083;1094;189
2021-11-13T11:56:59.684;536845924254136940;1015;1176;214
2021-11-13T11:56:59.704;536845924273823954;1024;1205;243
2021-11-13T11:56:59.724;536845924293510968;1191;1258;236
2021-11-13T11:56:59.743;536845924313197982;1278;1284;367
2021-11-13T11:56:59.763;536845924332884996;1321;1375;526
2021-11-13T11:56:59.783;536845924352572010;1312;1439;615
2021-11-13T11:56:59.803;536845924372259024;1306;1388;594
2021-11-13T11:56:59.822;536845924391946038;1261;1319;507
2021-11-13T11:56:59.842;536845924411633052;1211;1237;414
2021-11-13T11:56:59.862;536845924431320066;1129;1166;311
2021-11-13T11:56:59.881;536845924451007080;1049;1072;225
2021-11-13T11:56:59.901;536845924470694094;997;993;154
2021-11-13T11:56:59.921;536845924490381108;974;911;110
2021-11-13T11:56:59.940;536845924510068122;960;805;52
2021-11-13T11:56:59.960;536845924529755136;927;713;41
2021-11-13T11:56:59.980;536845924549442150;884;628;60
2021-11-13T11:56:59.999;536845924569129164;858;573;90
2021-11-13T11:57:00.019;536845924588816178;813;525;116
2021-11-13T11:57:00.039;536845924608503192;812;497;136
2021-11-13T11:57:00.058;536845924628190206;792;491;140
2021-11-13T11:57:00.078;536845924647877220;761;487;155
2021-11-13T11:57:00.098;536845924667564234;763;485;160
2021-11-13T11:57:00.118;536845924687251248;758;481;166
2021-11-13T11:57:00.137;536845924706945552;730;463;159
2021-11-13T11:57:00.157;536845924726639848;649;417;131
2021-11-13T11:57:00.177;536845924746334144;600;363;119
2021-11-13T11:57:00.196;536845924766028440;535;289;97
2021-11-13T11:57:00.216;536845924785722736;499;241;79
2021-11-13T11:57:00.236;536845924805417032;496;217;83
2021-11-13T11:57:00.255;536845924825111328;496;202;73
2021-11-13T11:57:00.275;536845924844805624;486;198;77
2021-11-13T11:57:00.295;536845924864499920;496;199;91
2021-11-13T11:57:00.314;536845924884194216;542;211;102
2021-11-13T11:57:00.334;536845924903888512;602;235;130
2021-11-13T11:57:00.354;536845924923582808;703;275;189
2021-11-13T11:57:00.374;536845924943277104;769;342;244
2021-11-13T11:57:00.393;536845924962971400;802;406;301
2021-11-13T11:57:00.413;536845924982665696;807;472;355
2021-11-13T11:57:00.433;536845925002359992;854;505;383
2021-11-13T11:57:00.452;536845925022054288;867;546;383
2021-11-13T11:57:00.472;536845925041748584;834;557;384
2021-11-13T11:57:00.492;536845925061442880;811;546;363
2021-11-13T11:57:00.511;536845925081137176;840;523;330
2021-11-13T11:57:00.531;536845925100831472;853;488;293
2021-11-13T11:57:00.551;536845925120525768;828;459;271
2021-11-13T11:57:00.570;536845925140220064;792;423;239
2021-11-13T11:57:00.590;536845925159914360;757;391;214
2021-11-13T11:57:00.610;536845925179608656;718;375;190
2021-11-13T11:57:00.630;536845925199302952;695;371;188
2021-11-13T11:57:00.649;536845925218997248;648;370;181
2021-11-13T11:57:00.669;536845925238691544;620;371;182
2021-11-13T11:57:00.689;536845925258385840;616;371;171
2021-11-13T11:57:00.708;536845925278080136;600;378;158
2021-11-13T11:57:00.728;536845925297774432;590;378;144
2021-11-13T11:57:00.748;536845925317468728;604;375;134
2021-11-13T11:57:00.767;536845925337163024;593;367;127
2021-11-13T11:57:00.787;536845925356857320;609;367;130
2021-11-13T11:57:00.807;536845925376551616;628;341;143
2021-11-13T11:57:00.827;536845925396245912;647;331;170
2021-11-13T11:57:00.846;536845925415940208;640;352;195
2021-11-13T11:57:00.866;536845925435634504;678;379;199
2021-11-13T11:57:00.886;536845925455328800;717;388;221
2021-11-13T11:57:00.905;536845925475023096;767;402;235
2021-11-13T11:57:00.925;536845925494717392;838;451;267
2021-11-13T11:57:00.945;536845925514411688;875;481;278
2021-11-13T11:57:00.964;536845925534105984;870;502;280
2021-11-13T11:57:00.984;536845925553800280;868;540;292
2021-11-13T11:57:01.004;536845925573494576;886;534;310
2021-11-13T11:57:01.023;536845925593188872;888;551;344
2021-11-13T11:57:01.043;536845925612883168;897;558;366
2021-11-13T11:57:01.063;536845925632577464;890;533;375
2021-11-13T11:57:01.083;536845925652271760;882;519;378
2021-11-13T11:57:01.102;536845925671966056;858;514;378
2021-11-13T11:57:01.122;536845925691660352;873;492;377
2021-11-13T11:57:01.142;536845925711354648;841;476;378
2021-11-13T11:57:01.161;536845925731048944;823;470;372
2021-11-13T11:57:01.181;536845925750743240;792;464;369
2021-11-13T11:57:01.201;536845925770437536;786;437;362
2021-11-13T11:57:01.220;536845925790131832;770;442;368
2021-11-13T11:57:01.240;536845925809826128;789;461;381
2021-11-13T11:57:01.260;536845925829520424;796;461;368
2021-11-13T11:57:01.279;536845925849214720;794;466;337
2021-11-13T11:57:01.299;536845925868909016;766;474;318
2021-11-13T11:57:01.319;536845925888603312;771;440;293
2021-11-13T11:57:01.339;536845925908297608;812;399;285
2021-11-13T11:57:01.358;536845925927991904;834;404;280
2021-11-13T11:57:01.378;536845925947686200;861;419;268
2021-11-13T11:57:01.398;536845925967380496;884;417;266
2021-11-13T11:57:01.417;536845925987074792;876;421;295
2021-11-13T11:57:01.437;536845926006769088;850;437;343
2021-11-13T11:57:01.457;536845926026463384;815;453;372
2021-11-13T11:57:01.476;536845926046157680;820;464;385
2021-11-13T11:57:01.496;536845926065851976;864;473;389
2021-11-13T11:57:01.516;536845926085546272;873;483;396
2021-11-13T11:57:01.536;536845926105240568;867;490;399
2021-11-13T11:57:01.555;536845926124927602;851;492;399
2021-11-13T11:57:01.575;536845926144614616;859;502;393
2021-11-13T11:57:01.595;536845926164301630;875;494;379
2021-11-13T11:57:01.614;536845926183988644;866;484;369
2021-11-13T11:57:01.634;536845926203675658;880;478;362
2021-11-13T11:57:01.654;536845926223362672;880;487;333
2021-11-13T11:57:01.673;536845926243049686;868;490;301
2021-11-13T11:57:01.693;536845926262736700;839;479;296
2021-11-13T11:57:01.713;536845926282423714;817;474;301
2021-11-13T11:57:01.732;536845926302110728;803;463;296
2021-11-13T11:57:01.752;536845926321797742;782;436;290
2021-11-13T11:57:01.772;536845926341484756;777;430;290
2021-11-13T11:57:01.791;536845926361171770;774;444;297
2021-11-13T11:57:01.811;536845926380858784;782;455;327
2021-11-13T11:57:01.831;536845926400545798;792;462;364
2021-11-13T11:57:01.851;536845926420232812;794;478;381
2021-11-13T11:57:01.870;536845926439919826;803;488;385
2021-11-13T11:57:01.890;536845926459606840;827;491;379
2021-11-13T11:57:01.910;536845926479293854;867;488;377
2021-11-13T11:57:01.929;536845926498980868;882;485;377
2021-11-13T11:57:01.949;536845926518667882;881;479;372
2021-11-13T11:57:01.969;536845926538354896;878;458;359
2021-11-13T11:57:01.988;536845926558041910;862;457;347
2021-11-13T11:57:02.008;536845926577728924;850;464;336
2021-11-13T11:57:02.028;536845926597415938;845;457;335
2021-11-13T11:57:02.047;536845926617102952;854;455;333
2021-11-13T11:57:02.067;536845926636789966;851;451;321
2021-11-13T11:57:02.087;536845926656476980;836;442;317
2021-11-13T11:57:02.106;536845926676163994;831;434;314
2021-11-13T11:57:02.126;536845926695851008;846;434;326
2021-11-13T11:57:02.146;536845926715538022;828;427;338
2021-11-13T11:57:02.166;536845926735225036;816;404;352
2021-11-13T11:57:02.185;536845926754912050;812;402;361
2021-11-13T11:57:02.205;536845926774599064;807;412;366
2021-11-13T11:57:02.225;536845926794286078;836;420;355
2021-11-13T11:57:02.244;536845926813973092;851;423;344
2021-11-13T11:57:02.264;536845926833668864;869;435;345
2021-11-13T11:57:02.284;536845926853364616;890;446;354
2021-11-13T11:57:02.303;536845926873060368;889;464;359
2021-11-13T11:57:02.323;536845926892756120;876;472;357
2021-11-13T11:57:02.343;536845926912451872;880;474;370
2021-11-13T11:57:02.362;536845926932147624;865;480;374
2021-11-13T11:57:02.382;536845926951843376;845;476;381
2021-11-13T11:57:02.402;536845926971539128;872;460;394
2021-11-13T11:57:02.422;536845926991234880;853;439;398
2021-11-13T11:57:02.441;536845927010930632;807;417;412
2021-11-13T11:57:02.461;536845927030626384;814;400;430
2021-11-13T11:57:02.481;536845927050322136;834;387;442
2021-11-13T11:57:02.500;536845927070017888;787;374;435
2021-11-13T11:57:02.520;536845927089713640;767;372;408
2021-11-13T11:57:02.540;536845927109409392;754;377;391
2021-11-13T11:57:02.559;536845927129105144;753;389;361
2021-11-13T11:57:02.579;536845927148800896;759;381;344
2021-11-13T11:57:02.599;536845927168496648;806;373;346
2021-11-13T11:57:02.618;536845927188192400;901;385;364
2021-11-13T11:57:02.638;536845927207888152;979;437;408
2021-11-13T11:57:02.658;536845927227583904;1067;501;488
2021-11-13T11:57:02.678;536845927247279656;1198;607;606
2021-11-13T11:57:02.697;536845927266975408;1285;713;712
2021-11-13T11:57:02.717;536845927286671160;1270;752;727
2021-11-13T11:57:02.737;536845927306366912;1228;747;660
2021-11-13T11:57:02.756;536845927326062664;1185;717;596
2021-11-13T11:57:02.776;536845927345758416;1118;669;511
2021-11-13T11:57:02.796;536845927365454168;1068;607;436
2021-11-13T11:57:02.815;536845927385149920;1001;533;363
2021-11-13T11:57:02.835;536845927404845672;938;491;291
2021-11-13T11:57:02.855;536845927424541424;881;455;270
2021-11-13T11:57:02.875;536845927444237176;853;421;268
2021-11-13T11:57:02.894;536845927463932928;843;394;284
2021-11-13T11:57:02.914;536845927483628680;844;380;286
2021-11-13T11:57:02.934;536845927503324432;809;371;317
2021-11-13T11:57:02.953;536845927523020184;819;369;362
2021-11-13T11:57:02.973;536845927542713051;825;357;374
2021-11-13T11:57:02.993;536845927562405890;860;354;393
2021-11-13T11:57:03.012;536845927582098729;893;372;411
2021-11-13T11:57:03.032;536845927601791568;956;377;407
2021-11-13T11:57:03.052;536845927621484407;960;405;406
2021-11-13T11:57:03.071;536845927641177246;984;449;449
2021-11-13T11:57:03.091;536845927660870085;926;482;461
2021-11-13T11:57:03.111;536845927680562924;916;483;438
2021-11-13T11:57:03.131;536845927700255763;894;464;408
2021-11-13T11:57:03.150;536845927719948602;843;414;375
2021-11-13T11:57:03.170;536845927739641441;862;377;364
2021-11-13T11:57:03.190;536845927759334280;828;365;373
2021-11-13T11:57:03.209;536845927779027119;831;363;349
2021-11-13T11:57:03.229;536845927798719958;821;341;329
2021-11-13T11:57:03.249;536845927818412797;799;307;260
2021-11-13T11:57:03.268;536845927838105636;764;272;246
2021-11-13T11:57:03.288;536845927857798475;771;277;248
2021-11-13T11:57:03.308;536845927877491314;742;298;236
2021-11-13T11:57:03.327;536845927897184153;731;311;220
2021-11-13T11:57:03.347;536845927916876992;734;329;199
2021-11-13T11:57:03.367;536845927936569831;715;348;189
2021-11-13T11:57:03.387;536845927956262670;735;362;206
2021-11-13T11:57:03.406;536845927975955509;722;376;233
2021-11-13T11:57:03.426;536845927995648348;731;372;241
2021-11-13T11:57:03.446;536845928015341187;756;366;243
2021-11-13T11:57:03.465;536845928035034026;757;378;248
2021-11-13T11:57:03.485;536845928054726865;761;404;249
2021-11-13T11:57:03.505;536845928074419704;760;430;270
2021-11-13T11:57:03.524;536845928094112543;767;439;290
2021-11-13T11:57:03.544;536845928113805382;757;439;307
2021-11-13T11:57:03.564;536845928133498221;736;437;324
2021-11-13T11:57:03.583;536845928153191060;684;440;290
2021-11-13T11:57:03.603;536845928172883899;624;449;270
2021-11-13T11:57:03.623;536845928192576738;610;428;254
2021-11-13T11:57:03.643;536845928212269577;557;383;234
2021-11-13T11:57:03.662;536845928231962416;541;316;200
2021-11-13T11:57:03.682;536845928251652347;557;255;164
2021-11-13T11:57:03.702;536845928271342274;558;241;135
2021-11-13T11:57:03.721;536845928291032201;572;236;134
2021-11-13T11:57:03.741;536845928310722128;612;259;149
2021-11-13T11:57:03.761;536845928330412055;617;290;175
2021-11-13T11:57:03.780;536845928350101982;638;312;192
2021-11-13T11:57:03.800;536845928369791909;669;337;225
2021-11-13T11:57:03.820;536845928389481836;731;372;241
2021-11-13T11:57:03.839;536845928409171763;780;398;253
2021-11-13T11:57:03.859;536845928428861690;812;449;289
2021-11-13T11:57:03.879;536845928448551617;869;483;312
2021-11-13T11:57:03.899;536845928468241544;909;502;304
2021-11-13T11:57:03.918;536845928487931471;940;513;265
2021-11-13T11:57:03.938;536845928507621398;921;509;253
2021-11-13T11:57:03.958;536845928527311325;917;490;250
2021-11-13T11:57:03.977;536845928547001252;910;475;242
2021-11-13T11:57:03.997;536845928566691179;887;446;241
2021-11-13T11:57:04.017;536845928586381106;879;428;239
2021-11-13T11:57:04.036;536845928606071033;861;434;252
2021-11-13T11:57:04.056;536845928625760960;820;436;254
2021-11-13T11:57:04.076;536845928645450887;791;420;255
2021-11-13T11:57:04.095;536845928665140814;789;411;238
2021-11-13T11:57:04.115;536845928684830741;783;400;213
2021-11-13T11:57:04.135;536845928704520668;759;408;223
2021-11-13T11:57:04.154;536845928724210595;786;423;228
2021-11-13T11:57:04.174;536845928743900522;847;406;237
2021-11-13T11:57:04.194;536845928763590449;888;410;265
2021-11-13T11:57:04.214;536845928783280376;922;447;313
2021-11-13T11:57:04.233;536845928802970303;900;477;363
2021-11-13T11:57:04.253;536845928822660230;886;495;390
2021-11-13T11:57:04.273;536845928842350157;875;525;408
2021-11-13T11:57:04.292;536845928862040084;838;537;392
2021-11-13T11:57:04.312;536845928881730011;808;520;367
2021-11-13T11:57:04.332;536845928901419938;850;502;347
2021-11-13T11:57:04.351;536845928921109865;885;492;324
2021-11-13T11:57:04.371;536845928940799792;889;497;311
2021-11-13T11:57:04.391;536845928960505770;886;491;303
2021-11-13T11:57:04.410;536845928980211716;873;486;298
2021-11-13T11:57:04.430;536845928999917662;821;483;305
2021-11-13T11:57:04.450;536845929019623608;814;486;317
2021-11-13T11:57:04.470;536845929039329554;814;487;324
2021-11-13T11:57:04.489;536845929059035500;811;482;333
2021-11-13T11:57:04.509;536845929078741446;837;471;329
2021-11-13T11:57:04.529;536845929098447392;859;451;325
2021-11-13T11:57:04.548;536845929118153338;824;461;331
2021-11-13T11:57:04.568;536845929137859284;818;475;344
2021-11-13T11:57:04.588;536845929157565230;857;468;340
2021-11-13T11:57:04.608;536845929177271176;842;429;316
2021-11-13T11:57:04.627;536845929196977122;822;411;301
2021-11-13T11:57:04.647;536845929216683068;834;421;300
2021-11-13T11:57:04.667;536845929236389014;853;422;313
2021-11-13T11:57:04.686;536845929256094960;876;397;335
2021-11-13T11:57:04.706;536845929275800906;880;413;348
2021-11-13T11:57:04.726;536845929295506852;874;433;364
2021-11-13T11:57:04.745;536845929315212798;890;436;374
2021-11-13T11:57:04.765;536845929334918744;895;464;380
2021-11-13T11:57:04.785;536845929354624690;901;476;376
2021-11-13T11:57:04.805;536845929374330636;894;465;374
2021-11-13T11:57:04.824;536845929394036582;882;454;372
2021-11-13T11:57:04.844;536845929413742528;880;456;369
2021-11-13T11:57:04.864;536845929433448474;882;454;360
2021-11-13T11:57:04.883;536845929453154420;869;445;363
2021-11-13T11:57:04.903;536845929472860366;824;450;370
2021-11-13T11:57:04.923;536845929492566312;804;441;377
2021-11-13T11:57:04.943;536845929512272258;804;399;381
2021-11-13T11:57:04.962;536845929531978204;778;363;386
2021-11-13T11:57:04.982;536845929551684150;752;321;376
2021-11-13T11:57:05.002;536845929571390096;740;289;411
2021-11-13T11:57:05.021;536845929591096042;754;263;440
2021-11-13T11:57:05.041;536845929610801988;797;243;451
2021-11-13T11:57:05.061;536845929630507934;835;252;440
2021-11-13T11:57:05.080;536845929650213880;901;288;430
2021-11-13T11:57:05.100;536845929669908188;984;365;426
2021-11-13T11:57:05.120;536845929689602484;991;448;419
2021-11-13T11:57:05.140;536845929709296780;972;499;389
2021-11-13T11:57:05.159;536845929728991076;928;533;392
2021-11-13T11:57:05.179;536845929748685372;896;547;387
2021-11-13T11:57:05.199;536845929768379668;819;508;390
2021-11-13T11:57:05.218;536845929788073964;786;473;388
2021-11-13T11:57:05.238;536845929807768260;775;438;395
2021-11-13T11:57:05.258;536845929827462556;827;429;417
2021-11-13T11:57:05.277;536845929847156852;946;475;463
2021-11-13T11:57:05.297;536845929866851148;1073;504;501
2021-11-13T11:57:05.317;536845929886545444;1182;550;580
2021-11-13T11:57:05.337;536845929906239740;1209;605;622
2021-11-13T11:57:05.356;536845929925934036;1226;679;660
2021-11-13T11:57:05.376;536845929945628332;1222;748;643
2021-11-13T11:57:05.396;536845929965322628;1156;769;620
2021-11-13T11:57:05.415;536845929985016924;1114;794;565
2021-11-13T11:57:05.435;536845930004711220;1036;766;489
2021-11-13T11:57:05.455;536845930024405516;990;711;404
2021-11-13T11:57:05.474;536845930044099812;943;622;331
2021-11-13T11:57:05.494;536845930063794108;888;526;284
2021-11-13T11:57:05.514;536845930083488404;845;478;268
2021-11-13T11:57:05.533;536845930103182700;791;437;261
2021-11-13T11:57:05.553;536845930122876996;764;391;267
2021-11-13T11:57:05.573;536845930142571292;744;363;282
2021-11-13T11:57:05.593;536845930162265588;753;310;315
2021-11-13T11:57:05.612;536845930181959884;758;270;333
2021-11-13T11:57:05.632;536845930201654180;751;268;362
2021-11-13T11:57:05.652;536845930221348476;760;282;382
2021-11-13T11:57:05.671;536845930241042772;783;295;384
2021-11-13T11:57:05.691;536845930260737068;859;324;395
2021-11-13T11:57:05.711;536845930280431364;893;368;400
2021-11-13T11:57:05.730;536845930300125660;933;382;407
2021-11-13T11:57:05.750;536845930319819956;927;397;402
2021-11-13T11:57:05.770;536845930339514252;904;400;387
2021-11-13T11:57:05.789;536845930359208548;905;420;383
2021-11-13T11:57:05.809;536845930378902852;884;422;364
2021-11-13T11:57:05.829;536845930398597148;854;407;362
2021-11-13T11:57:05.849;536845930418291444;851;392;329
2021-11-13T11:57:05.868;536845930437985740;793;389;302
2021-11-13T11:57:05.888;536845930457680036;768;408;270
2021-11-13T11:57:05.908;536845930477374332;770;415;249
2021-11-13T11:57:05.927;536845930497068628;775;424;226
2021-11-13T11:57:05.947;536845930516762924;759;440;184
2021-11-13T11:57:05.967;536845930536457220;708;458;137
2021-11-13T11:57:05.986;536845930556151516;656;444;100
2021-11-13T11:57:06.006;536845930575845812;624;412;73
2021-11-13T11:57:06.026;536845930595540108;620;380;65
2021-11-13T11:57:06.046;536845930615234404;618;371;74
2021-11-13T11:57:06.065;536845930634928700;697;378;95
2021-11-13T11:57:06.085;536845930654622996;743;408;109
2021-11-13T11:57:06.105;536845930674317292;777;419;123
2021-11-13T11:57:06.124;536845930694011588;796;418;158
2021-11-13T11:57:06.144;536845930713705884;780;422;190
2021-11-13T11:57:06.164;536845930733400180;748;438;209
2021-11-13T11:57:06.183;536845930753094476;702;435;226
2021-11-13T11:57:06.203;536845930772788772;654;401;237
2021-11-13T11:57:06.223;536845930792483068;623;376;246
2021-11-13T11:57:06.242;536845930812177364;622;347;240
2021-11-13T11:57:06.262;536845930831871660;606;317;245
2021-11-13T11:57:06.282;536845930851565956;603;293;241
2021-11-13T11:57:06.302;536845930871260252;559;262;233
2021-11-13T11:57:06.321;536845930890954548;556;251;223
2021-11-13T11:57:06.341;536845930910648844;613;279;217
2021-11-13T11:57:06.361;536845930930343140;655;328;213
2021-11-13T11:57:06.380;536845930950037436;688;361;228
2021-11-13T11:57:06.400;536845930969731732;763;393;230
2021-11-13T11:57:06.420;536845930989426028;816;459;221
2021-11-13T11:57:06.439;536845931009120324;815;495;223
2021-11-13T11:57:06.459;536845931028814620;892;554;229
2021-11-13T11:57:06.479;536845931048508916;967;600;231
2021-11-13T11:57:06.498;536845931068203212;978;606;238
2021-11-13T11:57:06.518;536845931087891710;992;619;232
2021-11-13T11:57:06.538;536845931107580180;977;664;240
2021-11-13T11:57:06.558;536845931127268650;907;653;237
2021-11-13T11:57:06.577;536845931146957120;884;592;227
2021-11-13T11:57:06.597;536845931166645590;869;524;207
2021-11-13T11:57:06.617;536845931186334060;825;485;196
2021-11-13T11:57:06.636;536845931206022530;792;480;194
2021-11-13T11:57:06.656;536845931225711000;775;473;205
2021-11-13T11:57:06.676;536845931245399470;763;444;210
2021-11-13T11:57:06.695;536845931265087940;731;394;207
2021-11-13T11:57:06.715;536845931284776410;716;388;209
2021-11-13T11:57:06.735;536845931304464880;737;409;212
2021-11-13T11:57:06.754;536845931324153350;753;426;224
2021-11-13T11:57:06.774;536845931343841820;751;409;236
2021-11-13T11:57:06.794;536845931363530290;754;377;267
2021-11-13T11:57:06.813;536845931383218760;754;401;299
2021-11-13T11:57:06.833;536845931402907230;739;476;344
2021-11-13T11:57:06.853;536845931422595700;765;483;357
2021-11-13T11:57:06.873;536845931442284170;774;482;380
2021-11-13T11:57:06.892;536845931461972640;800;479;406
2021-11-13T11:57:06.912;536845931481661110;853;470;435
2021-11-13T11:57:06.932;536845931501349580;875;479;441
2021-11-13T11:57:06.951;536845931521038050;889;489;421
2021-11-13T11:57:06.971;536845931540726520;898;491;397
2021-11-13T11:57:06.991;536845931560414990;904;490;405
2021-11-13T11:57:07.010;536845931580103460;900;493;422
2021-11-13T11:57:07.030;536845931599791930;895;505;435
2021-11-13T11:57:07.050;536845931619480400;884;531;425
2021-11-13T11:57:07.069;536845931639168870;866;520;426
2021-11-13T11:57:07.089;536845931658857340;840;493;426
2021-11-13T11:57:07.109;536845931678545810;812;480;432
2021-11-13T11:57:07.129;536845931698234280;840;455;423
2021-11-13T11:57:07.148;536845931717922750;876;435;405
2021-11-13T11:57:07.168;536845931737611220;858;426;398
2021-11-13T11:57:07.188;536845931757299690;815;438;395
2021-11-13T11:57:07.207;536845931776988160;805;440;382
2021-11-13T11:57:07.227;536845931796691202;807;411;374
2021-11-13T11:57:07.247;536845931816394236;796;389;377
2021-11-13T11:57:07.266;536845931836097270;797;395;394
2021-11-13T11:57:07.286;536845931855800304;822;405;402
2021-11-13T11:57:07.306;536845931875503338;815;382;414
2021-11-13T11:57:07.325;536845931895206372;812;380;426
2021-11-13T11:57:07.345;536845931914909406;824;389;435
2021-11-13T11:57:07.365;536845931934612440;844;392;427
2021-11-13T11:57:07.385;536845931954315474;859;406;427
2021-11-13T11:57:07.404;536845931974018508;867;433;424
2021-11-13T11:57:07.424;536845931993721542;854;450;414
2021-11-13T11:57:07.444;536845932013424576;861;448;425
2021-11-13T11:57:07.463;536845932033127610;856;430;441
2021-11-13T11:57:07.483;536845932052830644;842;431;454
2021-11-13T11:57:07.503;536845932072533678;809;429;444
2021-11-13T11:57:07.523;536845932092236712;784;421;447
2021-11-13T11:57:07.542;536845932111939746;766;413;439
2021-11-13T11:57:07.562;536845932131642780;779;392;441
2021-11-13T11:57:07.582;536845932151345814;782;374;435
2021-11-13T11:57:07.601;536845932171048848;781;352;424
2021-11-13T11:57:07.621;536845932190751882;771;346;423
2021-11-13T11:57:07.641;536845932210454916;765;372;442
2021-11-13T11:57:07.660;536845932230157950;767;386;458
2021-11-13T11:57:07.680;536845932249860984;800;400;469
2021-11-13T11:57:07.700;536845932269564018;806;407;472
2021-11-13T11:57:07.720;536845932289267052;822;397;480
2021-11-13T11:57:07.739;536845932308970086;833;386;487
2021-11-13T11:57:07.759;536845932328673120;824;388;500
2021-11-13T11:57:07.779;536845932348376154;840;400;531
2021-11-13T11:57:07.798;536845932368079188;855;412;545
2021-11-13T11:57:07.818;536845932387782222;856;413;555
2021-11-13T11:57:07.838;536845932407485256;862;404;563
2021-11-13T11:57:07.857;536845932427188290;884;393;569
2021-11-13T11:57:07.877;536845932446891324;883;375;566
2021-11-13T11:57:07.897;536845932466594358;876;358;565
2021-11-13T11:57:07.917;536845932486297392;847;333;565
2021-11-13T11:57:07.936;536845932505988791;812;300;543
2021-11-13T11:57:07.956;536845932525680174;794;285;523
2021-11-13T11:57:07.976;536845932545371557;762;270;499
2021-11-13T11:57:07.995;536845932565062940;719;260;476
2021-11-13T11:57:08.015;536845932584754323;628;237;435
2021-11-13T11:57:08.035;536845932604445706;576;231;393
2021-11-13T11:57:08.054;536845932624137089;589;235;364
2021-11-13T11:57:08.074;536845932643828472;617;272;302
2021-11-13T11:57:08.094;536845932663519855;652;337;278
2021-11-13T11:57:08.113;536845932683211238;748;399;279
2021-11-13T11:57:08.133;536845932702902621;855;469;327
2021-11-13T11:57:08.153;536845932722594004;998;506;385
2021-11-13T11:57:08.173;536845932742285387;1078;528;453
2021-11-13T11:57:08.192;536845932761976770;1151;553;512
2021-11-13T11:57:08.212;536845932781668153;1255;538;622
2021-11-13T11:57:08.232;536845932801359536;1301;493;754
2021-11-13T11:57:08.251;536845932821050919;1269;487;857
2021-11-13T11:57:08.271;536845932840742302;1236;556;928
2021-11-13T11:57:08.291;536845932860433685;1194;669;965
2021-11-13T11:57:08.310;536845932880125068;1115;756;936
2021-11-13T11:57:08.330;536845932899816451;1046;764;864
2021-11-13T11:57:08.350;536845932919507834;982;703;767
2021-11-13T11:57:08.369;536845932939199217;920;579;630
2021-11-13T11:57:08.389;536845932958890600;880;470;568
2021-11-13T11:57:08.409;536845932978581983;849;380;526
2021-11-13T11:57:08.429;536845932998273366;784;323;503
2021-11-13T11:57:08.448;536845933017964749;745;327;481
2021-11-13T11:57:08.468;536845933037656132;681;323;458
2021-11-13T11:57:08.488;536845933057347515;648;287;429
2021-11-13T11:57:08.507;536845933077038898;627;275;437
2021-11-13T11:57:08.527;536845933096730281;643;330;464
2021-11-13T11:57:08.547;536845933116421664;629;395;471
2021-11-13T11:57:08.566;536845933136113047;645;434;457
2021-11-13T11:57:08.586;536845933155804430;655;433;439
2021-11-13T11:57:08.606;536845933175495813;704;394;404
2021-11-13T11:57:08.625;536845933195187196;781;374;404
2021-11-13T11:57:08.645;536845933214885869;864;399;383
2021-11-13T11:57:08.665;536845933234584534;828;420;358
2021-11-13T11:57:08.685;536845933254283199;872;450;363
2021-11-13T11:57:08.704;536845933273981864;825;469;377
2021-11-13T11:57:08.724;536845933293680529;774;465;371
2021-11-13T11:57:08.744;536845933313379194;720;440;362
2021-11-13T11:57:08.763;536845933333077859;703;394;341
2021-11-13T11:57:08.783;536845933352776524;700;376;361
2021-11-13T11:57:08.803;536845933372475189;752;374;374
2021-11-13T11:57:08.822;536845933392173854;754;384;388
2021-11-13T11:57:08.842;536845933411872519;769;404;400
2021-11-13T11:57:08.862;536845933431571184;743;436;417
2021-11-13T11:57:08.882;536845933451269849;706;448;395
2021-11-13T11:57:08.901;536845933470968514;670;430;367
2021-11-13T11:57:08.921;536845933490667179;656;421;342
2021-11-13T11:57:08.941;536845933510365844;681;436;336
2021-11-13T11:57:08.960;536845933530064509;739;450;316
2021-11-13T11:57:08.980;536845933549763174;759;455;284
2021-11-13T11:57:09.000;536845933569461839;739;462;252
2021-11-13T11:57:09.019;536845933589160504;667;468;251
2021-11-13T11:57:09.039;536845933608859169;669;486;287
2021-11-13T11:57:09.059;536845933628557834;667;501;296
2021-11-13T11:57:09.079;536845933648256499;682;504;268
2021-11-13T11:57:09.098;536845933667955164;748;524;312
2021-11-13T11:57:09.118;536845933687653829;753;574;320
2021-11-13T11:57:09.138;536845933707352494;679;594;339
2021-11-13T11:57:09.157;536845933727051159;623;577;327
2021-11-13T11:57:09.177;536845933746749824;614;589;335
2021-11-13T11:57:09.197;536845933766448489;563;570;291
2021-11-13T11:57:09.216;536845933786147154;495;505;235
2021-11-13T11:57:09.236;536845933805845819;477;436;175
2021-11-13T11:57:09.256;536845933825544484;476;362;110
2021-11-13T11:57:09.276;536845933845243149;473;292;87
2021-11-13T11:57:09.295;536845933864941814;483;271;101
2021-11-13T11:57:09.315;536845933884640479;494;260;121
2021-11-13T11:57:09.335;536845933904339144;515;254;123
2021-11-13T11:57:09.354;536845933924036353;550;277;165
2021-11-13T11:57:09.374;536845933943733562;591;355;189
2021-11-13T11:57:09.394;536845933963430771;654;419;223
2021-11-13T11:57:09.413;536845933983127980;741;480;245
2021-11-13T11:57:09.433;536845934002825189;791;533;252
2021-11-13T11:57:09.453;536845934022522398;841;584;245
2021-11-13T11:57:09.472;536845934042219607;875;607;245
2021-11-13T11:57:09.492;536845934061916816;924;621;244
2021-11-13T11:57:09.512;536845934081614025;929;625;246
2021-11-13T11:57:09.532;536845934101311234;894;645;248
2021-11-13T11:57:09.551;536845934121008443;908;658;242
2021-11-13T11:57:09.571;536845934140705652;884;621;229
2021-11-13T11:57:09.591;536845934160402861;826;616;228
2021-11-13T11:57:09.610;536845934180100070;823;613;221
2021-11-13T11:57:09.630;536845934199797279;798;576;225
2021-11-13T11:57:09.650;536845934219494488;788;538;221
2021-11-13T11:57:09.669;536845934239191697;792;519;237
2021-11-13T11:57:09.689;536845934258888906;782;520;248
2021-11-13T11:57:09.709;536845934278586115;771;504;266
2021-11-13T11:57:09.729;536845934298283324;774;506;296
2021-11-13T11:57:09.748;536845934317980533;773;531;320
2021-11-13T11:57:09.768;536845934337677742;781;553;338
2021-11-13T11:57:09.788;536845934357374951;793;598;324
2021-11-13T11:57:09.807;536845934377072160;825;608;298
2021-11-13T11:57:09.827;536845934396769369;851;602;272
2021-11-13T11:57:09.847;536845934416466578;844;598;262
2021-11-13T11:57:09.866;536845934436163787;854;571;255
2021-11-13T11:57:09.886;536845934455860996;803;523;243
2021-11-13T11:57:09.906;536845934475558205;779;498;244
2021-11-13T11:57:09.926;536845934495255414;764;496;244
2021-11-13T11:57:09.945;536845934514952623;753;503;252
2021-11-13T11:57:09.965;536845934534649832;728;492;268
2021-11-13T11:57:09.985;536845934554347041;705;494;278
2021-11-13T11:57:10.004;536845934574044250;711;500;283
2021-11-13T11:57:10.024;536845934593741459;727;525;285
2021-11-13T11:57:10.044;536845934613438668;758;576;302
2021-11-13T11:57:10.063;536845934633132968;783;603;318
2021-11-13T11:57:10.083;536845934652827264;822;604;361
2021-11-13T11:57:10.103;536845934672521560;855;618;389
2021-11-13T11:57:10.122;536845934692215856;884;633;384
2021-11-13T11:57:10.142;536845934711910152;884;615;376
2021-11-13T11:57:10.162;536845934731604448;880;607;348
2021-11-13T11:57:10.182;536845934751298744;867;582;325
2021-11-13T11:57:10.201;536845934770993040;835;552;291
2021-11-13T11:57:10.221;536845934790687336;809;522;271
2021-11-13T11:57:10.241;536845934810381632;800;490;257
2021-11-13T11:57:10.260;536845934830075928;776;486;250
2021-11-13T11:57:10.280;536845934849770224;783;493;267
2021-11-13T11:57:10.300;536845934869464520;843;519;290
2021-11-13T11:57:10.319;536845934889158816;896;566;336
2021-11-13T11:57:10.339;536845934908853112;969;607;363
2021-11-13T11:57:10.359;536845934928547408;1065;652;393
2021-11-13T11:57:10.379;536845934948241704;1116;757;428
2021-11-13T11:57:10.398;536845934967936000;1147;852;464
2021-11-13T11:57:10.418;536845934987630296;1174;930;474
2021-11-13T11:57:10.438;536845935007324592;1142;957;469
2021-11-13T11:57:10.457;536845935027018888;1121;935;418
2021-11-13T11:57:10.477;536845935046713184;1113;895;362
2021-11-13T11:57:10.497;536845935066407480;1048;854;297
2021-11-13T11:57:10.516;536845935086101776;967;798;242
2021-11-13T11:57:10.536;536845935105796072;887;738;191
2021-11-13T11:57:10.556;536845935125490368;794;643;134
2021-11-13T11:57:10.575;536845935145184664;734;562;122
2021-11-13T11:57:10.595;536845935164878960;726;522;149
2021-11-13T11:57:10.615;536845935184573256;694;503;184
2021-11-13T11:57:10.635;536845935204267552;696;485;194
2021-11-13T11:57:10.654;536845935223961848;686;469;217
2021-11-13T11:57:10.674;536845935243656144;645;440;233
2021-11-13T11:57:10.694;536845935263350440;637;402;241
2021-11-13T11:57:10.713;536845935283044736;698;392;246
2021-11-13T11:57:10.733;536845935302739032;722;411;253
2021-11-13T11:57:10.753;536845935322433328;789;435;279
2021-11-13T11:57:10.772;536845935342127632;803;479;292
2021-11-13T11:57:10.792;536845935361821928;834;499;290
2021-11-13T11:57:10.812;536845935381516224;809;520;253
2021-11-13T11:57:10.831;536845935401210520;787;533;222
2021-11-13T11:57:10.851;536845935420904816;749;548;201
2021-11-13T11:57:10.871;536845935440599112;753;548;208
2021-11-13T11:57:10.891;536845935460293408;760;549;190
2021-11-13T11:57:10.910;536845935479987704;763;544;131
2021-11-13T11:57:10.930;536845935499682000;734;550;89
2021-11-13T11:57:10.950;536845935519376296;632;566;71
2021-11-13T11:57:10.969;536845935539070592;608;581;42
2021-11-13T11:57:10.989;536845935558764888;577;572;21
2021-11-13T11:57:11.009;536845935578459184;583;579;10
2021-11-13T11:57:11.028;536845935598153480;624;606;20
2021-11-13T11:57:11.048;536845935617847776;664;657;25
2021-11-13T11:57:11.068;536845935637542072;702;700;28
2021-11-13T11:57:11.088;536845935657236368;724;687;40
2021-11-13T11:57:11.107;536845935676930664;743;654;77
2021-11-13T11:57:11.127;536845935696624960;688;613;97
2021-11-13T11:57:11.147;536845935716319256;680;599;142
2021-11-13T11:57:11.166;536845935736013552;638;580;156
2021-11-13T11:57:11.186;536845935755707848;627;524;128
2021-11-13T11:57:11.206;536845935775402144;624;478;165
2021-11-13T11:57:11.225;536845935795096440;600;455;209
2021-11-13T11:57:11.245;536845935814790736;567;428;203
2021-11-13T11:57:11.265;536845935834485032;555;389;171
2021-11-13T11:57:11.284;536845935854179328;534;375;140
2021-11-13T11:57:11.304;536845935873873624;541;391;131
2021-11-13T11:57:11.324;536845935893567920;604;446;137
2021-11-13T11:57:11.344;536845935913262216;687;463;140
2021-11-13T11:57:11.363;536845935932956512;751;448;156
2021-11-13T11:57:11.383;536845935952650808;765;474;182
2021-11-13T11:57:11.403;536845935972345104;777;517;207
2021-11-13T11:57:11.422;536845935992039400;777;564;213
2021-11-13T11:57:11.442;536845936011733696;766;574;195
2021-11-13T11:57:11.462;536845936031427992;769;597;177
2021-11-13T11:57:11.481;536845936051122292;765;610;164
2021-11-13T11:57:11.501;536845936070816588;754;625;163
2021-11-13T11:57:11.521;536845936090510884;781;629;135
2021-11-13T11:57:11.540;536845936110205180;802;628;100
2021-11-13T11:57:11.560;536845936129899476;769;621;60
2021-11-13T11:57:11.580;536845936149593772;764;638;34
2021-11-13T11:57:11.600;536845936169288068;761;651;20
2021-11-13T11:57:11.619;536845936188982364;749;653;14
2021-11-13T11:57:11.639;536845936208676660;732;631;15
2021-11-13T11:57:11.659;536845936228370956;718;609;34
2021-11-13T11:57:11.678;536845936248065252;695;608;50
2021-11-13T11:57:11.698;536845936267759548;699;627;82
2021-11-13T11:57:11.718;536845936287453844;715;624;121
2021-11-13T11:57:11.737;536845936307148140;740;621;145
2021-11-13T11:57:11.757;536845936326842436;760;630;166
2021-11-13T11:57:11.777;536845936346536732;771;651;162
2021-11-13T11:57:11.797;536845936366231028;766;666;164
2021-11-13T11:57:11.816;536845936385925324;773;676;177
2021-11-13T11:57:11.836;536845936405619620;794;683;182
2021-11-13T11:57:11.856;536845936425313916;796;661;174
2021-11-13T11:57:11.875;536845936445008212;793;627;176
2021-11-13T11:57:11.895;536845936464702508;775;639;185
2021-11-13T11:57:11.915;536845936484396804;765;661;200
2021-11-13T11:57:11.934;536845936504091100;768;654;207
2021-11-13T11:57:11.954;536845936523785396;762;639;213
2021-11-13T11:57:11.974;536845936543479692;756;636;211
2021-11-13T11:57:11.993;536845936563173988;758;633;184
2021-11-13T11:57:12.013;536845936582868284;767;621;163
2021-11-13T11:57:12.033;536845936602562580;775;615;166
2021-11-13T11:57:12.053;536845936622256876;796;612;196
2021-11-13T11:57:12.072;536845936641951172;808;627;221
2021-11-13T11:57:12.092;536845936661645468;799;661;223
2021-11-13T11:57:12.112;536845936681339764;783;680;227
2021-11-13T11:57:12.131;536845936701034060;771;683;227
2021-11-13T11:57:12.151;536845936720728356;765;676;226
2021-11-13T11:57:12.171;536845936740422652;761;657;206
2021-11-13T11:57:12.190;536845936760124230;769;615;173
2021-11-13T11:57:12.210;536845936779825808;767;601;165
2021-11-13T11:57:12.230;536845936799527386;760;607;179
2021-11-13T11:57:12.250;536845936819228964;755;608;200
2021-11-13T11:57:12.269;536845936838930542;739;598;219
2021-11-13T11:57:12.289;536845936858632120;715;588;235
2021-11-13T11:57:12.309;536845936878333698;732;590;243
2021-11-13T11:57:12.328;536845936898035276;741;617;246
2021-11-13T11:57:12.348;536845936917736854;759;634;249
2021-11-13T11:57:12.368;536845936937438432;792;612;246
2021-11-13T11:57:12.387;536845936957140010;803;590;251
2021-11-13T11:57:12.407;536845936976841588;789;590;265
2021-11-13T11:57:12.427;536845936996543166;802;598;274
2021-11-13T11:57:12.447;536845937016244744;798;605;290
2021-11-13T11:57:12.466;536845937035946322;793;619;310
2021-11-13T11:57:12.486;536845937055647900;814;631;325
2021-11-13T11:57:12.506;536845937075349478;819;624;323
2021-11-13T11:57:12.525;536845937095051056;799;618;318
2021-11-13T11:57:12.545;536845937114752634;802;625;299
2021-11-13T11:57:12.565;536845937134454212;814;641;283
2021-11-13T11:57:12.584;536845937154155790;813;622;282
2021-11-13T11:57:12.604;536845937173857368;805;611;291
2021-11-13T11:57:12.624;536845937193558946;767;596;303
2021-11-13T11:57:12.644;536845937213260524;728;557;304
2021-11-13T11:57:12.663;536845937232962102;704;542;315
2021-11-13T11:57:12.683;536845937252663680;700;519;328
2021-11-13T11:57:12.703;536845937272365258;705;513;369
2021-11-13T11:57:12.722;536845937292066836;733;508;393
2021-11-13T11:57:12.742;536845937311768414;760;516;402
2021-11-13T11:57:12.762;536845937331469992;762;526;406
2021-11-13T11:57:12.781;536845937351171570;761;533;394
2021-11-13T11:57:12.801;536845937370873148;765;533;387
2021-11-13T11:57:12.821;536845937390574726;785;528;381
2021-11-13T11:57:12.841;536845937410276304;822;535;386
2021-11-13T11:57:12.860;536845937429977882;852;540;392
2021-11-13T11:57:12.880;536845937449679460;876;527;404
2021-11-13T11:57:12.900;536845937469367958;888;525;432
2021-11-13T11:57:12.919;536845937489056428;904;523;442
2021-11-13T11:57:12.939;536845937508744898;892;502;472
2021-11-13T11:57:12.959;536845937528433368;896;498;493
2021-11-13T11:57:12.978;536845937548121838;889;500;513
2021-11-13T11:57:12.998;536845937567810308;859;496;540
2021-11-13T11:57:13.018;536845937587498778;830;491;575
2021-11-13T11:57:13.037;536845937607187248;817;482;585
2021-11-13T11:57:13.057;536845937626875718;782;465;595
2021-11-13T11:57:13.077;536845937646564188;786;464;595
2021-11-13T11:57:13.097;536845937666252658;786;457;592
2021-11-13T11:57:13.116;536845937685941128;764;429;553
2021-11-13T11:57:13.136;536845937705629598;729;369;505
2021-11-13T11:57:13.156;536845937725318068;681;281;483
2021-11-13T11:57:13.175;536845937745006538;629;233;455
2021-11-13T11:57:13.195;536845937764695008;603;216;395
2021-11-13T11:57:13.215;536845937784383478;534;197;345
2021-11-13T11:57:13.234;536845937804071948;592;203;298
2021-11-13T11:57:13.254;536845937823760418;621;234;293
2021-11-13T11:57:13.274;536845937843448888;719;275;306
2021-11-13T11:57:13.293;536845937863137358;751;309;339
2021-11-13T11:57:13.313;536845937882825828;818;348;363
2021-11-13T11:57:13.333;536845937902514298;868;376;372
2021-11-13T11:57:13.352;536845937922202768;906;377;387
2021-11-13T11:57:13.372;536845937941891238;970;376;427
2021-11-13T11:57:13.392;536845937961579708;996;369;463
2021-11-13T11:57:13.412;536845937981268178;1049;354;516
2021-11-13T11:57:13.431;536845938000956648;1117;355;601
2021-11-13T11:57:13.451;536845938020645118;1157;372;679
2021-11-13T11:57:13.471;536845938040333588;1136;411;728
2021-11-13T11:57:13.490;536845938060022058;1122;459;735
2021-11-13T11:57:13.510;536845938079710528;1114;481;731
2021-11-13T11:57:13.530;536845938099398998;1052;482;694
2021-11-13T11:57:13.549;536845938119087468;991;477;665
2021-11-13T11:57:13.569;536845938138775938;901;447;629
2021-11-13T11:57:13.589;536845938158464408;812;400;608
2021-11-13T11:57:13.608;536845938178163077;776;352;625
2021-11-13T11:57:13.628;536845938197861742;765;277;625
2021-11-13T11:57:13.648;536845938217560407;762;239;622
2021-11-13T11:57:13.668;536845938237259072;760;213;635
2021-11-13T11:57:13.687;536845938256957737;760;183;647
2021-11-13T11:57:13.707;536845938276656402;750;184;669
2021-11-13T11:57:13.727;536845938296355067;727;211;666
2021-11-13T11:57:13.746;536845938316053732;751;221;607
2021-11-13T11:57:13.766;536845938335752397;780;225;540
2021-11-13T11:57:13.786;536845938355451062;805;229;488
2021-11-13T11:57:13.805;536845938375149727;829;228;451
2021-11-13T11:57:13.825;536845938394848392;854;231;417
2021-11-13T11:57:13.845;536845938414547057;863;254;388
2021-11-13T11:57:13.865;536845938434245722;877;280;380
2021-11-13T11:57:13.884;536845938453944387;909;303;363
2021-11-13T11:57:13.904;536845938473643052;892;333;371
2021-11-13T11:57:13.924;536845938493341717;895;355;385
2021-11-13T11:57:13.943;536845938513040382;880;379;423
2021-11-13T11:57:13.963;536845938532739047;876;406;452
2021-11-13T11:57:13.983;536845938552437712;873;443;476
2021-11-13T11:57:14.002;536845938572136377;854;457;490
2021-11-13T11:57:14.022;536845938591835042;849;458;532
2021-11-13T11:57:14.042;536845938611533707;862;468;556
2021-11-13T11:57:14.062;536845938631232372;810;449;566
2021-11-13T11:57:14.081;536845938650931037;817;435;563
2021-11-13T11:57:14.101;536845938670629702;795;413;533
2021-11-13T11:57:14.121;536845938690328367;786;395;506
2021-11-13T11:57:14.140;536845938710027032;782;382;489
2021-11-13T11:57:14.160;536845938729725697;776;381;462
2021-11-13T11:57:14.180;536845938749424362;774;378;433
2021-11-13T11:57:14.199;536845938769123027;762;364;394
2021-11-13T11:57:14.219;536845938788821692;762;349;358
2021-11-13T11:57:14.239;536845938808520357;753;312;327
2021-11-13T11:57:14.258;536845938828219022;744;314;287
2021-11-13T11:57:14.278;536845938847917687;727;312;290
2021-11-13T11:57:14.298;536845938867616352;747;321;280
2021-11-13T11:57:14.318;536845938887319402;754;327;292
2021-11-13T11:57:14.337;536845938907022436;788;349;291
2021-11-13T11:57:14.357;536845938926725470;789;385;269
2021-11-13T11:57:14.377;536845938946428504;770;411;253
2021-11-13T11:57:14.396;536845938966131538;775;410;256
2021-11-13T11:57:14.416;536845938985834572;791;425;255
2021-11-13T11:57:14.436;536845939005537606;783;440;273
2021-11-13T11:57:14.456;536845939025240640;843;471;304
2021-11-13T11:57:14.475;536845939044943674;886;480;316
2021-11-13T11:57:14.495;536845939064646708;824;466;293
2021-11-13T11:57:14.515;536845939084349742;805;438;278
2021-11-13T11:57:14.534;536845939104052776;765;429;245
2021-11-13T11:57:14.554;536845939123755810;685;427;216
2021-11-13T11:57:14.574;536845939143458844;617;437;227
2021-11-13T11:57:14.593;536845939163161878;600;473;242
2021-11-13T11:57:14.613;536845939182864912;634;479;247
2021-11-13T11:57:14.633;536845939202567946;658;468;232
2021-11-13T11:57:14.653;536845939222270980;649;449;222
2021-11-13T11:57:14.672;536845939241974014;621;470;231
2021-11-13T11:57:14.692;536845939261677048;600;478;240
2021-11-13T11:57:14.712;536845939281380082;583;444;233
2021-11-13T11:57:14.731;536845939301083116;566;386;197
2021-11-13T11:57:14.751;536845939320786150;536;325;188
2021-11-13T11:57:14.771;536845939340489184;513;292;166
2021-11-13T11:57:14.790;536845939360192218;478;285;149
2021-11-13T11:57:14.810;536845939379895252;441;273;131
2021-11-13T11:57:14.830;536845939399598286;436;259;113
2021-11-13T11:57:14.850;536845939419301320;451;271;92
2021-11-13T11:57:14.869;536845939439004354;480;325;88
2021-11-13T11:57:14.889;536845939458707388;491;398;95
2021-11-13T11:57:14.909;536845939478410422;473;484;98
2021-11-13T11:57:14.928;536845939498113456;450;571;96
2021-11-13T11:57:14.948;536845939517816490;445;639;109
2021-11-13T11:57:14.968;536845939537519524;475;689;88
2021-11-13T11:57:14.987;536845939557222558;548;742;39
2021-11-13T11:57:15.007;536845939576925592;610;793;-13
2021-11-13T11:57:15.027;536845939596627203;624;827;-69
2021-11-13T11:57:15.047;536845939616328780;606;876;-79
2021-11-13T11:57:15.066;536845939636030357;669;891;-114
2021-11-13T11:57:15.086;536845939655731934;832;883;-175
2021-11-13T11:57:15.106;536845939675433511;896;896;-180
2021-11-13T11:57:15.125;536845939695135088;832;942;-138
2021-11-13T11:57:15.145;536845939714836665;799;960;-105
2021-11-13T11:57:15.165;536845939734538242;752;937;-51
2021-11-13T11:57:15.185;536845939754239819;583;938;-24
2021-11-13T11:57:15.204;536845939773941396;495;969;-35
2021-11-13T11:57:15.224;536845939793642973;517;947;-45
2021-11-13T11:57:15.244;536845939813344550;577;912;-92
2021-11-13T11:57:15.263;536845939833046127;592;896;-90
2021-11-13T11:57:15.283;536845939852747704;578;886;-72
2021-11-13T11:57:15.303;536845939872449281;553;903;-70
2021-11-13T11:57:15.322;536845939892150858;550;952;-71
2021-11-13T11:57:15.342;536845939911852435;584;958;-95
2021-11-13T11:57:15.362;536845939931554012;591;936;-106
2021-11-13T11:57:15.382;536845939951255589;543;884;-101
2021-11-13T11:57:15.401;536845939970957166;498;895;-86
2021-11-13T11:57:15.421;536845939990658743;499;939;-97
2021-11-13T11:57:15.441;536845940010360320;500;931;-114
2021-11-13T11:57:15.460;536845940030061897;487;944;-116
2021-11-13T11:57:15.480;536845940049763474;445;964;-112
2021-11-13T11:57:15.500;536845940069465051;411;982;-103
2021-11-13T11:57:15.519;536845940089166628;385;974;-104
2021-11-13T11:57:15.539;536845940108868205;339;977;-118
2021-11-13T11:57:15.559;536845940128569782;308;984;-154
2021-11-13T11:57:15.579;536845940148271359;317;949;-171
2021-11-13T11:57:15.598;536845940167972936;333;904;-185
2021-11-13T11:57:15.618;536845940187674513;331;887;-173
2021-11-13T11:57:15.638;536845940207376090;306;898;-175
2021-11-13T11:57:15.657;536845940227077667;271;928;-172
2021-11-13T11:57:15.677;536845940246779244;266;959;-169
2021-11-13T11:57:15.697;536845940266480821;265;977;-189
2021-11-13T11:57:15.716;536845940286182398;285;963;-192
