Phone timestamp;sensor timestamp [ns];X [mg];Y [mg];Z [mg]
2021-11-13T12:00:39.589;536846041506261585;-9;939;211
2021-11-13T12:00:39.608;536846041526018504;-180;768;143
2021-11-13T12:00:39.628;536846041545775423;-13;1160;89
2021-11-13T12:00:39.648;536846041565532342;-57;891;56
2021-11-13T12:00:39.668;536846041585289261;0;960;12
2021-11-13T12:00:39.687;536846041605046180;-48;834;-1
2021-11-13T12:00:39.707;536846041624803099;-134;1152;-199
2021-11-13T12:00:39.727;536846041644560018;78;900;23
2021-11-13T12:00:39.747;536846041664316937;-63;899;-71
2021-11-13T12:00:39.766;536846041684073856;-35;1293;-26
2021-11-13T12:00:39.786;536846041703830775;-250;888;50
2021-11-13T12:00:39.806;536846041723587694;103;877;49
2021-11-13T12:00:39.826;536846041743344613;-25;1064;14
2021-11-13T12:00:39.845;536846041763101532;-74;937;68
2021-11-13T12:00:39.865;536846041782858451;-101;1078;18
2021-11-13T12:00:39.885;536846041802615370;28;1026;232
2021-11-13T12:00:39.905;536846041822372289;-224;960;-18
2021-11-13T12:00:39.924;536846041842129208;-53;992;58
2021-11-13T12:00:39.944;536846041861886127;-105;1025;-14
2021-11-13T12:00:39.964;536846041881643046;-134;985;-83
2021-11-13T12:00:39.984;536846041901399965;-80;1018;-46
2021-11-13T12:00:40.003;536846041921156884;-168;966;-96
2021-11-13T12:00:40.023;536846041940913803;-12;1000;-101
2021-11-13T12:00:40.043;536846041960670722;-146;848;-92
2021-11-13T12:00:40.063;536846041980427641;-124;1091;-44
2021-11-13T12:00:40.082;536846042000184560;3;991;38
2021-11-13T12:00:40.102;536846042019941479;-173;1000;-69
2021-11-13T12:00:40.122;536846042039698398;-184;917;49
2021-11-13T12:00:40.142;536846042059455317;-129;1055;30
2021-11-13T12:00:40.161;536846042079212236;-88;956;42
2021-11-13T12:00:40.181;536846042098969155;-173;1031;-131
2021-11-13T12:00:40.201;536846042118726074;-65;1009;-142
2021-11-13T12:00:40.221;536846042138482993;-85;949;-122
2021-11-13T12:00:40.240;536846042158239912;-144;980;-175
2021-11-13T12:00:40.260;536846042177996831;-87;1000;-67
2021-11-13T12:00:40.280;536846042197753750;-138;931;27
2021-11-13T12:00:40.300;536846042217510689;-170;1042;13
2021-11-13T12:00:40.320;536846042237267608;-159;948;-35
2021-11-13T12:00:40.339;536846042257024527;-37;1038;-81
2021-11-13T12:00:40.359;536846042276781446;-79;996;-89
2021-11-13T12:00:40.379;536846042296538365;-111;968;-53
2021-11-13T12:00:40.399;536846042316295284;-109;962;-30
2021-11-13T12:00:40.418;536846042336052203;-22;1010;-20
2021-11-13T12:00:40.438;536846042355809122;-158;929;-25
2021-11-13T12:00:40.458;536846042375566041;-116;1030;-10
2021-11-13T12:00:40.478;536846042395322960;-125;1008;-108
2021-11-13T12:00:40.497;536846042415079879;-45;950;-94
2021-11-13T12:00:40.517;536846042434836798;-47;1031;-73
2021-11-13T12:00:40.537;536846042454593717;-58;933;-37
2021-11-13T12:00:40.557;536846042474350636;-102;914;4
2021-11-13T12:00:40.576;536846042494107555;-151;1091;-76
2021-11-13T12:00:40.596;536846042513864474;-111;1019;-59
2021-11-13T12:00:40.616;536846042533621393;-51;932;-29
2021-11-13T12:00:40.636;536846042553378312;-30;939;-55
2021-11-13T12:00:40.655;536846042573135231;-60;1048;-32
2021-11-13T12:00:40.675;536846042592892150;-124;1035;25
2021-11-13T12:00:40.695;536846042612649069;-161;928;66
2021-11-13T12:00:40.715;536846042632405988;-16;966;22
2021-11-13T12:00:40.734;536846042652162907;-10;1013;-19
2021-11-13T12:00:40.754;536846042671919826;-122;957;-147
2021-11-13T12:00:40.774;536846042691676745;19;1033;-129
2021-11-13T12:00:40.794;536846042711433664;-7;977;71
2021-11-13T12:00:40.813;536846042731190583;-117;1005;78
2021-11-13T12:00:40.833;536846042750947502;-58;991;18
2021-11-13T12:00:40.853;536846042770704421;12;968;40
2021-11-13T12:00:40.873;536846042790461340;-21;981;28
2021-11-13T12:00:40.892;536846042810218259;56;1035;-37
2021-11-13T12:00:40.912;536846042829975178;-32;967;-62
2021-11-13T12:00:40.932;536846042849732097;-1;1003;-6
2021-11-13T12:00:40.952;536846042869489016;-60;926;60
2021-11-13T12:00:40.971;536846042889245935;-44;986;58
2021-11-13T12:00:40.991;536846042909002854;48;996;21
2021-11-13T12:00:41.011;536846042928758350;10;990;-7
2021-11-13T12:00:41.031;536846042948513812;85;1049;-15
2021-11-13T12:00:41.051;536846042968269274;-4;920;16
2021-11-13T12:00:41.070;536846042988024736;20;980;124
2021-11-13T12:00:41.090;536846043007780198;-26;1020;70
2021-11-13T12:00:41.110;536846043027535660;10;990;62
2021-11-13T12:00:41.130;536846043047291122;52;987;24
2021-11-13T12:00:41.149;536846043067046584;30;1007;10
2021-11-13T12:00:41.169;536846043086802046;69;935;67
2021-11-13T12:00:41.189;536846043106557508;42;962;74
2021-11-13T12:00:41.209;536846043126312970;90;993;85
2021-11-13T12:00:41.228;536846043146068432;40;995;153
2021-11-13T12:00:41.248;536846043165823894;58;997;130
2021-11-13T12:00:41.268;536846043185579356;43;994;21
2021-11-13T12:00:41.288;536846043205334818;72;934;24
2021-11-13T12:00:41.307;536846043225090280;73;1037;21
2021-11-13T12:00:41.327;536846043244845742;41;915;84
2021-11-13T12:00:41.347;536846043264601204;72;996;118
2021-11-13T12:00:41.367;536846043284356666;52;971;103
2021-11-13T12:00:41.386;536846043304112128;72;993;103
2021-11-13T12:00:41.406;536846043323867590;93;983;92
2021-11-13T12:00:41.426;536846043343623052;83;974;78
2021-11-13T12:00:41.446;536846043363378514;97;956;109
2021-11-13T12:00:41.465;536846043383133976;84;967;143
2021-11-13T12:00:41.485;536846043402889438;65;1002;182
2021-11-13T12:00:41.505;536846043422644900;85;974;92
2021-11-13T12:00:41.525;536846043442400362;175;984;65
2021-11-13T12:00:41.544;536846043462155824;133;949;136
2021-11-13T12:00:41.564;536846043481911286;117;977;148
2021-11-13T12:00:41.584;536846043501666748;115;980;58
2021-11-13T12:00:41.604;536846043521422210;119;970;144
2021-11-13T12:00:41.623;536846043541177672;106;968;175
2021-11-13T12:00:41.643;536846043560933134;142;972;111
2021-11-13T12:00:41.663;536846043580688596;136;984;76
2021-11-13T12:00:41.683;536846043600444058;168;960;135
2021-11-13T12:00:41.702;536846043620199520;156;973;174
2021-11-13T12:00:41.722;536846043639947717;134;970;159
2021-11-13T12:00:41.742;536846043659695898;163;961;163
2021-11-13T12:00:41.762;536846043679444079;177;972;169
2021-11-13T12:00:41.781;536846043699192260;129;969;150
2021-11-13T12:00:41.801;536846043718940441;212;965;167
2021-11-13T12:00:41.821;536846043738688622;173;958;183
2021-11-13T12:00:41.841;536846043758436803;136;971;161
2021-11-13T12:00:41.860;536846043778184984;158;976;164
2021-11-13T12:00:41.880;536846043797933165;180;955;178
2021-11-13T12:00:41.900;536846043817681346;202;974;152
2021-11-13T12:00:41.920;536846043837429527;213;965;149
2021-11-13T12:00:41.939;536846043857177708;208;961;148
2021-11-13T12:00:41.959;536846043876925889;223;968;180
2021-11-13T12:00:41.979;536846043896674070;252;957;226
2021-11-13T12:00:41.999;536846043916422251;217;959;151
2021-11-13T12:00:42.018;536846043936170432;207;957;117
2021-11-13T12:00:42.038;536846043955918613;260;966;150
2021-11-13T12:00:42.058;536846043975666794;240;942;180
2021-11-13T12:00:42.078;536846043995414975;215;959;172
2021-11-13T12:00:42.097;536846044015163156;242;955;165
2021-11-13T12:00:42.117;536846044034911337;290;948;207
2021-11-13T12:00:42.137;536846044054659518;166;935;101
2021-11-13T12:00:42.157;536846044074407699;260;955;215
2021-11-13T12:00:42.176;536846044094155880;254;946;201
2021-11-13T12:00:42.196;536846044113904061;219;940;151
2021-11-13T12:00:42.216;536846044133652242;258;956;177
2021-11-13T12:00:42.236;536846044153400423;254;961;181
2021-11-13T12:00:42.255;536846044173148604;237;934;164
2021-11-13T12:00:42.275;536846044192896785;236;946;219
2021-11-13T12:00:42.295;536846044212644966;286;957;220
2021-11-13T12:00:42.315;536846044232393147;268;937;177
2021-11-13T12:00:42.334;536846044252141328;272;941;176
2021-11-13T12:00:42.354;536846044271889509;277;945;203
2021-11-13T12:00:42.374;536846044291637690;247;943;201
2021-11-13T12:00:42.394;536846044311385871;230;931;160
2021-11-13T12:00:42.413;536846044331134052;291;939;193
2021-11-13T12:00:42.433;536846044350892453;275;935;182
2021-11-13T12:00:42.453;536846044370650828;262;942;188
2021-11-13T12:00:42.473;536846044390409203;217;934;202
2021-11-13T12:00:42.492;536846044410167578;237;951;190
2021-11-13T12:00:42.512;536846044429925953;295;952;171
2021-11-13T12:00:42.532;536846044449684328;295;942;180
2021-11-13T12:00:42.552;536846044469442703;232;934;229
2021-11-13T12:00:42.571;536846044489201078;168;936;206
2021-11-13T12:00:42.591;536846044508959453;117;933;95
2021-11-13T12:00:42.611;536846044528717828;124;954;65
2021-11-13T12:00:42.631;536846044548476203;100;969;166
2021-11-13T12:00:42.650;536846044568234578;218;987;223
2021-11-13T12:00:42.670;536846044587992953;298;967;228
2021-11-13T12:00:42.690;536846044607751328;141;980;146
2021-11-13T12:00:42.710;536846044627509703;39;965;95
2021-11-13T12:00:42.730;536846044647268078;25;953;32
2021-11-13T12:00:42.749;536846044667026453;216;1018;141
2021-11-13T12:00:42.769;536846044686784828;175;1003;144
2021-11-13T12:00:42.789;536846044706543203;139;953;46
2021-11-13T12:00:42.809;536846044726301578;204;1013;175
2021-11-13T12:00:42.828;536846044746059953;103;959;154
2021-11-13T12:00:42.848;536846044765818328;115;1000;107
2021-11-13T12:00:42.868;536846044785576703;72;981;89
2021-11-13T12:00:42.888;536846044805335078;77;993;41
2021-11-13T12:00:42.907;536846044825093453;122;976;18
2021-11-13T12:00:42.927;536846044844851828;130;1002;-47
2021-11-13T12:00:42.947;536846044864610203;70;955;26
2021-11-13T12:00:42.967;536846044884368578;41;1008;3
2021-11-13T12:00:42.986;536846044904126953;47;992;-30
2021-11-13T12:00:43.006;536846044923885328;53;957;45
2021-11-13T12:00:43.026;536846044943643703;-17;1016;24
2021-11-13T12:00:43.046;536846044963402078;31;1008;145
2021-11-13T12:00:43.065;536846044983160453;-58;1023;170
2021-11-13T12:00:43.085;536846045002918828;-78;1031;152
2021-11-13T12:00:43.105;536846045022677203;-38;1012;2
2021-11-13T12:00:43.125;536846045042435578;62;959;-93
2021-11-13T12:00:43.144;536846045062186676;-15;950;17
2021-11-13T12:00:43.164;536846045081937770;-155;986;8
2021-11-13T12:00:43.184;536846045101688864;-59;1006;52
2021-11-13T12:00:43.204;536846045121439958;-50;988;-36
2021-11-13T12:00:43.223;536846045141191052;17;958;52
2021-11-13T12:00:43.243;536846045160942146;-123;1017;23
2021-11-13T12:00:43.263;536846045180693240;-71;981;187
2021-11-13T12:00:43.283;536846045200444334;-61;1017;44
2021-11-13T12:00:43.302;536846045220195428;36;979;-32
2021-11-13T12:00:43.322;536846045239946522;-59;967;-7
2021-11-13T12:00:43.342;536846045259697616;-178;965;26
2021-11-13T12:00:43.362;536846045279448710;-109;1046;91
2021-11-13T12:00:43.381;536846045299199804;-15;1023;93
2021-11-13T12:00:43.401;536846045318950898;13;941;70
2021-11-13T12:00:43.421;536846045338701992;-69;948;-19
2021-11-13T12:00:43.441;536846045358453086;-23;973;186
2021-11-13T12:00:43.460;536846045378204180;-166;985;212
2021-11-13T12:00:43.480;536846045397955274;3;1034;261
2021-11-13T12:00:43.500;536846045417706368;-91;960;215
2021-11-13T12:00:43.520;536846045437457462;-42;989;128
2021-11-13T12:00:43.539;536846045457208556;23;1040;77
2021-11-13T12:00:43.559;536846045476959650;23;967;233
2021-11-13T12:00:43.579;536846045496710744;-15;983;153
2021-11-13T12:00:43.599;536846045516461838;-81;961;126
2021-11-13T12:00:43.618;536846045536212932;42;963;35
2021-11-13T12:00:43.638;536846045555964026;-15;977;163
2021-11-13T12:00:43.658;536846045575715120;-10;934;147
2021-11-13T12:00:43.678;536846045595466214;-25;960;143
2021-11-13T12:00:43.697;536846045615217308;37;981;133
2021-11-13T12:00:43.717;536846045634968402;-12;786;46
2021-11-13T12:00:43.737;536846045654719496;27;1095;106
2021-11-13T12:00:43.757;536846045674470590;12;1009;165
2021-11-13T12:00:43.776;536846045694221684;-137;784;189
2021-11-13T12:00:43.796;536846045713972778;41;1165;74
2021-11-13T12:00:43.816;536846045733723872;-8;802;285
2021-11-13T12:00:43.836;536846045753474966;-54;972;127
2021-11-13T12:00:43.855;536846045773220260;58;980;152
2021-11-13T12:00:43.875;536846045792965528;-84;1048;68
2021-11-13T12:00:43.895;536846045812710796;-63;1014;139
2021-11-13T12:00:43.915;536846045832456064;2;818;44
2021-11-13T12:00:43.934;536846045852201332;182;1030;173
2021-11-13T12:00:43.954;536846045871946600;-123;1007;101
2021-11-13T12:00:43.974;536846045891691868;-151;994;99
2021-11-13T12:00:43.994;536846045911437136;26;1112;174
2021-11-13T12:00:44.013;536846045931182404;-68;908;95
2021-11-13T12:00:44.033;536846045950927672;-29;952;81
2021-11-13T12:00:44.053;536846045970672940;-111;1004;54
2021-11-13T12:00:44.073;536846045990418208;-60;1044;70
2021-11-13T12:00:44.092;536846046010163476;-73;904;-19
2021-11-13T12:00:44.112;536846046029908744;-32;1018;84
2021-11-13T12:00:44.132;536846046049654012;-109;1006;72
2021-11-13T12:00:44.152;536846046069399280;-113;929;108
2021-11-13T12:00:44.171;536846046089144548;-168;1062;42
2021-11-13T12:00:44.191;536846046108889816;-7;1011;140
2021-11-13T12:00:44.211;536846046128635084;-113;996;36
2021-11-13T12:00:44.231;536846046148380352;-89;985;-7
2021-11-13T12:00:44.250;536846046168125620;-43;882;-97
2021-11-13T12:00:44.270;536846046187870888;-81;1141;-36
2021-11-13T12:00:44.290;536846046207616156;-92;951;141
2021-11-13T12:00:44.310;536846046227361424;-109;968;122
2021-11-13T12:00:44.329;536846046247106692;-230;1074;-34
2021-11-13T12:00:44.349;536846046266851960;-52;908;-6
2021-11-13T12:00:44.369;536846046286597228;-61;996;-68
2021-11-13T12:00:44.389;536846046306342496;-91;997;5
2021-11-13T12:00:44.408;536846046326087764;-202;988;68
2021-11-13T12:00:44.428;536846046345833032;-185;969;-38
2021-11-13T12:00:44.448;536846046365578300;-18;1010;-63
2021-11-13T12:00:44.468;536846046385323568;-70;954;-5
2021-11-13T12:00:44.487;536846046405068836;-180;971;-31
2021-11-13T12:00:44.507;536846046424814104;-188;1011;-3
2021-11-13T12:00:44.527;536846046444559372;-112;981;65
2021-11-13T12:00:44.547;536846046464304640;-94;977;-15
2021-11-13T12:00:44.566;536846046484068845;-55;1006;-74
2021-11-13T12:00:44.586;536846046503833046;-130;928;12
2021-11-13T12:00:44.606;536846046523597247;-124;1045;62
2021-11-13T12:00:44.626;536846046543361448;-160;975;33
2021-11-13T12:00:44.645;536846046563125649;-108;983;87
2021-11-13T12:00:44.665;536846046582889850;-107;964;41
2021-11-13T12:00:44.685;536846046602654051;-161;1013;-78
2021-11-13T12:00:44.705;536846046622418252;-88;924;42
2021-11-13T12:00:44.724;536846046642182453;-105;979;97
2021-11-13T12:00:44.744;536846046661946654;-96;1062;71
2021-11-13T12:00:44.764;536846046681710855;-88;908;100
2021-11-13T12:00:44.784;536846046701475056;-228;1026;-14
2021-11-13T12:00:44.803;536846046721239257;-152;1049;-131
2021-11-13T12:00:44.823;536846046741003458;10;897;45
2021-11-13T12:00:44.843;536846046760767659;-135;930;-24
2021-11-13T12:00:44.863;536846046780531860;-218;952;-94
2021-11-13T12:00:44.883;536846046800296061;-57;915;178
2021-11-13T12:00:44.902;536846046820060262;9;1164;174
2021-11-13T12:00:44.922;536846046839824463;-121;1077;-38
2021-11-13T12:00:44.942;536846046859588664;-59;857;-8
2021-11-13T12:00:44.962;536846046879352865;-67;1039;87
2021-11-13T12:00:44.981;536846046899117066;-91;981;22
2021-11-13T12:00:45.001;536846046918881267;-119;967;-5
2021-11-13T12:00:45.021;536846046938645468;-38;1009;-112
2021-11-13T12:00:45.041;536846046958409669;27;1019;38
2021-11-13T12:00:45.060;536846046978173870;-84;971;98
2021-11-13T12:00:45.080;536846046997938071;-129;971;34
2021-11-13T12:00:45.100;536846047017702272;-47;957;87
2021-11-13T12:00:45.120;536846047037466473;-98;1092;30
2021-11-13T12:00:45.139;536846047057230674;-55;897;186
2021-11-13T12:00:45.159;536846047076994875;-115;1021;-4
2021-11-13T12:00:45.179;536846047096759076;-64;965;46
2021-11-13T12:00:45.199;536846047116523277;-24;991;54
2021-11-13T12:00:45.219;536846047136287478;-3;975;63
2021-11-13T12:00:45.238;536846047156051679;-77;976;23
2021-11-13T12:00:45.258;536846047175815880;-3;974;122
2021-11-13T12:00:45.278;536846047195556803;-79;1028;34
2021-11-13T12:00:45.298;536846047215297702;-19;919;71
2021-11-13T12:00:45.317;536846047235038601;-27;1006;0
2021-11-13T12:00:45.337;536846047254779500;-23;873;-53
2021-11-13T12:00:45.357;536846047274520399;24;1135;-96
2021-11-13T12:00:45.376;536846047294261298;-39;909;-28
2021-11-13T12:00:45.396;536846047314002197;-73;1016;85
2021-11-13T12:00:45.416;536846047333743096;-120;1018;-21
2021-11-13T12:00:45.436;536846047353483995;54;990;93
2021-11-13T12:00:45.455;536846047373224894;-48;975;76
2021-11-13T12:00:45.475;536846047392965793;71;1038;16
2021-11-13T12:00:45.495;536846047412706692;34;973;33
2021-11-13T12:00:45.515;536846047432447591;-35;953;86
2021-11-13T12:00:45.534;536846047452188490;10;1045;143
2021-11-13T12:00:45.554;536846047471929389;-39;1032;47
2021-11-13T12:00:45.574;536846047491670288;55;957;57
2021-11-13T12:00:45.594;536846047511411187;20;991;-52
2021-11-13T12:00:45.613;536846047531152086;89;949;-96
2021-11-13T12:00:45.633;536846047550892985;82;1034;5
2021-11-13T12:00:45.653;536846047570633884;22;989;70
2021-11-13T12:00:45.673;536846047590374783;-11;947;16
2021-11-13T12:00:45.692;536846047610115682;77;1031;8
2021-11-13T12:00:45.712;536846047629856581;110;1026;12
2021-11-13T12:00:45.732;536846047649597480;37;926;8
2021-11-13T12:00:45.752;536846047669338379;63;958;-131
2021-11-13T12:00:45.771;536846047689079278;88;1032;-24
2021-11-13T12:00:45.791;536846047708820177;54;993;56
2021-11-13T12:00:45.811;536846047728561076;83;965;35
2021-11-13T12:00:45.831;536846047748301975;114;986;85
2021-11-13T12:00:45.850;536846047768042874;73;1007;76
2021-11-13T12:00:45.870;536846047787783773;72;976;19
2021-11-13T12:00:45.890;536846047807524672;109;976;-30
2021-11-13T12:00:45.910;536846047827265571;108;975;34
2021-11-13T12:00:45.929;536846047847006470;131;989;60
2021-11-13T12:00:45.949;536846047866747369;132;988;18
2021-11-13T12:00:45.969;536846047886488268;138;955;83
2021-11-13T12:00:45.988;536846047906242294;112;973;65
2021-11-13T12:00:46.008;536846047925996300;147;989;27
2021-11-13T12:00:46.028;536846047945750306;127;984;21
2021-11-13T12:00:46.048;536846047965504312;141;959;61
2021-11-13T12:00:46.067;536846047985258318;156;976;129
2021-11-13T12:00:46.087;536846048005012324;137;978;115
2021-11-13T12:00:46.107;536846048024766330;161;979;23
2021-11-13T12:00:46.127;536846048044520336;155;983;39
2021-11-13T12:00:46.147;536846048064274342;178;991;79
2021-11-13T12:00:46.166;536846048084028348;121;945;52
2021-11-13T12:00:46.186;536846048103782354;107;929;37
2021-11-13T12:00:46.206;536846048123536360;193;985;125
2021-11-13T12:00:46.226;536846048143290366;138;969;90
2021-11-13T12:00:46.245;536846048163044372;97;1043;100
2021-11-13T12:00:46.265;536846048182798378;96;999;122
2021-11-13T12:00:46.285;536846048202552384;-2;963;-14
2021-11-13T12:00:46.305;536846048222306390;143;986;65
2021-11-13T12:00:46.324;536846048242060396;168;984;96
2021-11-13T12:00:46.344;536846048261814402;176;980;93
2021-11-13T12:00:46.364;536846048281568408;68;923;57
2021-11-13T12:00:46.384;536846048301322414;127;953;87
2021-11-13T12:00:46.403;536846048321076420;124;994;73
2021-11-13T12:00:46.423;536846048340830426;145;969;74
2021-11-13T12:00:46.443;536846048360584432;76;976;9
2021-11-13T12:00:46.463;536846048380338438;106;990;3
2021-11-13T12:00:46.482;536846048400092444;47;986;-58
2021-11-13T12:00:46.502;536846048419846450;138;972;102
2021-11-13T12:00:46.522;536846048439600456;186;1048;40
2021-11-13T12:00:46.542;536846048459354462;139;985;-89
2021-11-13T12:00:46.561;536846048479108468;-30;978;-38
2021-11-13T12:00:46.581;536846048498862474;-27;991;94
2021-11-13T12:00:46.601;536846048518616480;40;1033;98
2021-11-13T12:00:46.621;536846048538370486;17;990;63
2021-11-13T12:00:46.640;536846048558124492;102;978;-20
2021-11-13T12:00:46.660;536846048577878498;-20;991;-23
2021-11-13T12:00:46.680;536846048597632504;-22;982;38
2021-11-13T12:00:46.700;536846048617386544;-49;1027;191
2021-11-13T12:00:46.719;536846048637140550;-70;1018;83
2021-11-13T12:00:46.739;536846048656894556;-5;951;-21
2021-11-13T12:00:46.759;536846048676648562;-41;978;-69
2021-11-13T12:00:46.779;536846048696402568;-27;1022;-3
2021-11-13T12:00:46.798;536846048716156574;-68;998;-21
2021-11-13T12:00:46.818;536846048735910580;29;978;7
2021-11-13T12:00:46.838;536846048755664586;-92;1000;-78
2021-11-13T12:00:46.858;536846048775418592;-163;952;15
2021-11-13T12:00:46.877;536846048795172598;-48;1008;56
2021-11-13T12:00:46.897;536846048814926604;-108;1020;-58
2021-11-13T12:00:46.917;536846048834680610;14;919;-162
2021-11-13T12:00:46.937;536846048854434616;22;913;-91
2021-11-13T12:00:46.956;536846048874188622;-85;1038;-21
2021-11-13T12:00:46.976;536846048893942628;-206;971;47
2021-11-13T12:00:46.996;536846048913696634;-95;978;66
2021-11-13T12:00:47.016;536846048933450640;-38;972;-104
2021-11-13T12:00:47.035;536846048953204646;37;1000;-15
2021-11-13T12:00:47.055;536846048972958652;-155;983;63
2021-11-13T12:00:47.075;536846048992712658;-112;998;176
2021-11-13T12:00:47.095;536846049012466664;-41;1031;143
2021-11-13T12:00:47.114;536846049032220670;-14;999;55
2021-11-13T12:00:47.134;536846049051974676;47;1003;135
2021-11-13T12:00:47.154;536846049071728682;-177;981;101
2021-11-13T12:00:47.174;536846049091482688;-70;1001;68
2021-11-13T12:00:47.193;536846049111236694;-88;995;122
2021-11-13T12:00:47.213;536846049130990700;-144;937;123
2021-11-13T12:00:47.233;536846049150744706;-59;1083;-76
2021-11-13T12:00:47.253;536846049170498712;96;963;103
2021-11-13T12:00:47.272;536846049190252718;-107;755;18
2021-11-13T12:00:47.292;536846049210006724;-95;1115;-121
2021-11-13T12:00:47.312;536846049229760730;10;906;194
2021-11-13T12:00:47.332;536846049249514736;-213;788;135
2021-11-13T12:00:47.352;536846049269268742;-4;1300;-44
2021-11-13T12:00:47.371;536846049289022748;-19;816;126
2021-11-13T12:00:47.391;536846049308776754;-285;852;7
2021-11-13T12:00:47.411;536846049328519143;62;1225;41
2021-11-13T12:00:47.430;536846049348261498;-93;833;26
2021-11-13T12:00:47.450;536846049368003853;-54;885;35
2021-11-13T12:00:47.470;536846049387746208;-97;1222;31
2021-11-13T12:00:47.490;536846049407488563;-211;947;40
2021-11-13T12:00:47.509;536846049427230918;-62;1027;-2
2021-11-13T12:00:47.529;536846049446973273;-27;893;46
2021-11-13T12:00:47.549;536846049466715628;-131;1091;-91
2021-11-13T12:00:47.569;536846049486457983;-109;988;52
2021-11-13T12:00:47.588;536846049506200338;-157;939;67
2021-11-13T12:00:47.608;536846049525942693;-69;1052;164
2021-11-13T12:00:47.628;536846049545685048;-194;968;49
2021-11-13T12:00:47.648;536846049565427403;-101;964;8
2021-11-13T12:00:47.667;536846049585169758;-100;992;-57
2021-11-13T12:00:47.687;536846049604912113;-106;989;-79
2021-11-13T12:00:47.707;536846049624654468;-76;918;-51
2021-11-13T12:00:47.727;536846049644396823;-155;1034;5
2021-11-13T12:00:47.746;536846049664139178;-176;984;1
2021-11-13T12:00:47.766;536846049683881533;-193;975;-24
2021-11-13T12:00:47.786;536846049703623888;-142;976;2
2021-11-13T12:00:47.806;536846049723366243;-140;963;-31
2021-11-13T12:00:47.825;536846049743108598;-219;1067;-51
2021-11-13T12:00:47.845;536846049762850953;-168;866;6
2021-11-13T12:00:47.865;536846049782593308;-131;978;-16
2021-11-13T12:00:47.885;536846049802335663;-165;1056;-156
2021-11-13T12:00:47.904;536846049822078018;-105;942;-42
2021-11-13T12:00:47.924;536846049841820373;-153;974;-42
2021-11-13T12:00:47.944;536846049861562728;-205;971;-15
2021-11-13T12:00:47.964;536846049881305083;-167;995;-7
2021-11-13T12:00:47.983;536846049901047438;-216;961;67
2021-11-13T12:00:48.003;536846049920789793;-117;992;12
2021-11-13T12:00:48.023;536846049940532148;-152;968;-31
2021-11-13T12:00:48.043;536846049960274503;-177;1046;-166
2021-11-13T12:00:48.062;536846049980016858;-148;893;-92
2021-11-13T12:00:48.082;536846049999759213;-105;970;20
2021-11-13T12:00:48.102;536846050019501568;-219;1022;-61
2021-11-13T12:00:48.122;536846050039264344;-173;977;-86
2021-11-13T12:00:48.141;536846050059027088;-213;938;-33
2021-11-13T12:00:48.161;536846050078789832;-158;1008;-132
2021-11-13T12:00:48.181;536846050098552576;-46;1006;-168
2021-11-13T12:00:48.201;536846050118315320;-102;894;-63
2021-11-13T12:00:48.220;536846050138078064;-256;980;-16
2021-11-13T12:00:48.240;536846050157840808;-168;1016;-86
2021-11-13T12:00:48.260;536846050177603552;-51;968;25
2021-11-13T12:00:48.280;536846050197366296;-137;982;15
2021-11-13T12:00:48.299;536846050217129040;-246;976;17
2021-11-13T12:00:48.319;536846050236891784;-154;985;134
2021-11-13T12:00:48.339;536846050256654528;-189;1035;21
2021-11-13T12:00:48.359;536846050276417272;-137;937;-36
2021-11-13T12:00:48.378;536846050296180016;-26;1022;-216
2021-11-13T12:00:48.398;536846050315942760;-37;981;-144
2021-11-13T12:00:48.418;536846050335705504;-147;954;-23
2021-11-13T12:00:48.438;536846050355468248;-119;973;96
2021-11-13T12:00:48.457;536846050375230992;-182;1084;59
2021-11-13T12:00:48.477;536846050394993736;-91;923;-18
2021-11-13T12:00:48.497;536846050414756480;-44;1041;-121
2021-11-13T12:00:48.517;536846050434519224;-14;943;-31
2021-11-13T12:00:48.537;536846050454281968;-135;994;-37
2021-11-13T12:00:48.556;536846050474044712;-45;1010;-46
2021-11-13T12:00:48.576;536846050493807456;-25;1002;10
2021-11-13T12:00:48.596;536846050513570200;-170;983;-11
2021-11-13T12:00:48.616;536846050533332944;-125;948;52
2021-11-13T12:00:48.635;536846050553095688;-106;971;110
2021-11-13T12:00:48.655;536846050572858432;-66;990;-2
2021-11-13T12:00:48.675;536846050592621176;-39;1036;-29
2021-11-13T12:00:48.695;536846050612383920;-66;924;66
2021-11-13T12:00:48.714;536846050632146664;-11;1002;74
2021-11-13T12:00:48.734;536846050651909408;-56;1001;48
2021-11-13T12:00:48.754;536846050671672152;-112;971;63
2021-11-13T12:00:48.774;536846050691434896;-13;1021;-55
2021-11-13T12:00:48.793;536846050711197640;-2;942;20
2021-11-13T12:00:48.813;536846050730960384;-28;1065;28
2021-11-13T12:00:48.833;536846050750708577;-48;969;100
2021-11-13T12:00:48.853;536846050770456758;-48;977;144
2021-11-13T12:00:48.872;536846050790204939;25;979;115
2021-11-13T12:00:48.892;536846050809953120;23;986;-22
2021-11-13T12:00:48.912;536846050829701301;93;974;3
2021-11-13T12:00:48.932;536846050849449482;0;968;103
2021-11-13T12:00:48.951;536846050869197663;-104;985;88
2021-11-13T12:00:48.971;536846050888945844;-14;1095;108
2021-11-13T12:00:48.991;536846050908694025;-1;944;112
2021-11-13T12:00:49.011;536846050928442206;69;998;11
2021-11-13T12:00:49.030;536846050948190387;29;948;-51
2021-11-13T12:00:49.050;536846050967938568;49;975;42
2021-11-13T12:00:49.070;536846050987686749;-27;972;172
2021-11-13T12:00:49.090;536846051007434930;-54;997;171
2021-11-13T12:00:49.109;536846051027183111;101;996;172
2021-11-13T12:00:49.129;536846051046931292;48;963;88
2021-11-13T12:00:49.149;536846051066679473;91;975;67
2021-11-13T12:00:49.169;536846051086427654;41;980;49
2021-11-13T12:00:49.188;536846051106175835;57;978;160
2021-11-13T12:00:49.208;536846051125924016;-44;975;121
2021-11-13T12:00:49.228;536846051145672197;38;969;135
2021-11-13T12:00:49.248;536846051165420378;83;984;111
2021-11-13T12:00:49.267;536846051185168559;75;975;56
2021-11-13T12:00:49.287;536846051204916740;55;1002;64
2021-11-13T12:00:49.307;536846051224664921;50;953;97
2021-11-13T12:00:49.327;536846051244413102;62;990;92
2021-11-13T12:00:49.346;536846051264161283;99;976;117
2021-11-13T12:00:49.366;536846051283909464;61;953;116
2021-11-13T12:00:49.386;536846051303657645;121;987;119
2021-11-13T12:00:49.406;536846051323405826;50;954;112
2021-11-13T12:00:49.425;536846051343154007;99;968;66
2021-11-13T12:00:49.445;536846051362902188;102;989;60
2021-11-13T12:00:49.465;536846051382650369;90;976;99
2021-11-13T12:00:49.485;536846051402398550;22;953;111
2021-11-13T12:00:49.504;536846051422146731;65;1009;121
2021-11-13T12:00:49.524;536846051441894912;114;1006;53
2021-11-13T12:00:49.544;536846051461643097;123;970;23
2021-11-13T12:00:49.564;536846051481391278;90;982;91
2021-11-13T12:00:49.583;536846051501139459;89;958;115
2021-11-13T12:00:49.603;536846051520887640;129;976;133
2021-11-13T12:00:49.623;536846051540635821;122;986;177
2021-11-13T12:00:49.643;536846051560384002;107;994;96
2021-11-13T12:00:49.662;536846051580132183;133;973;60
2021-11-13T12:00:49.682;536846051599880364;138;967;82
2021-11-13T12:00:49.702;536846051619628545;175;986;158
2021-11-13T12:00:49.722;536846051639376726;95;954;131
2021-11-13T12:00:49.741;536846051659124907;170;987;55
2021-11-13T12:00:49.761;536846051678873088;178;964;77
2021-11-13T12:00:49.781;536846051698621269;166;987;113
2021-11-13T12:00:49.801;536846051718369450;161;977;85
2021-11-13T12:00:49.820;536846051738117631;149;974;98
2021-11-13T12:00:49.840;536846051757865812;123;979;109
2021-11-13T12:00:49.860;536846051777613993;159;974;53
2021-11-13T12:00:49.880;536846051797362174;177;984;79
2021-11-13T12:00:49.899;536846051817110355;140;965;56
2021-11-13T12:00:49.919;536846051836858536;165;964;114
2021-11-13T12:00:49.939;536846051856606717;214;965;194
2021-11-13T12:00:49.959;536846051876354898;125;1012;45
2021-11-13T12:00:49.978;536846051896103079;182;945;31
2021-11-13T12:00:49.998;536846051915851260;212;973;104
2021-11-13T12:00:50.018;536846051935599441;184;963;96
2021-11-13T12:00:50.038;536846051955347622;181;958;136
2021-11-13T12:00:50.057;536846051975095803;222;978;158
2021-11-13T12:00:50.077;536846051994843984;224;949;150
2021-11-13T12:00:50.097;536846052014592165;185;966;103
2021-11-13T12:00:50.117;536846052034340346;240;969;101
2021-11-13T12:00:50.136;536846052054088527;214;952;116
2021-11-13T12:00:50.156;536846052073836708;194;969;116
2021-11-13T12:00:50.176;536846052093584889;227;974;135
2021-11-13T12:00:50.196;536846052113333070;223;972;112
2021-11-13T12:00:50.215;536846052133081251;219;967;84
2021-11-13T12:00:50.235;536846052152829432;216;953;102
2021-11-13T12:00:50.255;536846052172598020;211;974;137
2021-11-13T12:00:50.275;536846052192366590;205;966;146
2021-11-13T12:00:50.294;536846052212135160;224;965;138
2021-11-13T12:00:50.314;536846052231903730;239;961;135
2021-11-13T12:00:50.334;536846052251672300;226;957;131
2021-11-13T12:00:50.354;536846052271440870;234;966;172
2021-11-13T12:00:50.373;536846052291209440;198;959;157
2021-11-13T12:00:50.393;536846052310978010;200;960;113
2021-11-13T12:00:50.413;536846052330746580;199;967;93
2021-11-13T12:00:50.433;536846052350515150;240;960;126
2021-11-13T12:00:50.453;536846052370283720;252;960;204
2021-11-13T12:00:50.472;536846052390052290;226;954;162
2021-11-13T12:00:50.492;536846052409820860;208;947;145
2021-11-13T12:00:50.512;536846052429589430;226;957;160
2021-11-13T12:00:50.532;536846052449358000;230;957;177
2021-11-13T12:00:50.551;536846052469126570;234;959;172
2021-11-13T12:00:50.571;536846052488895140;234;947;192
2021-11-13T12:00:50.591;536846052508663710;239;957;168
2021-11-13T12:00:50.611;536846052528432280;230;955;167
2021-11-13T12:00:50.630;536846052548200850;212;969;192
2021-11-13T12:00:50.650;536846052567969420;221;951;168
2021-11-13T12:00:50.670;536846052587737990;233;960;148
2021-11-13T12:00:50.690;536846052607506560;238;957;182
2021-11-13T12:00:50.710;536846052627275130;248;958;189
2021-11-13T12:00:50.729;536846052647043700;298;950;217
2021-11-13T12:00:50.749;536846052666812270;266;936;175
2021-11-13T12:00:50.769;536846052686580840;222;952;176
2021-11-13T12:00:50.789;536846052706349410;304;938;163
2021-11-13T12:00:50.808;536846052726117980;274;914;229
2021-11-13T12:00:50.828;536846052745886550;267;947;233
2021-11-13T12:00:50.848;536846052765655120;214;945;181
2021-11-13T12:00:50.868;536846052785423690;181;917;159
2021-11-13T12:00:50.887;536846052805192260;199;956;226
2021-11-13T12:00:50.907;536846052824960830;207;845;142
2021-11-13T12:00:50.927;536846052844729400;67;919;191
2021-11-13T12:00:50.947;536846052864497970;40;1015;246
2021-11-13T12:00:50.966;536846052884253437;-106;1047;197
2021-11-13T12:00:50.986;536846052904008900;101;1030;138
2021-11-13T12:00:51.006;536846052923764363;196;1026;159
2021-11-13T12:00:51.026;536846052943519826;75;928;167
2021-11-13T12:00:51.046;536846052963275289;-43;947;207
2021-11-13T12:00:51.065;536846052983030752;177;960;249
2021-11-13T12:00:51.085;536846053002786215;245;949;247
2021-11-13T12:00:51.105;536846053022541678;103;995;154
2021-11-13T12:00:51.125;536846053042297141;265;983;5
2021-11-13T12:00:51.144;536846053062052604;343;991;-61
2021-11-13T12:00:51.164;536846053081808067;292;1002;-47
2021-11-13T12:00:51.184;536846053101563530;55;925;40
2021-11-13T12:00:51.204;536846053121318993;205;1025;54
2021-11-13T12:00:51.223;536846053141074456;139;954;111
2021-11-13T12:00:51.243;536846053160829919;87;958;111
2021-11-13T12:00:51.263;536846053180585382;34;965;180
2021-11-13T12:00:51.283;536846053200340845;-17;1008;71
2021-11-13T12:00:51.302;536846053220096308;58;1005;18
2021-11-13T12:00:51.322;536846053239851771;6;959;22
2021-11-13T12:00:51.342;536846053259607234;36;979;54
2021-11-13T12:00:51.362;536846053279362697;98;1014;-11
2021-11-13T12:00:51.381;536846053299118160;64;969;-7
2021-11-13T12:00:51.401;536846053318873623;86;1031;88
2021-11-13T12:00:51.421;536846053338629086;-36;979;233
2021-11-13T12:00:51.441;536846053358384549;-47;991;160
2021-11-13T12:00:51.460;536846053378140012;-27;990;49
2021-11-13T12:00:51.480;536846053397895475;62;1018;-36
2021-11-13T12:00:51.500;536846053417650938;-27;1035;-114
2021-11-13T12:00:51.520;536846053437406401;-183;934;-3
2021-11-13T12:00:51.539;536846053457161864;-73;1027;45
2021-11-13T12:00:51.559;536846053476917327;-94;1011;-167
2021-11-13T12:00:51.579;536846053496672790;-21;900;-199
2021-11-13T12:00:51.599;536846053516428253;-33;949;-243
2021-11-13T12:00:51.618;536846053536183716;-70;971;-261
2021-11-13T12:00:51.638;536846053555939179;-111;948;-57
2021-11-13T12:00:51.658;536846053575694642;-137;1067;20
2021-11-13T12:00:51.678;536846053595458853;-143;980;-27
2021-11-13T12:00:51.697;536846053615223054;48;950;-128
2021-11-13T12:00:51.717;536846053634987255;-63;1020;-178
2021-11-13T12:00:51.737;536846053654751456;-80;985;-76
2021-11-13T12:00:51.757;536846053674515657;-138;978;20
2021-11-13T12:00:51.777;536846053694279858;-142;984;-97
2021-11-13T12:00:51.796;536846053714044059;-65;978;-35
2021-11-13T12:00:51.816;536846053733808260;-170;974;36
2021-11-13T12:00:51.836;536846053753572461;-170;990;109
2021-11-13T12:00:51.856;536846053773336662;-140;1006;-163
2021-11-13T12:00:51.875;536846053793100863;-13;1016;-219
2021-11-13T12:00:51.895;536846053812865064;-40;953;-189
2021-11-13T12:00:51.915;536846053832629265;-99;979;-87
2021-11-13T12:00:51.935;536846053852393466;-226;988;63
2021-11-13T12:00:51.954;536846053872157667;-174;1057;65
2021-11-13T12:00:51.974;536846053891921868;-109;985;62
2021-11-13T12:00:51.994;536846053911686069;-15;1004;-177
2021-11-13T12:00:52.014;536846053931450270;-40;977;-305
2021-11-13T12:00:52.033;536846053951214471;37;916;-224
2021-11-13T12:00:52.053;536846053970978672;-142;976;-169
2021-11-13T12:00:52.073;536846053990742873;-122;985;-11
2021-11-13T12:00:52.093;536846054010507074;-119;1020;23
2021-11-13T12:00:52.113;536846054030271275;-142;1006;-12
2021-11-13T12:00:52.132;536846054050035476;15;992;-191
2021-11-13T12:00:52.152;536846054069799677;-21;909;-201
2021-11-13T12:00:52.172;536846054089563878;-24;954;-277
2021-11-13T12:00:52.192;536846054109328079;-47;1052;-184
2021-11-13T12:00:52.211;536846054129092280;-77;931;14
2021-11-13T12:00:52.231;536846054148856481;-153;1041;106
2021-11-13T12:00:52.251;536846054168620682;-113;963;57
2021-11-13T12:00:52.271;536846054188384883;-61;997;75
2021-11-13T12:00:52.290;536846054208149084;-100;1007;-47
2021-11-13T12:00:52.310;536846054227913285;66;961;14
2021-11-13T12:00:52.330;536846054247677486;0;994;-96
2021-11-13T12:00:52.350;536846054267441687;-112;980;-70
2021-11-13T12:00:52.369;536846054287205888;-96;927;91
2021-11-13T12:00:52.389;536846054306965724;-61;1116;10
2021-11-13T12:00:52.409;536846054326725556;-56;949;57
2021-11-13T12:00:52.429;536846054346485388;-76;959;-61
2021-11-13T12:00:52.448;536846054366245220;-19;1072;-138
2021-11-13T12:00:52.468;536846054386005052;-65;921;-46
2021-11-13T12:00:52.488;536846054405764884;-105;963;-16
2021-11-13T12:00:52.508;536846054425524716;-109;978;13
2021-11-13T12:00:52.528;536846054445284548;-100;1005;-51
2021-11-13T12:00:52.547;536846054465044380;-32;961;-87
2021-11-13T12:00:52.567;536846054484804212;-60;1040;-14
2021-11-13T12:00:52.587;536846054504564044;-115;998;84
2021-11-13T12:00:52.607;536846054524323876;-161;978;-14
2021-11-13T12:00:52.626;536846054544083708;-56;925;-116
2021-11-13T12:00:52.646;536846054563843540;-98;1036;-152
2021-11-13T12:00:52.666;536846054583603372;-115;947;-19
2021-11-13T12:00:52.686;536846054603363204;-82;999;52
2021-11-13T12:00:52.705;536846054623123036;-211;1026;145
2021-11-13T12:00:52.725;536846054642882868;-94;939;20
2021-11-13T12:00:52.745;536846054662642700;-4;999;2
2021-11-13T12:00:52.765;536846054682402532;-142;990;-73
2021-11-13T12:00:52.784;536846054702162364;-170;917;55
2021-11-13T12:00:52.804;536846054721922196;-134;1070;10
2021-11-13T12:00:52.824;536846054741682028;-129;987;-7
2021-11-13T12:00:52.844;536846054761441860;-63;907;-5
2021-11-13T12:00:52.863;536846054781201692;-160;1011;-22
2021-11-13T12:00:52.883;536846054800961524;-107;1015;54
2021-11-13T12:00:52.903;536846054820721356;-113;978;-5
2021-11-13T12:00:52.923;536846054840481188;-75;939;55
2021-11-13T12:00:52.942;536846054860241020;-207;1035;-109
2021-11-13T12:00:52.962;536846054880000852;-53;952;-27
2021-11-13T12:00:52.982;536846054899760684;-115;979;99
2021-11-13T12:00:53.002;536846054919520516;-214;1003;-11
2021-11-13T12:00:53.022;536846054939280348;-109;975;-40
2021-11-13T12:00:53.041;536846054959040180;-11;963;14
2021-11-13T12:00:53.061;536846054978800012;-125;1011;-44
2021-11-13T12:00:53.081;536846054998559844;-163;930;14
2021-11-13T12:00:53.101;536846055018310940;-168;1054;-1
2021-11-13T12:00:53.120;536846055038062034;-93;990;-57
2021-11-13T12:00:53.140;536846055057813128;-71;953;-24
2021-11-13T12:00:53.160;536846055077564222;-79;965;24
2021-11-13T12:00:53.180;536846055097315316;-138;1002;-50
2021-11-13T12:00:53.199;536846055117066410;-86;1000;35
2021-11-13T12:00:53.219;536846055136817504;-109;981;55
2021-11-13T12:00:53.239;536846055156568598;-99;1011;-51
2021-11-13T12:00:53.259;536846055176319692;-140;915;-63
2021-11-13T12:00:53.278;536846055196070786;-56;1037;-10
2021-11-13T12:00:53.298;536846055215821880;-87;1016;69
2021-11-13T12:00:53.318;536846055235572974;-114;981;27
2021-11-13T12:00:53.338;536846055255324068;-44;962;-3
2021-11-13T12:00:53.357;536846055275075162;-41;967;-9
2021-11-13T12:00:53.377;536846055294826256;-140;1005;-49
2021-11-13T12:00:53.397;536846055314577350;-68;981;21
2021-11-13T12:00:53.417;536846055334328444;-92;986;36
2021-11-13T12:00:53.436;536846055354079538;-80;983;-78
2021-11-13T12:00:53.456;536846055373830632;-66;963;-41
2021-11-13T12:00:53.476;536846055393581726;-34;1042;46
2021-11-13T12:00:53.496;536846055413332820;-89;927;168
2021-11-13T12:00:53.515;536846055433083914;-70;985;80
2021-11-13T12:00:53.535;536846055452835008;-116;1040;-140
2021-11-13T12:00:53.555;536846055472586102;-16;1028;-119
2021-11-13T12:00:53.575;536846055492337196;-105;977;-2
2021-11-13T12:00:53.594;536846055512088290;-70;956;70
2021-11-13T12:00:53.614;536846055531839384;-57;1037;57
2021-11-13T12:00:53.634;536846055551590478;-6;882;54
2021-11-13T12:00:53.654;536846055571341572;12;1014;33
2021-11-13T12:00:53.673;536846055591092666;-14;1052;-35
2021-11-13T12:00:53.693;536846055610843760;-79;976;-35
2021-11-13T12:00:53.713;536846055630594854;-59;969;49
2021-11-13T12:00:53.733;536846055650345948;-61;985;-57
2021-11-13T12:00:53.752;536846055670097042;-3;981;-22
2021-11-13T12:00:53.772;536846055689848136;-26;1022;-19
2021-11-13T12:00:53.792;536846055709599230;0;1009;22
2021-11-13T12:00:53.812;536846055729348889;-4;969;79
2021-11-13T12:00:53.831;536846055749098526;-70;917;35
2021-11-13T12:00:53.851;536846055768848163;-48;974;-70
2021-11-13T12:00:53.871;536846055788597800;-14;990;-52
2021-11-13T12:00:53.891;536846055808347437;14;1076;-45
2021-11-13T12:00:53.910;536846055828097074;6;958;6
2021-11-13T12:00:53.930;536846055847846711;-8;955;53
2021-11-13T12:00:53.950;536846055867596348;-58;946;12
2021-11-13T12:00:53.970;536846055887345985;93;1073;10
2021-11-13T12:00:53.989;536846055907095622;-48;1019;-49
2021-11-13T12:00:54.009;536846055926845259;-35;966;-28
2021-11-13T12:00:54.029;536846055946594896;-12;969;-7
2021-11-13T12:00:54.049;536846055966344533;-20;1012;-88
2021-11-13T12:00:54.068;536846055986094170;4;979;-28
2021-11-13T12:00:54.088;536846056005843807;9;1031;-15
2021-11-13T12:00:54.108;536846056025593444;20;974;82
2021-11-13T12:00:54.128;536846056045343081;11;1001;10
2021-11-13T12:00:54.147;536846056065092718;6;990;-7
2021-11-13T12:00:54.167;536846056084842355;-2;978;-3
2021-11-13T12:00:54.187;536846056104591992;-3;984;8
2021-11-13T12:00:54.207;536846056124341629;20;985;-24
2021-11-13T12:00:54.226;536846056144091266;30;1005;-73
2021-11-13T12:00:54.246;536846056163840903;32;931;3
2021-11-13T12:00:54.266;536846056183590540;55;1052;-78
2021-11-13T12:00:54.286;536846056203340177;45;961;-11
2021-11-13T12:00:54.305;536846056223089814;-23;975;-53
2021-11-13T12:00:54.325;536846056242839451;58;1007;30
2021-11-13T12:00:54.345;536846056262589088;-7;948;-36
2021-11-13T12:00:54.365;536846056282338725;24;971;-38
2021-11-13T12:00:54.384;536846056302088362;100;989;99
2021-11-13T12:00:54.404;536846056321837999;-35;1048;-15
2021-11-13T12:00:54.424;536846056341587636;-105;931;-42
2021-11-13T12:00:54.444;536846056361337273;62;1018;-37
2021-11-13T12:00:54.463;536846056381086910;13;1009;-136
2021-11-13T12:00:54.483;536846056400836547;-89;1032;-2
2021-11-13T12:00:54.503;536846056420586184;-4;1006;193
2021-11-13T12:00:54.523;536846056440346026;-33;1012;29
2021-11-13T12:00:54.542;536846056460105858;-22;978;-42
2021-11-13T12:00:54.562;536846056479865690;29;963;-88
2021-11-13T12:00:54.582;536846056499625522;-9;1004;-68
2021-11-13T12:00:54.602;536846056519385354;-30;963;139
2021-11-13T12:00:54.621;536846056539145186;-42;1040;113
2021-11-13T12:00:54.641;536846056558905018;-71;971;114
2021-11-13T12:00:54.661;536846056578664850;-33;990;-33
2021-11-13T12:00:54.681;536846056598424682;-39;976;-67
2021-11-13T12:00:54.700;536846056618184514;77;1006;-55
2021-11-13T12:00:54.720;536846056637944346;-85;982;-12
2021-11-13T12:00:54.740;536846056657704178;-115;994;104
2021-11-13T12:00:54.760;536846056677464010;-53;999;45
2021-11-13T12:00:54.779;536846056697223842;-48;953;-78
2021-11-13T12:00:54.799;536846056716983674;-21;974;-157
2021-11-13T12:00:54.819;536846056736743506;20;989;-23
2021-11-13T12:00:54.839;536846056756503338;-66;986;163
2021-11-13T12:00:54.859;536846056776263170;-182;1018;158
2021-11-13T12:00:54.878;536846056796023002;-85;981;77
2021-11-13T12:00:54.898;536846056815782834;-67;970;-18
2021-11-13T12:00:54.918;536846056835542666;-109;985;-4
2021-11-13T12:00:54.938;536846056855302498;-67;988;-22
2021-11-13T12:00:54.957;536846056875062330;-113;1046;15
2021-11-13T12:00:54.977;536846056894822162;-110;1073;114
2021-11-13T12:00:54.997;536846056914581994;-141;974;207
2021-11-13T12:00:55.017;536846056934341826;-56;946;145
2021-11-13T12:00:55.036;536846056954101658;22;1006;10
2021-11-13T12:00:55.056;536846056973861490;-33;1059;110
2021-11-13T12:00:55.076;536846056993621322;-35;975;160
2021-11-13T12:00:55.096;536846057013381154;-79;913;367
2021-11-13T12:00:55.115;536846057033140986;-206;990;367
2021-11-13T12:00:55.135;536846057052900818;-121;994;273
2021-11-13T12:00:55.155;536846057072660650;47;987;46
2021-11-13T12:00:55.175;536846057092420482;140;927;-156
2021-11-13T12:00:55.194;536846057112180314;39;965;-152
2021-11-13T12:00:55.214;536846057131940146;-103;978;312
2021-11-13T12:00:55.234;536846057151686900;-217;983;688
2021-11-13T12:00:55.254;536846057171433624;-106;939;457
2021-11-13T12:00:55.273;536846057191180348;94;972;78
2021-11-13T12:00:55.293;536846057210927072;41;759;178
2021-11-13T12:00:55.313;536846057230673796;16;1074;257
2021-11-13T12:00:55.333;536846057250420520;-113;981;496
2021-11-13T12:00:55.352;536846057270167244;-84;717;660
2021-11-13T12:00:55.372;536846057289913968;-55;869;247
2021-11-13T12:00:55.392;536846057309660692;-6;1040;-11
2021-11-13T12:00:55.412;536846057329407416;94;824;276
2021-11-13T12:00:55.431;536846057349154140;-163;785;350
2021-11-13T12:00:55.451;536846057368900864;-104;1065;409
2021-11-13T12:00:55.471;536846057388647588;-100;880;493
2021-11-13T12:00:55.491;536846057408394312;-34;709;352
2021-11-13T12:00:55.510;536846057428141036;-125;1164;83
2021-11-13T12:00:55.530;536846057447887760;103;975;347
2021-11-13T12:00:55.550;536846057467634484;-228;665;438
2021-11-13T12:00:55.570;536846057487381208;-51;1044;492
2021-11-13T12:00:55.589;536846057507127932;-74;987;314
2021-11-13T12:00:55.609;536846057526874656;39;983;-20
2021-11-13T12:00:55.629;536846057546621380;-71;902;-95
2021-11-13T12:00:55.649;536846057566368104;-19;865;223
2021-11-13T12:00:55.668;536846057586114828;-145;1124;466
2021-11-13T12:00:55.688;536846057605861552;-146;969;532
2021-11-13T12:00:55.708;536846057625608276;-98;875;374
2021-11-13T12:00:55.728;536846057645355000;-53;920;147
2021-11-13T12:00:55.747;536846057665101724;-54;981;125
2021-11-13T12:00:55.767;536846057684848448;-78;919;243
2021-11-13T12:00:55.787;536846057704595172;-245;981;341
2021-11-13T12:00:55.807;536846057724341896;-161;979;503
2021-11-13T12:00:55.826;536846057744088620;-126;911;278
2021-11-13T12:00:55.846;536846057763835344;-184;956;8
2021-11-13T12:00:55.866;536846057783582068;-151;974;-36
2021-11-13T12:00:55.886;536846057803328792;-21;1021;365
2021-11-13T12:00:55.905;536846057823075516;-323;924;371
2021-11-13T12:00:55.925;536846057842822240;-298;1006;436
2021-11-13T12:00:55.945;536846057862584985;-192;948;223
2021-11-13T12:00:55.965;536846057882347730;-104;904;-66
2021-11-13T12:00:55.984;536846057902110475;-96;1022;-50
2021-11-13T12:00:56.004;536846057921873220;-177;977;58
2021-11-13T12:00:56.024;536846057941635965;-302;960;222
2021-11-13T12:00:56.044;536846057961398710;-291;1028;365
2021-11-13T12:00:56.063;536846057981161455;-169;929;123
2021-11-13T12:00:56.083;536846058000924200;-27;953;-109
2021-11-13T12:00:56.103;536846058020686945;-147;938;-166
2021-11-13T12:00:56.123;536846058040449690;-166;1006;27
2021-11-13T12:00:56.142;536846058060212435;-280;990;336
2021-11-13T12:00:56.162;536846058079975180;-319;937;405
2021-11-13T12:00:56.182;536846058099737925;-178;993;134
2021-11-13T12:00:56.202;536846058119500670;-116;973;-91
2021-11-13T12:00:56.222;536846058139263415;-139;954;-61
2021-11-13T12:00:56.241;536846058159026160;-264;1029;52
2021-11-13T12:00:56.261;536846058178788905;-191;963;242
2021-11-13T12:00:56.281;536846058198551650;-216;942;263
2021-11-13T12:00:56.301;536846058218314395;-280;954;205
2021-11-13T12:00:56.320;536846058238077140;-226;948;52
2021-11-13T12:00:56.340;536846058257839885;-54;1016;-92
2021-11-13T12:00:56.360;536846058277602630;-138;1007;-77
2021-11-13T12:00:56.380;536846058297365375;-180;914;206
2021-11-13T12:00:56.399;536846058317128120;-301;1007;195
2021-11-13T12:00:56.419;536846058336890865;-148;971;191
2021-11-13T12:00:56.439;536846058356653610;-141;949;61
2021-11-13T12:00:56.459;536846058376416355;-136;975;-2
2021-11-13T12:00:56.478;536846058396179100;-128;945;61
2021-11-13T12:00:56.498;536846058415941845;-194;1038;119
2021-11-13T12:00:56.518;536846058435704590;-211;902;203
2021-11-13T12:00:56.538;536846058455467335;-156;993;86
2021-11-13T12:00:56.557;536846058475230080;-81;1031;14
2021-11-13T12:00:56.577;536846058494992825;-114;966;77
2021-11-13T12:00:56.597;536846058514755570;-103;900;40
2021-11-13T12:00:56.617;536846058534518315;-134;979;102
2021-11-13T12:00:56.637;536846058554281060;-126;1020;141
2021-11-13T12:00:56.656;536846058574039461;-207;997;194
2021-11-13T12:00:56.676;536846058593797836;-94;1034;137
2021-11-13T12:00:56.696;536846058613556211;-126;916;22
2021-11-13T12:00:56.716;536846058633314586;3;914;62
2021-11-13T12:00:56.735;536846058653072961;-135;1025;31
2021-11-13T12:00:56.755;536846058672831336;-125;1063;104
2021-11-13T12:00:56.775;536846058692589711;-130;930;197
2021-11-13T12:00:56.795;536846058712348086;-113;1038;46
2021-11-13T12:00:56.814;536846058732106461;9;909;188
2021-11-13T12:00:56.834;536846058751864836;-87;923;50
2021-11-13T12:00:56.854;536846058771623211;-50;1072;-13
2021-11-13T12:00:56.874;536846058791381586;-30;1008;99
2021-11-13T12:00:56.893;536846058811139961;-156;960;183
2021-11-13T12:00:56.913;536846058830898336;-59;974;178
2021-11-13T12:00:56.933;536846058850656711;-95;1016;127
2021-11-13T12:00:56.953;536846058870415086;-22;951;120
2021-11-13T12:00:56.972;536846058890173461;-3;988;58
2021-11-13T12:00:56.992;536846058909931836;57;990;28
2021-11-13T12:00:57.012;536846058929690211;-21;947;80
2021-11-13T12:00:57.032;536846058949448586;-46;936;136
2021-11-13T12:00:57.051;536846058969206961;35;1100;130
2021-11-13T12:00:57.071;536846058988965336;62;951;169
2021-11-13T12:00:57.091;536846059008723711;-32;909;148
2021-11-13T12:00:57.111;536846059028482086;29;1002;77
2021-11-13T12:00:57.130;536846059048240461;103;968;160
2021-11-13T12:00:57.150;536846059067998836;-12;989;175
2021-11-13T12:00:57.170;536846059087757211;22;1029;97
2021-11-13T12:00:57.190;536846059107515586;37;982;93
2021-11-13T12:00:57.210;536846059127273961;-11;963;50
2021-11-13T12:00:57.229;536846059147032336;81;1018;91
2021-11-13T12:00:57.249;536846059166790711;-56;942;13
2021-11-13T12:00:57.269;536846059186549086;8;976;81
2021-11-13T12:00:57.289;536846059206307461;137;1011;131
2021-11-13T12:00:57.308;536846059226065836;64;989;135
2021-11-13T12:00:57.328;536846059245824211;87;962;164
2021-11-13T12:00:57.348;536846059265582586;127;1037;128
2021-11-13T12:00:57.368;536846059285333684;33;952;47
2021-11-13T12:00:57.387;536846059305084778;102;957;148
2021-11-13T12:00:57.407;536846059324835872;150;994;203
2021-11-13T12:00:57.427;536846059344586966;125;953;147
2021-11-13T12:00:57.447;536846059364338060;130;948;94
2021-11-13T12:00:57.466;536846059384089154;157;979;107
2021-11-13T12:00:57.486;536846059403840248;130;979;137
2021-11-13T12:00:57.506;536846059423591342;181;978;175
2021-11-13T12:00:57.526;536846059443342436;147;963;125
2021-11-13T12:00:57.545;536846059463093530;187;951;135
2021-11-13T12:00:57.565;536846059482844624;185;984;94
2021-11-13T12:00:57.585;536846059502595718;218;977;96
2021-11-13T12:00:57.605;536846059522346812;233;953;211
2021-11-13T12:00:57.624;536846059542097906;185;944;235
2021-11-13T12:00:57.644;536846059561849000;167;976;167
2021-11-13T12:00:57.664;536846059581600094;219;966;112
2021-11-13T12:00:57.684;536846059601351188;153;965;133
2021-11-13T12:00:57.703;536846059621102282;189;971;156
2021-11-13T12:00:57.723;536846059640853376;206;968;174
2021-11-13T12:00:57.743;536846059660604470;237;962;130
2021-11-13T12:00:57.763;536846059680355564;213;938;137
2021-11-13T12:00:57.782;536846059700106658;231;955;146
2021-11-13T12:00:57.802;536846059719857752;211;951;185
2021-11-13T12:00:57.822;536846059739608846;219;961;176
2021-11-13T12:00:57.842;536846059759359940;246;948;121
2021-11-13T12:00:57.861;536846059779111034;278;938;168
2021-11-13T12:00:57.881;536846059798862128;271;952;218
2021-11-13T12:00:57.901;536846059818613222;257;937;215
2021-11-13T12:00:57.921;536846059838364316;381;946;193
2021-11-13T12:00:57.940;536846059858115410;166;918;80
2021-11-13T12:00:57.960;536846059877866504;257;971;130
2021-11-13T12:00:57.980;536846059897617598;245;944;220
2021-11-13T12:00:58.000;536846059917368692;232;939;269
2021-11-13T12:00:58.019;536846059937119786;240;953;210
2021-11-13T12:00:58.039;536846059956870880;317;936;230
2021-11-13T12:00:58.059;536846059976621974;184;943;188
2021-11-13T12:00:58.079;536846059996367268;275;944;203
2021-11-13T12:00:58.098;536846060016112536;239;949;158
2021-11-13T12:00:58.118;536846060035857804;268;964;194
2021-11-13T12:00:58.138;536846060055603072;261;945;151
2021-11-13T12:00:58.158;536846060075348340;263;912;169
2021-11-13T12:00:58.177;536846060095093608;278;929;184
2021-11-13T12:00:58.197;536846060114838876;282;936;187
2021-11-13T12:00:58.217;536846060134584144;285;937;176
2021-11-13T12:00:58.237;536846060154329412;261;932;151
2021-11-13T12:00:58.256;536846060174074680;260;953;172
2021-11-13T12:00:58.276;536846060193819948;247;946;187
2021-11-13T12:00:58.296;536846060213565216;276;937;208
2021-11-13T12:00:58.316;536846060233310484;245;944;170
2021-11-13T12:00:58.335;536846060253055752;278;922;177
2021-11-13T12:00:58.355;536846060272801020;267;952;248
2021-11-13T12:00:58.375;536846060292546288;240;947;217
2021-11-13T12:00:58.395;536846060312291556;236;955;187
2021-11-13T12:00:58.414;536846060332036824;264;933;246
2021-11-13T12:00:58.434;536846060351782092;284;940;229
2021-11-13T12:00:58.454;536846060371527360;250;922;199
2021-11-13T12:00:58.474;536846060391272628;265;942;236
2021-11-13T12:00:58.493;536846060411017896;273;935;236
2021-11-13T12:00:58.513;536846060430763164;251;936;238
2021-11-13T12:00:58.533;536846060450508432;247;948;190
2021-11-13T12:00:58.552;536846060470253700;239;941;177
2021-11-13T12:00:58.572;536846060489998968;271;948;203
2021-11-13T12:00:58.592;536846060509744236;256;933;216
2021-11-13T12:00:58.612;536846060529489504;258;934;201
2021-11-13T12:00:58.631;536846060549234772;279;947;167
2021-11-13T12:00:58.651;536846060568980040;277;934;168
2021-11-13T12:00:58.671;536846060588725308;263;930;201
2021-11-13T12:00:58.691;536846060608470576;282;927;200
2021-11-13T12:00:58.710;536846060628215844;277;918;226
2021-11-13T12:00:58.730;536846060647961112;333;935;236
2021-11-13T12:00:58.750;536846060667706380;304;927;232
2021-11-13T12:00:58.770;536846060687451648;274;938;202
2021-11-13T12:00:58.789;536846060707215853;233;939;225
2021-11-13T12:00:58.809;536846060726980054;206;922;236
2021-11-13T12:00:58.829;536846060746744255;193;885;303
2021-11-13T12:00:58.849;536846060766508456;158;928;382
2021-11-13T12:00:58.869;536846060786272657;34;944;344
2021-11-13T12:00:58.888;536846060806036858;124;1084;484
2021-11-13T12:00:58.908;536846060825801059;342;1035;377
2021-11-13T12:00:58.928;536846060845565260;-12;935;105
2021-11-13T12:00:58.948;536846060865329461;60;926;61
2021-11-13T12:00:58.967;536846060885093662;68;932;122
2021-11-13T12:00:58.987;536846060904857863;114;965;95
2021-11-13T12:00:59.007;536846060924622064;382;924;-2
2021-11-13T12:00:59.027;536846060944386265;268;975;-122
2021-11-13T12:00:59.046;536846060964150466;226;945;92
2021-11-13T12:00:59.066;536846060983914667;375;976;17
2021-11-13T12:00:59.086;536846061003678868;231;913;3
2021-11-13T12:00:59.106;536846061023443069;125;902;116
2021-11-13T12:00:59.125;536846061043207270;224;1043;234
2021-11-13T12:00:59.145;536846061062971471;101;952;234
2021-11-13T12:00:59.165;536846061082735672;255;1016;214
2021-11-13T12:00:59.185;536846061102499873;253;1007;73
2021-11-13T12:00:59.205;536846061122264074;78;938;55
2021-11-13T12:00:59.224;536846061142028275;23;961;122
2021-11-13T12:00:59.244;536846061161792476;42;1028;55
2021-11-13T12:00:59.264;536846061181556677;213;1011;130
2021-11-13T12:00:59.284;536846061201320878;94;997;60
2021-11-13T12:00:59.303;536846061221085079;166;975;103
2021-11-13T12:00:59.323;536846061240849280;33;1010;-1
2021-11-13T12:00:59.343;536846061260613481;22;962;141
2021-11-13T12:00:59.363;536846061280377682;95;1002;144
2021-11-13T12:00:59.382;536846061300141883;99;979;2
2021-11-13T12:00:59.402;536846061319906084;46;986;-17
2021-11-13T12:00:59.422;536846061339670285;-31;989;22
2021-11-13T12:00:59.442;536846061359434486;6;987;-38
2021-11-13T12:00:59.461;536846061379198687;-7;949;-20
2021-11-13T12:00:59.481;536846061398962888;73;1008;-138
2021-11-13T12:00:59.501;536846061418724200;52;976;-80
2021-11-13T12:00:59.521;536846061438485488;-71;982;-30
2021-11-13T12:00:59.540;536846061458246776;-96;988;108
2021-11-13T12:00:59.560;536846061478008064;8;1003;-1
2021-11-13T12:00:59.580;536846061497769352;20;961;-115
2021-11-13T12:00:59.600;536846061517530640;10;1061;-154
2021-11-13T12:00:59.620;536846061537291928;-115;906;14
2021-11-13T12:00:59.639;536846061557053216;-56;1016;-21
2021-11-13T12:00:59.659;536846061576814504;60;967;-119
2021-11-13T12:00:59.679;536846061596575792;41;1021;-150
2021-11-13T12:00:59.699;536846061616337080;-37;980;-46
2021-11-13T12:00:59.718;536846061636098368;-71;1037;89
2021-11-13T12:00:59.738;536846061655859656;-38;984;174
2021-11-13T12:00:59.758;536846061675620944;-2;991;-84
2021-11-13T12:00:59.778;536846061695382232;42;937;-189
2021-11-13T12:00:59.797;536846061715143520;6;987;-142
2021-11-13T12:00:59.817;536846061734904808;-142;1031;70
2021-11-13T12:00:59.837;536846061754666096;-214;986;196
2021-11-13T12:00:59.857;536846061774427384;-94;997;75
2021-11-13T12:00:59.876;536846061794188672;85;947;-385
2021-11-13T12:00:59.896;536846061813949960;114;971;-354
2021-11-13T12:00:59.916;536846061833711248;-97;974;-103
2021-11-13T12:00:59.936;536846061853472536;-165;1034;175
2021-11-13T12:00:59.955;536846061873233824;-108;999;147
2021-11-13T12:00:59.975;536846061892995112;-6;979;-130
2021-11-13T12:00:59.995;536846061912756400;71;969;-339
2021-11-13T12:01:00.015;536846061932517688;-6;964;-173
2021-11-13T12:01:00.035;536846061952278976;-151;991;85
2021-11-13T12:01:00.054;536846061972040264;-115;1054;68
2021-11-13T12:01:00.074;536846061991801552;48;1004;-165
2021-11-13T12:01:00.094;536846062011562840;104;976;-160
2021-11-13T12:01:00.114;536846062031324128;-21;971;-129
2021-11-13T12:01:00.133;536846062051085416;-106;1025;53
2021-11-13T12:01:00.153;536846062070846704;-131;1040;300
2021-11-13T12:01:00.173;536846062090607992;-37;952;154
2021-11-13T12:01:00.193;536846062110369280;20;976;23
2021-11-13T12:01:00.212;536846062130117471;-110;987;257
2021-11-13T12:01:00.232;536846062149865652;-125;977;302
2021-11-13T12:01:00.252;536846062169613833;60;993;68
2021-11-13T12:01:00.272;536846062189362014;-7;1004;-202
2021-11-13T12:01:00.291;536846062209110195;79;978;-159
2021-11-13T12:01:00.311;536846062228858376;16;989;29
2021-11-13T12:01:00.331;536846062248606557;-161;978;192
2021-11-13T12:01:00.351;536846062268354738;-63;977;68
2021-11-13T12:01:00.370;536846062288102919;45;1007;137
2021-11-13T12:01:00.390;536846062307851100;-147;945;61
2021-11-13T12:01:00.410;536846062327599281;115;1046;-118
2021-11-13T12:01:00.430;536846062347347462;62;987;-141
2021-11-13T12:01:00.449;536846062367095643;-54;927;-29
2021-11-13T12:01:00.469;536846062386843824;-50;1041;283
2021-11-13T12:01:00.489;536846062406592005;-128;993;411
2021-11-13T12:01:00.509;536846062426340186;88;967;66
2021-11-13T12:01:00.528;536846062446088367;46;901;-56
2021-11-13T12:01:00.548;536846062465836548;35;1032;-9
2021-11-13T12:01:00.568;536846062485584729;-13;1023;304
2021-11-13T12:01:00.588;536846062505332910;-67;946;391
2021-11-13T12:01:00.607;536846062525081091;41;977;174
2021-11-13T12:01:00.627;536846062544829272;133;961;-42
2021-11-13T12:01:00.647;536846062564577453;13;954;52
2021-11-13T12:01:00.667;536846062584325634;6;1003;202
2021-11-13T12:01:00.686;536846062604073815;59;1000;168
2021-11-13T12:01:00.706;536846062623821996;134;962;-12
2021-11-13T12:01:00.726;536846062643570177;78;999;38
2021-11-13T12:01:00.746;536846062663318358;27;1001;239
2021-11-13T12:01:00.765;536846062683066539;87;986;486
2021-11-13T12:01:00.785;536846062702814720;48;873;487
2021-11-13T12:01:00.805;536846062722562901;152;882;384
2021-11-13T12:01:00.825;536846062742311082;99;962;251
2021-11-13T12:01:00.844;536846062762059263;197;1043;61
2021-11-13T12:01:00.864;536846062781807444;106;895;189
2021-11-13T12:01:00.884;536846062801555625;69;854;275
2021-11-13T12:01:00.904;536846062821303806;26;1052;384
2021-11-13T12:01:00.923;536846062841066584;16;880;205
2021-11-13T12:01:00.943;536846062860829328;135;917;33
2021-11-13T12:01:00.963;536846062880592072;118;992;132
2021-11-13T12:01:00.983;536846062900354816;101;944;216
2021-11-13T12:01:01.002;536846062920117560;48;886;174
2021-11-13T12:01:01.022;536846062939880304;170;1062;141
2021-11-13T12:01:01.042;536846062959643048;94;967;266
2021-11-13T12:01:01.062;536846062979405792;4;812;271
2021-11-13T12:01:01.081;536846062999168536;113;1152;126
2021-11-13T12:01:01.101;536846063018931280;156;937;84
2021-11-13T12:01:01.121;536846063038694024;71;950;235
2021-11-13T12:01:01.141;536846063058456768;-86;934;324
2021-11-13T12:01:01.160;536846063078219512;-43;969;256
2021-11-13T12:01:01.180;536846063097982256;94;1055;162
2021-11-13T12:01:01.200;536846063117745000;104;945;93
2021-11-13T12:01:01.220;536846063137507744;49;908;185
2021-11-13T12:01:01.240;536846063157270488;-65;975;266
2021-11-13T12:01:01.259;536846063177033232;-72;983;270
2021-11-13T12:01:01.279;536846063196795976;46;984;184
2021-11-13T12:01:01.299;536846063216558720;92;973;135
2021-11-13T12:01:01.319;536846063236321464;0;932;47
2021-11-13T12:01:01.338;536846063256084208;27;1028;161
2021-11-13T12:01:01.358;536846063275846952;-71;955;300
2021-11-13T12:01:01.378;536846063295609696;11;942;262
2021-11-13T12:01:01.398;536846063315372440;1;1007;114
2021-11-13T12:01:01.417;536846063335135184;-21;930;168
2021-11-13T12:01:01.437;536846063354897928;-63;1007;145
2021-11-13T12:01:01.457;536846063374660672;-59;991;61
2021-11-13T12:01:01.477;536846063394423416;78;961;92
2021-11-13T12:01:01.496;536846063414186160;-12;996;67
2021-11-13T12:01:01.516;536846063433948904;-81;971;192
2021-11-13T12:01:01.536;536846063453711648;-200;953;273
2021-11-13T12:01:01.556;536846063473474392;-29;1042;205
2021-11-13T12:01:01.575;536846063493237136;6;972;34
2021-11-13T12:01:01.595;536846063512999880;14;936;-23
2021-11-13T12:01:01.615;536846063532762624;-13;946;166
2021-11-13T12:01:01.635;536846063552523930;-177;1036;241
2021-11-13T12:01:01.655;536846063572285218;-68;1024;211
2021-11-13T12:01:01.674;536846063592046506;-114;911;-1
2021-11-13T12:01:01.694;536846063611807794;126;1004;-63
2021-11-13T12:01:01.714;536846063631569082;-47;1017;83
2021-11-13T12:01:01.734;536846063651330370;-160;911;282
2021-11-13T12:01:01.753;536846063671091658;-159;1038;235
2021-11-13T12:01:01.773;536846063690852946;33;1073;8
2021-11-13T12:01:01.793;536846063710614234;11;880;53
2021-11-13T12:01:01.813;536846063730375522;-129;949;-16
2021-11-13T12:01:01.832;536846063750136810;-11;1002;163
2021-11-13T12:01:01.852;536846063769898098;-191;968;175
2021-11-13T12:01:01.872;536846063789659386;41;1036;162
2021-11-13T12:01:01.892;536846063809420674;32;954;86
2021-11-13T12:01:01.911;536846063829181962;-75;963;-10
2021-11-13T12:01:01.931;536846063848943250;-146;1000;-58
2021-11-13T12:01:01.951;536846063868704538;-40;969;151
2021-11-13T12:01:01.971;536846063888465826;-83;1057;44
2021-11-13T12:01:01.990;536846063908227114;46;968;56
2021-11-13T12:01:02.010;536846063927988402;-89;930;71
2021-11-13T12:01:02.030;536846063947749690;-68;1039;92
2021-11-13T12:01:02.050;536846063967510978;-92;1029;124
2021-11-13T12:01:02.070;536846063987272266;0;946;46
2021-11-13T12:01:02.089;536846064007033554;16;969;72
2021-11-13T12:01:02.109;536846064026794842;-69;962;114
2021-11-13T12:01:02.129;536846064046556130;-101;1022;175
2021-11-13T12:01:02.149;536846064066317418;53;1031;82
2021-11-13T12:01:02.168;536846064086078706;16;932;1
2021-11-13T12:01:02.188;536846064105839994;-23;980;38
2021-11-13T12:01:02.208;536846064125601282;-11;979;60
2021-11-13T12:01:02.228;536846064145362570;8;973;-32
2021-11-13T12:01:02.247;536846064165123858;58;1056;37
2021-11-13T12:01:02.267;536846064184885146;-75;959;157
2021-11-13T12:01:02.287;536846064204646434;-117;990;116
2021-11-13T12:01:02.307;536846064224407722;0;978;112
2021-11-13T12:01:02.326;536846064244169010;-11;973;80
