Phone timestamp;sensor timestamp [ns];X [mg];Y [mg];Z [mg]
2021-11-13T11:58:09.880;536845994380472061;870;489;-2
2021-11-13T11:58:09.899;536845994400169270;864;489;-5
2021-11-13T11:58:09.919;536845994419866479;860;491;3
2021-11-13T11:58:09.939;536845994439563688;864;497;9
2021-11-13T11:58:09.958;536845994459260897;877;498;12
2021-11-13T11:58:09.978;536845994478958106;881;500;17
2021-11-13T11:58:09.998;536845994498655315;886;503;24
2021-11-13T11:58:10.017;536845994518352524;894;502;30
2021-11-13T11:58:10.037;536845994538049733;904;498;36
2021-11-13T11:58:10.057;536845994557746942;894;500;36
2021-11-13T11:58:10.076;536845994577444151;887;502;35
2021-11-13T11:58:10.096;536845994597141360;885;503;36
2021-11-13T11:58:10.116;536845994616838569;883;503;37
2021-11-13T11:58:10.136;536845994636535778;879;492;36
2021-11-13T11:58:10.155;536845994656232987;868;490;38
2021-11-13T11:58:10.175;536845994675930196;852;487;35
2021-11-13T11:58:10.195;536845994695627405;840;484;32
2021-11-13T11:58:10.214;536845994715324614;845;478;21
2021-11-13T11:58:10.234;536845994735021823;853;463;3
2021-11-13T11:58:10.254;536845994754719032;867;454;-7
2021-11-13T11:58:10.273;536845994774416241;876;447;-17
2021-11-13T11:58:10.293;536845994794113450;868;447;-21
2021-11-13T11:58:10.313;536845994813810659;861;449;-14
2021-11-13T11:58:10.333;536845994833507868;855;458;-5
2021-11-13T11:58:10.352;536845994853205077;863;467;9
2021-11-13T11:58:10.372;536845994872902286;883;481;47
2021-11-13T11:58:10.392;536845994892599495;932;496;102
2021-11-13T11:58:10.411;536845994912296704;1004;517;160
2021-11-13T11:58:10.431;536845994931993913;1041;520;223
2021-11-13T11:58:10.451;536845994951691122;1147;569;348
2021-11-13T11:58:10.470;536845994971388331;1349;599;434
2021-11-13T11:58:10.490;536845994991085540;1400;578;428
2021-11-13T11:58:10.510;536845995010782749;1234;536;357
2021-11-13T11:58:10.530;536845995030479958;1010;496;313
2021-11-13T11:58:10.549;536845995050177167;827;483;290
2021-11-13T11:58:10.569;536845995069874376;733;477;260
2021-11-13T11:58:10.589;536845995089571585;676;455;237
2021-11-13T11:58:10.608;536845995109268794;650;411;217
2021-11-13T11:58:10.628;536845995128966003;642;361;186
2021-11-13T11:58:10.648;536845995148663212;641;306;173
2021-11-13T11:58:10.667;536845995168360421;668;287;182
2021-11-13T11:58:10.687;536845995188057630;713;281;181
2021-11-13T11:58:10.707;536845995207754839;746;280;184
2021-11-13T11:58:10.726;536845995227452048;768;284;183
2021-11-13T11:58:10.746;536845995247149257;784;299;186
2021-11-13T11:58:10.766;536845995266846466;863;348;239
2021-11-13T11:58:10.786;536845995286543675;1037;411;364
2021-11-13T11:58:10.805;536845995306240884;1295;461;481
2021-11-13T11:58:10.825;536845995325938093;1446;415;577
2021-11-13T11:58:10.845;536845995345635302;1370;323;644
2021-11-13T11:58:10.864;536845995365332511;1225;298;667
2021-11-13T11:58:10.884;536845995385029720;1050;385;667
2021-11-13T11:58:10.904;536845995404726929;1080;510;596
2021-11-13T11:58:10.923;536845995424424138;1154;596;568
2021-11-13T11:58:10.943;536845995444121347;1205;556;578
2021-11-13T11:58:10.963;536845995463818556;1163;497;657
2021-11-13T11:58:10.983;536845995483515765;999;456;775
2021-11-13T11:58:11.002;536845995503212974;933;481;868
2021-11-13T11:58:11.022;536845995522910183;717;452;823
2021-11-13T11:58:11.042;536845995542607392;574;396;776
2021-11-13T11:58:11.061;536845995562304601;619;367;762
2021-11-13T11:58:11.081;536845995582001810;683;334;743
2021-11-13T11:58:11.101;536845995601699019;759;333;693
2021-11-13T11:58:11.120;536845995621396228;785;321;616
2021-11-13T11:58:11.140;536845995641093437;802;285;529
2021-11-13T11:58:11.160;536845995660790646;759;237;432
2021-11-13T11:58:11.180;536845995680487855;687;163;281
2021-11-13T11:58:11.199;536845995700185064;586;27;190
2021-11-13T11:58:11.219;536845995719882273;452;-36;103
2021-11-13T11:58:11.239;536845995739579482;260;-22;80
2021-11-13T11:58:11.258;536845995759276691;132;-5;87
2021-11-13T11:58:11.278;536845995778973900;127;3;118
2021-11-13T11:58:11.298;536845995798666763;219;21;136
2021-11-13T11:58:11.317;536845995818359602;263;47;95
2021-11-13T11:58:11.337;536845995838052441;202;76;-13
2021-11-13T11:58:11.357;536845995857745280;181;217;-81
2021-11-13T11:58:11.376;536845995877438119;295;430;-111
2021-11-13T11:58:11.396;536845995897130958;365;579;-126
2021-11-13T11:58:11.416;536845995916823797;477;727;-95
2021-11-13T11:58:11.436;536845995936516636;820;1132;34
2021-11-13T11:58:11.455;536845995956209475;835;1503;47
2021-11-13T11:58:11.475;536845995975902314;948;1626;320
2021-11-13T11:58:11.495;536845995995595153;1358;1638;357
2021-11-13T11:58:11.514;536845996015287992;1748;1294;362
2021-11-13T11:58:11.534;536845996034980831;1696;1188;518
2021-11-13T11:58:11.554;536845996054673670;1313;980;457
2021-11-13T11:58:11.573;536845996074366509;1070;654;418
2021-11-13T11:58:11.593;536845996094059348;778;414;298
2021-11-13T11:58:11.613;536845996113752187;543;259;222
2021-11-13T11:58:11.632;536845996133445026;468;228;212
2021-11-13T11:58:11.652;536845996153137865;388;166;165
2021-11-13T11:58:11.672;536845996172830704;225;71;93
2021-11-13T11:58:11.692;536845996192523543;107;8;45
2021-11-13T11:58:11.711;536845996212216382;144;20;34
2021-11-13T11:58:11.731;536845996231909221;293;91;94
2021-11-13T11:58:11.751;536845996251602060;397;154;127
2021-11-13T11:58:11.770;536845996271294899;476;207;132
2021-11-13T11:58:11.790;536845996290987738;574;268;127
2021-11-13T11:58:11.810;536845996310680577;622;364;115
2021-11-13T11:58:11.829;536845996330373416;673;462;78
2021-11-13T11:58:11.849;536845996350066255;756;563;35
2021-11-13T11:58:11.869;536845996369759094;851;706;10
2021-11-13T11:58:11.888;536845996389451933;927;798;5
2021-11-13T11:58:11.908;536845996409144772;980;825;20
2021-11-13T11:58:11.928;536845996428837611;968;828;28
2021-11-13T11:58:11.948;536845996448530450;925;795;7
2021-11-13T11:58:11.967;536845996468223289;887;749;3
2021-11-13T11:58:11.987;536845996487916128;903;701;-1
2021-11-13T11:58:12.007;536845996507608968;892;673;-13
2021-11-13T11:58:12.026;536845996527301808;876;644;-20
2021-11-13T11:58:12.046;536845996546994648;821;619;-28
2021-11-13T11:58:12.066;536845996566687488;764;589;-32
2021-11-13T11:58:12.085;536845996586380328;758;545;-48
2021-11-13T11:58:12.105;536845996606073168;758;528;-57
2021-11-13T11:58:12.125;536845996625766008;747;516;-62
2021-11-13T11:58:12.144;536845996645458848;751;527;-68
2021-11-13T11:58:12.164;536845996665151688;757;530;-67
2021-11-13T11:58:12.184;536845996684844528;775;548;-77
2021-11-13T11:58:12.204;536845996704537368;860;589;-77
2021-11-13T11:58:12.223;536845996724230208;969;713;-51
2021-11-13T11:58:12.243;536845996743923048;1023;856;40
2021-11-13T11:58:12.263;536845996763615888;1211;983;31
2021-11-13T11:58:12.282;536845996783308728;1461;1090;45
2021-11-13T11:58:12.302;536845996803001568;1727;1119;85
2021-11-13T11:58:12.322;536845996822694408;1803;1207;203
2021-11-13T11:58:12.341;536845996842387248;1789;1239;258
2021-11-13T11:58:12.361;536845996862080088;1624;1200;286
2021-11-13T11:58:12.381;536845996881772928;1433;1089;277
2021-11-13T11:58:12.400;536845996901465768;1283;938;229
2021-11-13T11:58:12.420;536845996921158608;1171;817;197
2021-11-13T11:58:12.440;536845996940851448;1070;748;184
2021-11-13T11:58:12.460;536845996960544288;932;692;174
2021-11-13T11:58:12.479;536845996980237128;805;597;153
2021-11-13T11:58:12.499;536845996999929968;762;497;132
2021-11-13T11:58:12.519;536845997019622808;747;435;115
2021-11-13T11:58:12.538;536845997039315648;639;411;111
2021-11-13T11:58:12.558;536845997059008488;529;535;196
2021-11-13T11:58:12.578;536845997078701328;708;963;665
2021-11-13T11:58:12.597;536845997098394168;724;214;557
2021-11-13T11:58:12.617;536845997118087008;217;29;246
2021-11-13T11:58:12.637;536845997137779848;526;224;131
2021-11-13T11:58:12.657;536845997157472688;537;140;165
2021-11-13T11:58:12.676;536845997177165528;449;105;207
2021-11-13T11:58:12.696;536845997196858368;535;106;246
2021-11-13T11:58:12.716;536845997216548299;692;149;213
2021-11-13T11:58:12.735;536845997236238226;766;193;178
2021-11-13T11:58:12.755;536845997255928153;812;227;160
2021-11-13T11:58:12.775;536845997275618080;739;215;91
2021-11-13T11:58:12.794;536845997295308007;588;157;41
2021-11-13T11:58:12.814;536845997314997934;489;121;13
2021-11-13T11:58:12.834;536845997334687861;448;76;-1
2021-11-13T11:58:12.853;536845997354377788;446;17;-7
2021-11-13T11:58:12.873;536845997374067715;438;-7;-3
2021-11-13T11:58:12.893;536845997393757642;401;-20;13
2021-11-13T11:58:12.912;536845997413447569;379;-20;38
2021-11-13T11:58:12.932;536845997433137496;421;-10;89
2021-11-13T11:58:12.952;536845997452827423;466;11;172
2021-11-13T11:58:12.972;536845997472517350;495;41;250
2021-11-13T11:58:12.991;536845997492207277;561;78;310
2021-11-13T11:58:13.011;536845997511897204;631;121;371
2021-11-13T11:58:13.031;536845997531587131;689;184;417
2021-11-13T11:58:13.050;536845997551277058;744;239;483
2021-11-13T11:58:13.070;536845997570966985;841;282;536
2021-11-13T11:58:13.090;536845997590656912;931;336;568
2021-11-13T11:58:13.109;536845997610346839;955;370;550
2021-11-13T11:58:13.129;536845997630036766;926;356;508
2021-11-13T11:58:13.149;536845997649726693;950;358;490
2021-11-13T11:58:13.168;536845997669416620;995;365;476
2021-11-13T11:58:13.188;536845997689106547;1009;326;450
2021-11-13T11:58:13.208;536845997708796474;1032;282;424
2021-11-13T11:58:13.228;536845997728486401;1029;254;429
2021-11-13T11:58:13.247;536845997748176328;989;257;444
2021-11-13T11:58:13.267;536845997767866255;941;280;472
2021-11-13T11:58:13.287;536845997787556182;887;285;486
2021-11-13T11:58:13.306;536845997807246109;870;286;484
2021-11-13T11:58:13.326;536845997826936036;862;300;485
2021-11-13T11:58:13.346;536845997846625963;849;288;476
2021-11-13T11:58:13.365;536845997866315890;822;270;476
2021-11-13T11:58:13.385;536845997886005817;835;272;481
2021-11-13T11:58:13.405;536845997905695744;852;289;484
2021-11-13T11:58:13.424;536845997925390044;866;281;478
2021-11-13T11:58:13.444;536845997945084340;882;269;479
2021-11-13T11:58:13.464;536845997964778636;860;277;487
2021-11-13T11:58:13.484;536845997984472932;825;294;494
2021-11-13T11:58:13.503;536845998004167228;828;310;503
2021-11-13T11:58:13.523;536845998023861524;849;328;518
2021-11-13T11:58:13.543;536845998043555820;879;317;512
2021-11-13T11:58:13.562;536845998063250116;896;302;505
2021-11-13T11:58:13.582;536845998082944412;911;306;503
2021-11-13T11:58:13.602;536845998102638708;934;350;523
2021-11-13T11:58:13.621;536845998122333004;922;366;532
2021-11-13T11:58:13.641;536845998142027300;904;363;538
2021-11-13T11:58:13.661;536845998161721596;936;350;542
2021-11-13T11:58:13.680;536845998181415892;943;323;548
2021-11-13T11:58:13.700;536845998201110188;903;296;550
2021-11-13T11:58:13.720;536845998220804484;876;284;548
2021-11-13T11:58:13.740;536845998240498780;863;282;541
2021-11-13T11:58:13.759;536845998260193076;863;283;532
2021-11-13T11:58:13.779;536845998279887372;879;280;522
2021-11-13T11:58:13.799;536845998299581668;857;268;522
2021-11-13T11:58:13.818;536845998319275964;843;258;527
2021-11-13T11:58:13.838;536845998338970260;811;246;534
2021-11-13T11:58:13.858;536845998358664556;792;252;528
2021-11-13T11:58:13.877;536845998378358852;780;252;525
2021-11-13T11:58:13.897;536845998398053148;820;252;529
2021-11-13T11:58:13.917;536845998417747444;861;268;536
2021-11-13T11:58:13.936;536845998437441740;872;265;548
2021-11-13T11:58:13.956;536845998457136036;903;263;557
2021-11-13T11:58:13.976;536845998476830332;943;282;559
2021-11-13T11:58:13.996;536845998496524628;982;304;582
2021-11-13T11:58:14.015;536845998516218924;1008;324;602
2021-11-13T11:58:14.035;536845998535913220;1061;344;617
2021-11-13T11:58:14.055;536845998555607516;1128;374;651
2021-11-13T11:58:14.074;536845998575301812;1197;398;700
2021-11-13T11:58:14.094;536845998594996108;1234;434;743
2021-11-13T11:58:14.114;536845998614690404;1245;455;778
2021-11-13T11:58:14.133;536845998634377434;1247;462;797
2021-11-13T11:58:14.153;536845998654064448;1205;456;801
2021-11-13T11:58:14.173;536845998673751462;1131;421;786
2021-11-13T11:58:14.192;536845998693438476;1099;388;757
2021-11-13T11:58:14.212;536845998713125490;1055;333;707
2021-11-13T11:58:14.232;536845998732812504;1020;274;642
2021-11-13T11:58:14.252;536845998752499518;959;243;595
2021-11-13T11:58:14.271;536845998772186532;891;229;569
2021-11-13T11:58:14.291;536845998791873546;824;211;552
2021-11-13T11:58:14.311;536845998811560560;794;197;541
2021-11-13T11:58:14.330;536845998831247574;760;196;540
2021-11-13T11:58:14.350;536845998850934588;766;204;547
2021-11-13T11:58:14.370;536845998870621602;764;212;567
2021-11-13T11:58:14.389;536845998890308616;776;212;579
2021-11-13T11:58:14.409;536845998909995630;776;213;574
2021-11-13T11:58:14.429;536845998929682644;762;223;556
2021-11-13T11:58:14.448;536845998949369658;729;228;541
2021-11-13T11:58:14.468;536845998969056672;673;212;535
2021-11-13T11:58:14.488;536845998988743686;643;205;515
2021-11-13T11:58:14.507;536845999008430700;654;191;495
2021-11-13T11:58:14.527;536845999028117714;704;180;478
2021-11-13T11:58:14.547;536845999047804728;690;179;462
2021-11-13T11:58:14.567;536845999067491742;675;181;469
2021-11-13T11:58:14.586;536845999087178756;684;187;478
2021-11-13T11:58:14.606;536845999106865770;645;174;483
2021-11-13T11:58:14.626;536845999126552784;645;161;486
2021-11-13T11:58:14.645;536845999146239798;642;154;482
2021-11-13T11:58:14.665;536845999165926812;623;144;482
2021-11-13T11:58:14.685;536845999185613826;610;149;496
2021-11-13T11:58:14.704;536845999205300840;623;166;510
2021-11-13T11:58:14.724;536845999224987854;620;166;513
2021-11-13T11:58:14.744;536845999244674868;609;162;492
2021-11-13T11:58:14.763;536845999264361882;614;190;489
2021-11-13T11:58:14.783;536845999284048896;605;213;481
2021-11-13T11:58:14.803;536845999303735910;645;233;485
2021-11-13T11:58:14.822;536845999323422924;739;276;482
2021-11-13T11:58:14.842;536845999343109950;780;297;479
2021-11-13T11:58:14.862;536845999362796964;872;313;462
2021-11-13T11:58:14.882;536845999382483978;889;341;442
2021-11-13T11:58:14.901;536845999402170992;882;375;446
2021-11-13T11:58:14.921;536845999421858006;807;378;443
2021-11-13T11:58:14.941;536845999441545020;750;374;437
2021-11-13T11:58:14.960;536845999461232034;685;331;419
2021-11-13T11:58:14.980;536845999480919048;620;268;406
2021-11-13T11:58:15.000;536845999500606062;567;234;389
2021-11-13T11:58:15.019;536845999520293076;540;203;371
2021-11-13T11:58:15.039;536845999539980090;522;189;370
2021-11-13T11:58:15.059;536845999559667104;525;172;381
2021-11-13T11:58:15.078;536845999579354118;538;163;399
2021-11-13T11:58:15.098;536845999599041132;541;179;420
2021-11-13T11:58:15.118;536845999618728146;567;190;433
2021-11-13T11:58:15.137;536845999638415160;604;205;438
2021-11-13T11:58:15.157;536845999658102174;632;236;457
2021-11-13T11:58:15.177;536845999677789188;686;272;476
2021-11-13T11:58:15.197;536845999697476202;733;285;478
2021-11-13T11:58:15.216;536845999717163216;757;292;482
2021-11-13T11:58:15.236;536845999736850230;791;294;484
2021-11-13T11:58:15.256;536845999756537244;801;307;486
2021-11-13T11:58:15.275;536845999776224258;817;327;504
2021-11-13T11:58:15.295;536845999795911272;820;319;533
2021-11-13T11:58:15.315;536845999815598286;839;318;546
2021-11-13T11:58:15.334;536845999835285300;829;313;541
2021-11-13T11:58:15.354;536845999854972314;818;306;541
2021-11-13T11:58:15.374;536845999874659328;818;293;555
2021-11-13T11:58:15.393;536845999894346342;793;284;568
2021-11-13T11:58:15.413;536845999914033356;775;272;586
2021-11-13T11:58:15.433;536845999933720370;771;270;602
2021-11-13T11:58:15.452;536845999953407384;772;277;604
2021-11-13T11:58:15.472;536845999973094398;761;284;598
2021-11-13T11:58:15.492;536845999992781412;764;294;602
2021-11-13T11:58:15.511;536846000012468426;786;302;597
2021-11-13T11:58:15.531;536846000032155440;799;295;584
2021-11-13T11:58:15.551;536846000051846843;795;298;568
2021-11-13T11:58:15.571;536846000071538226;795;302;558
2021-11-13T11:58:15.590;536846000091229609;782;299;560
2021-11-13T11:58:15.610;536846000110920992;789;301;565
2021-11-13T11:58:15.630;536846000130612375;777;308;563
2021-11-13T11:58:15.649;536846000150303758;781;335;560
2021-11-13T11:58:15.669;536846000169995141;768;328;557
2021-11-13T11:58:15.689;536846000189686524;761;313;551
2021-11-13T11:58:15.708;536846000209377907;757;300;529
2021-11-13T11:58:15.728;536846000229069290;747;289;527
2021-11-13T11:58:15.748;536846000248760673;754;270;541
2021-11-13T11:58:15.767;536846000268452056;749;267;559
2021-11-13T11:58:15.787;536846000288143439;751;288;578
2021-11-13T11:58:15.807;536846000307834822;759;303;593
2021-11-13T11:58:15.827;536846000327526205;775;329;608
2021-11-13T11:58:15.846;536846000347217588;795;340;614
2021-11-13T11:58:15.866;536846000366908971;822;355;613
2021-11-13T11:58:15.886;536846000386600354;822;352;613
2021-11-13T11:58:15.905;536846000406291737;807;354;619
2021-11-13T11:58:15.925;536846000425983120;801;342;615
2021-11-13T11:58:15.945;536846000445674503;789;323;611
2021-11-13T11:58:15.964;536846000465365886;787;311;613
2021-11-13T11:58:15.984;536846000485057269;792;305;608
2021-11-13T11:58:16.004;536846000504748652;799;309;609
2021-11-13T11:58:16.023;536846000524440035;800;316;612
2021-11-13T11:58:16.043;536846000544131418;789;338;612
2021-11-13T11:58:16.063;536846000563822801;766;350;608
2021-11-13T11:58:16.083;536846000583514184;763;341;602
2021-11-13T11:58:16.102;536846000603205567;769;329;579
2021-11-13T11:58:16.122;536846000622896950;781;306;562
2021-11-13T11:58:16.142;536846000642588333;783;292;563
2021-11-13T11:58:16.161;536846000662279716;766;302;568
2021-11-13T11:58:16.181;536846000681971099;760;298;579
2021-11-13T11:58:16.201;536846000701662482;766;294;583
2021-11-13T11:58:16.220;536846000721353865;763;292;579
2021-11-13T11:58:16.240;536846000741045248;762;299;580
2021-11-13T11:58:16.260;536846000760742484;767;308;576
2021-11-13T11:58:16.279;536846000780439692;766;333;581
2021-11-13T11:58:16.299;536846000800136900;766;329;577
2021-11-13T11:58:16.319;536846000819834108;779;338;585
2021-11-13T11:58:16.339;536846000839531316;765;344;580
2021-11-13T11:58:16.358;536846000859228524;762;331;577
2021-11-13T11:58:16.378;536846000878925732;765;332;574
2021-11-13T11:58:16.398;536846000898622940;759;321;563
2021-11-13T11:58:16.417;536846000918320148;759;314;555
2021-11-13T11:58:16.437;536846000938017356;757;303;554
2021-11-13T11:58:16.457;536846000957714564;758;304;555
2021-11-13T11:58:16.476;536846000977411772;748;296;545
2021-11-13T11:58:16.496;536846000997108980;751;276;548
2021-11-13T11:58:16.516;536846001016806188;745;278;553
2021-11-13T11:58:16.536;536846001036503396;721;282;560
2021-11-13T11:58:16.555;536846001056200604;738;279;580
2021-11-13T11:58:16.575;536846001075897812;758;273;590
2021-11-13T11:58:16.595;536846001095595020;762;278;601
2021-11-13T11:58:16.614;536846001115292228;763;289;608
2021-11-13T11:58:16.634;536846001134989436;762;286;612
2021-11-13T11:58:16.654;536846001154686644;773;284;615
2021-11-13T11:58:16.673;536846001174383852;779;293;618
2021-11-13T11:58:16.693;536846001194081060;782;301;621
2021-11-13T11:58:16.713;536846001213778268;796;303;621
2021-11-13T11:58:16.733;536846001233475476;806;308;615
2021-11-13T11:58:16.752;536846001253172684;809;304;602
2021-11-13T11:58:16.772;536846001272869892;800;302;594
2021-11-13T11:58:16.792;536846001292567100;773;301;581
2021-11-13T11:58:16.811;536846001312264308;763;300;574
2021-11-13T11:58:16.831;536846001331961516;757;291;563
2021-11-13T11:58:16.851;536846001351658724;752;277;568
2021-11-13T11:58:16.870;536846001371355932;744;265;568
2021-11-13T11:58:16.890;536846001391053140;747;261;568
2021-11-13T11:58:16.910;536846001410750348;750;273;569
2021-11-13T11:58:16.929;536846001430447556;755;287;575
2021-11-13T11:58:16.949;536846001450144764;760;293;573
2021-11-13T11:58:16.969;536846001469836163;764;291;578
2021-11-13T11:58:16.989;536846001489527546;763;287;572
2021-11-13T11:58:17.008;536846001509218929;769;283;569
2021-11-13T11:58:17.028;536846001528910312;766;283;572
2021-11-13T11:58:17.048;536846001548601695;760;263;586
2021-11-13T11:58:17.067;536846001568293078;765;249;605
2021-11-13T11:58:17.087;536846001587984461;771;242;623
2021-11-13T11:58:17.107;536846001607675844;766;237;645
2021-11-13T11:58:17.126;536846001627367227;763;235;659
2021-11-13T11:58:17.146;536846001647058610;760;239;671
2021-11-13T11:58:17.166;536846001666749993;750;240;680
2021-11-13T11:58:17.185;536846001686441376;739;239;697
2021-11-13T11:58:17.205;536846001706132759;714;236;701
2021-11-13T11:58:17.225;536846001725824142;684;235;687
2021-11-13T11:58:17.245;536846001745515525;659;235;645
2021-11-13T11:58:17.264;536846001765206908;646;240;612
2021-11-13T11:58:17.284;536846001784898291;648;254;565
2021-11-13T11:58:17.304;536846001804589674;690;280;524
2021-11-13T11:58:17.323;536846001824281057;735;293;494
2021-11-13T11:58:17.343;536846001843972440;748;291;491
2021-11-13T11:58:17.363;536846001863663823;796;304;494
2021-11-13T11:58:17.382;536846001883355206;809;330;507
2021-11-13T11:58:17.402;536846001903046589;863;370;548
2021-11-13T11:58:17.422;536846001922737972;874;371;596
2021-11-13T11:58:17.441;536846001942429355;886;372;637
2021-11-13T11:58:17.461;536846001962120738;895;378;709
2021-11-13T11:58:17.481;536846001981812121;929;385;761
2021-11-13T11:58:17.501;536846002001503504;976;384;819
2021-11-13T11:58:17.520;536846002021194887;1008;369;870
2021-11-13T11:58:17.540;536846002040886270;1036;346;912
2021-11-13T11:58:17.560;536846002060577653;997;360;937
2021-11-13T11:58:17.579;536846002080269036;997;424;934
2021-11-13T11:58:17.599;536846002099960419;972;485;889
2021-11-13T11:58:17.619;536846002119651802;942;500;852
2021-11-13T11:58:17.638;536846002139343185;920;462;780
2021-11-13T11:58:17.658;536846002159034568;855;382;740
2021-11-13T11:58:17.678;536846002178724503;797;307;719
2021-11-13T11:58:17.697;536846002198414430;766;249;708
2021-11-13T11:58:17.717;536846002218104357;731;234;670
2021-11-13T11:58:17.737;536846002237794284;693;238;635
2021-11-13T11:58:17.757;536846002257484211;656;244;615
2021-11-13T11:58:17.776;536846002277174138;634;260;611
2021-11-13T11:58:17.796;536846002296864065;607;283;613
2021-11-13T11:58:17.816;536846002316553992;631;302;616
2021-11-13T11:58:17.835;536846002336243919;650;294;609
2021-11-13T11:58:17.855;536846002355933846;639;316;606
2021-11-13T11:58:17.875;536846002375623773;634;346;606
2021-11-13T11:58:17.894;536846002395313700;609;359;600
2021-11-13T11:58:17.914;536846002415003627;627;364;596
2021-11-13T11:58:17.934;536846002434693554;625;382;591
2021-11-13T11:58:17.953;536846002454383481;669;397;588
2021-11-13T11:58:17.973;536846002474073408;678;389;584
2021-11-13T11:58:17.993;536846002493763335;690;387;599
2021-11-13T11:58:18.012;536846002513453262;657;386;612
2021-11-13T11:58:18.032;536846002533143189;633;388;632
2021-11-13T11:58:18.052;536846002552833116;626;393;655
2021-11-13T11:58:18.072;536846002572523043;631;404;658
2021-11-13T11:58:18.091;536846002592212970;646;403;644
2021-11-13T11:58:18.111;536846002611902897;693;412;639
2021-11-13T11:58:18.131;536846002631592824;684;392;620
2021-11-13T11:58:18.150;536846002651282751;665;373;607
2021-11-13T11:58:18.170;536846002670972678;678;350;567
2021-11-13T11:58:18.190;536846002690662605;637;321;537
2021-11-13T11:58:18.209;536846002710352532;604;309;515
2021-11-13T11:58:18.229;536846002730042459;551;306;495
2021-11-13T11:58:18.249;536846002749732386;533;301;490
2021-11-13T11:58:18.268;536846002769422313;532;287;494
2021-11-13T11:58:18.288;536846002789112240;549;263;515
2021-11-13T11:58:18.308;536846002808802167;605;266;567
2021-11-13T11:58:18.328;536846002828492094;639;312;616
2021-11-13T11:58:18.347;536846002848182021;679;370;674
2021-11-13T11:58:18.367;536846002867871948;721;437;711
2021-11-13T11:58:18.387;536846002887564811;702;469;700
2021-11-13T11:58:18.406;536846002907257650;733;468;676
2021-11-13T11:58:18.426;536846002926950489;765;407;650
2021-11-13T11:58:18.446;536846002946643328;762;372;608
2021-11-13T11:58:18.465;536846002966336167;666;373;555
2021-11-13T11:58:18.485;536846002986029006;575;352;498
2021-11-13T11:58:18.505;536846003005721845;502;307;464
2021-11-13T11:58:18.524;536846003025414684;478;287;405
2021-11-13T11:58:18.544;536846003045107523;443;255;371
2021-11-13T11:58:18.564;536846003064800362;403;242;354
2021-11-13T11:58:18.584;536846003084493201;408;222;345
2021-11-13T11:58:18.603;536846003104186040;428;181;350
2021-11-13T11:58:18.623;536846003123878879;460;200;365
2021-11-13T11:58:18.643;536846003143571718;489;228;397
2021-11-13T11:58:18.662;536846003163264557;521;237;441
2021-11-13T11:58:18.682;536846003182957396;588;264;481
2021-11-13T11:58:18.702;536846003202650235;615;285;519
2021-11-13T11:58:18.721;536846003222343074;630;341;562
2021-11-13T11:58:18.741;536846003242035913;662;412;595
2021-11-13T11:58:18.761;536846003261728752;704;455;613
2021-11-13T11:58:18.780;536846003281421591;773;458;622
2021-11-13T11:58:18.800;536846003301114430;794;432;624
2021-11-13T11:58:18.820;536846003320807269;803;394;624
2021-11-13T11:58:18.840;536846003340500108;780;383;627
2021-11-13T11:58:18.859;536846003360192947;757;366;614
2021-11-13T11:58:18.879;536846003379885786;733;359;614
2021-11-13T11:58:18.899;536846003399578625;705;357;612
2021-11-13T11:58:18.918;536846003419271464;682;327;609
2021-11-13T11:58:18.938;536846003438964303;694;303;613
2021-11-13T11:58:18.958;536846003458657142;697;297;612
2021-11-13T11:58:18.977;536846003478349981;678;294;609
2021-11-13T11:58:18.997;536846003498042820;687;291;605
2021-11-13T11:58:19.017;536846003517735659;676;303;600
2021-11-13T11:58:19.036;536846003537428498;673;315;593
2021-11-13T11:58:19.056;536846003557121337;665;310;597
2021-11-13T11:58:19.076;536846003576814176;668;318;609
2021-11-13T11:58:19.096;536846003596507016;689;347;635
2021-11-13T11:58:19.115;536846003616199856;712;364;670
2021-11-13T11:58:19.135;536846003635892696;733;352;711
2021-11-13T11:58:19.155;536846003655585536;716;379;734
2021-11-13T11:58:19.174;536846003675278376;641;389;722
2021-11-13T11:58:19.194;536846003694971216;618;414;695
2021-11-13T11:58:19.214;536846003714664056;613;428;699
2021-11-13T11:58:19.233;536846003734356896;618;450;698
2021-11-13T11:58:19.253;536846003754049736;616;463;677
2021-11-13T11:58:19.273;536846003773742576;617;456;645
2021-11-13T11:58:19.292;536846003793435416;621;445;629
2021-11-13T11:58:19.312;536846003813128256;633;441;623
2021-11-13T11:58:19.332;536846003832821096;638;401;614
2021-11-13T11:58:19.352;536846003852513936;643;385;608
2021-11-13T11:58:19.371;536846003872206776;623;380;612
2021-11-13T11:58:19.391;536846003891899616;618;380;624
2021-11-13T11:58:19.411;536846003911592456;619;378;640
2021-11-13T11:58:19.430;536846003931285296;622;363;646
2021-11-13T11:58:19.450;536846003950978136;624;341;648
2021-11-13T11:58:19.470;536846003970670976;633;347;650
2021-11-13T11:58:19.489;536846003990363816;650;373;679
2021-11-13T11:58:19.509;536846004010056656;674;395;703
2021-11-13T11:58:19.529;536846004029749496;673;419;722
2021-11-13T11:58:19.548;536846004049442336;678;432;747
2021-11-13T11:58:19.568;536846004069135176;658;420;751
2021-11-13T11:58:19.588;536846004088828016;650;426;753
2021-11-13T11:58:19.608;536846004108520856;641;434;751
2021-11-13T11:58:19.627;536846004128213696;656;441;750
2021-11-13T11:58:19.647;536846004147906536;673;456;748
2021-11-13T11:58:19.667;536846004167599376;691;476;749
2021-11-13T11:58:19.686;536846004187292216;700;483;749
2021-11-13T11:58:19.706;536846004206985056;690;475;744
2021-11-13T11:58:19.726;536846004226677896;678;459;730
2021-11-13T11:58:19.745;536846004246370736;644;439;726
2021-11-13T11:58:19.765;536846004266063576;638;413;696
2021-11-13T11:58:19.785;536846004285756416;621;382;684
2021-11-13T11:58:19.804;536846004305453648;614;381;678
2021-11-13T11:58:19.824;536846004325150856;590;400;692
2021-11-13T11:58:19.844;536846004344848064;577;417;693
2021-11-13T11:58:19.864;536846004364545272;596;420;685
2021-11-13T11:58:19.883;536846004384242480;621;408;668
2021-11-13T11:58:19.903;536846004403939688;639;390;656
2021-11-13T11:58:19.923;536846004423636896;635;388;671
2021-11-13T11:58:19.942;536846004443334104;635;403;685
2021-11-13T11:58:19.962;536846004463031312;627;411;705
2021-11-13T11:58:19.982;536846004482728520;640;437;729
2021-11-13T11:58:20.001;536846004502425728;629;451;735
2021-11-13T11:58:20.021;536846004522122936;630;450;739
2021-11-13T11:58:20.041;536846004541820144;640;441;741
2021-11-13T11:58:20.061;536846004561517352;632;433;734
2021-11-13T11:58:20.080;536846004581214560;624;425;727
2021-11-13T11:58:20.100;536846004600911768;627;400;722
2021-11-13T11:58:20.120;536846004620608976;622;387;710
2021-11-13T11:58:20.139;536846004640306184;620;384;714
2021-11-13T11:58:20.159;536846004660003392;620;386;713
2021-11-13T11:58:20.179;536846004679700600;633;381;712
2021-11-13T11:58:20.198;536846004699397808;635;383;718
2021-11-13T11:58:20.218;536846004719095016;633;395;719
2021-11-13T11:58:20.238;536846004738792224;629;407;722
2021-11-13T11:58:20.258;536846004758489432;639;425;717
2021-11-13T11:58:20.277;536846004778186640;646;427;708
2021-11-13T11:58:20.297;536846004797883848;663;419;688
2021-11-13T11:58:20.317;536846004817581056;687;408;665
2021-11-13T11:58:20.336;536846004837278264;676;385;639
2021-11-13T11:58:20.356;536846004856975472;673;374;631
2021-11-13T11:58:20.376;536846004876672680;655;368;625
2021-11-13T11:58:20.395;536846004896369888;625;347;616
2021-11-13T11:58:20.415;536846004916067096;618;334;617
2021-11-13T11:58:20.435;536846004935764304;611;337;620
2021-11-13T11:58:20.454;536846004955461512;604;331;631
2021-11-13T11:58:20.474;536846004975158720;589;336;646
2021-11-13T11:58:20.494;536846004994855928;599;355;678
2021-11-13T11:58:20.514;536846005014550236;614;367;687
2021-11-13T11:58:20.533;536846005034244532;617;368;689
2021-11-13T11:58:20.553;536846005053938828;654;374;700
2021-11-13T11:58:20.573;536846005073633124;686;378;708
2021-11-13T11:58:20.592;536846005093327420;708;386;713
2021-11-13T11:58:20.612;536846005113021716;713;396;723
2021-11-13T11:58:20.632;536846005132716012;706;400;729
2021-11-13T11:58:20.651;536846005152410308;678;401;733
2021-11-13T11:58:20.671;536846005172104604;675;391;726
2021-11-13T11:58:20.691;536846005191798900;671;384;720
2021-11-13T11:58:20.711;536846005211493196;631;367;693
2021-11-13T11:58:20.730;536846005231187492;619;341;675
2021-11-13T11:58:20.750;536846005250881788;604;320;640
2021-11-13T11:58:20.770;536846005270576084;556;314;602
2021-11-13T11:58:20.789;536846005290270380;532;342;568
2021-11-13T11:58:20.809;536846005309964676;527;353;528
2021-11-13T11:58:20.829;536846005329658972;578;344;502
2021-11-13T11:58:20.848;536846005349353268;620;317;485
2021-11-13T11:58:20.868;536846005369047564;635;297;484
2021-11-13T11:58:20.888;536846005388741860;624;301;490
2021-11-13T11:58:20.907;536846005408436156;614;317;499
2021-11-13T11:58:20.927;536846005428130452;603;342;499
2021-11-13T11:58:20.947;536846005447824748;592;362;493
2021-11-13T11:58:20.967;536846005467519044;569;380;491
2021-11-13T11:58:20.986;536846005487213340;596;413;485
2021-11-13T11:58:21.006;536846005506907636;614;449;474
2021-11-13T11:58:21.026;536846005526601932;671;465;466
2021-11-13T11:58:21.045;536846005546296228;802;412;491
2021-11-13T11:58:21.065;536846005565990524;954;340;562
2021-11-13T11:58:21.085;536846005585684820;1034;278;685
2021-11-13T11:58:21.104;536846005605379116;1107;375;869
2021-11-13T11:58:21.124;536846005625073412;1133;543;1029
2021-11-13T11:58:21.144;536846005644767708;1125;725;1181
2021-11-13T11:58:21.163;536846005664462004;1132;857;1229
2021-11-13T11:58:21.183;536846005684156300;1117;870;1193
2021-11-13T11:58:21.203;536846005703850596;1133;801;1113
2021-11-13T11:58:21.223;536846005723544900;1119;759;1027
2021-11-13T11:58:21.242;536846005743239196;1024;718;980
2021-11-13T11:58:21.262;536846005762933492;941;618;943
2021-11-13T11:58:21.282;536846005782627788;848;505;897
2021-11-13T11:58:21.301;536846005802322084;777;429;847
2021-11-13T11:58:21.321;536846005822016380;729;361;767
2021-11-13T11:58:21.341;536846005841710676;729;311;712
2021-11-13T11:58:21.360;536846005861404972;748;289;636
2021-11-13T11:58:21.380;536846005881099268;702;270;569
2021-11-13T11:58:21.400;536846005900793564;657;243;507
2021-11-13T11:58:21.420;536846005920487860;593;223;476
2021-11-13T11:58:21.439;536846005940182156;548;239;466
2021-11-13T11:58:21.459;536846005959876452;507;241;451
2021-11-13T11:58:21.479;536846005979570748;496;233;427
2021-11-13T11:58:21.498;536846005999265044;484;248;425
2021-11-13T11:58:21.518;536846006018959340;469;258;433
2021-11-13T11:58:21.538;536846006038653636;490;244;444
2021-11-13T11:58:21.557;536846006058347932;495;264;434
2021-11-13T11:58:21.577;536846006078042228;499;319;445
2021-11-13T11:58:21.597;536846006097736524;514;341;481
2021-11-13T11:58:21.616;536846006117430820;543;371;507
2021-11-13T11:58:21.636;536846006137125116;522;387;536
2021-11-13T11:58:21.656;536846006156819412;591;399;567
2021-11-13T11:58:21.676;536846006176513708;617;378;549
2021-11-13T11:58:21.695;536846006196208004;674;365;564
2021-11-13T11:58:21.715;536846006215902300;639;336;596
2021-11-13T11:58:21.735;536846006235596596;646;336;618
2021-11-13T11:58:21.754;536846006255290892;622;351;630
2021-11-13T11:58:21.774;536846006274985188;643;380;642
2021-11-13T11:58:21.794;536846006294679484;663;364;691
2021-11-13T11:58:21.813;536846006314373780;677;325;754
2021-11-13T11:58:21.833;536846006334068076;700;298;778
2021-11-13T11:58:21.853;536846006353762372;739;307;774
2021-11-13T11:58:21.872;536846006373456668;770;257;744
2021-11-13T11:58:21.892;536846006393150964;753;214;740
2021-11-13T11:58:21.912;536846006412845260;750;206;718
2021-11-13T11:58:21.932;536846006432539560;728;266;621
2021-11-13T11:58:21.951;536846006452233856;663;327;548
2021-11-13T11:58:21.971;536846006471928152;756;248;500
2021-11-13T11:58:21.991;536846006491622448;750;172;536
2021-11-13T11:58:22.010;536846006511316744;665;223;524
2021-11-13T11:58:22.030;536846006531011040;618;283;493
2021-11-13T11:58:22.050;536846006550705336;614;364;485
2021-11-13T11:58:22.069;536846006570399632;573;419;476
2021-11-13T11:58:22.089;536846006590093928;533;419;455
2021-11-13T11:58:22.109;536846006609788224;498;377;431
2021-11-13T11:58:22.129;536846006629482520;485;332;396
2021-11-13T11:58:22.148;536846006649176816;474;252;383
2021-11-13T11:58:22.168;536846006668871112;475;224;357
2021-11-13T11:58:22.188;536846006688565408;449;224;319
2021-11-13T11:58:22.207;536846006708259704;429;201;319
2021-11-13T11:58:22.227;536846006727954000;464;177;319
2021-11-13T11:58:22.247;536846006747648296;488;156;349
2021-11-13T11:58:22.266;536846006767342592;577;190;393
2021-11-13T11:58:22.286;536846006787036888;606;228;448
2021-11-13T11:58:22.306;536846006806731184;638;294;483
2021-11-13T11:58:22.325;536846006826425480;671;376;504
2021-11-13T11:58:22.345;536846006846119776;693;391;530
2021-11-13T11:58:22.365;536846006865814072;726;406;561
2021-11-13T11:58:22.385;536846006885508368;737;430;609
2021-11-13T11:58:22.404;536846006905202664;745;442;634
2021-11-13T11:58:22.424;536846006924896960;765;454;642
2021-11-13T11:58:22.444;536846006944591256;783;462;610
2021-11-13T11:58:22.463;536846006964285552;804;471;595
2021-11-13T11:58:22.483;536846006983979848;799;472;593
2021-11-13T11:58:22.503;536846007003674144;807;444;602
2021-11-13T11:58:22.522;536846007023368440;771;398;604
2021-11-13T11:58:22.542;536846007043062736;738;383;608
2021-11-13T11:58:22.562;536846007062757032;731;375;607
2021-11-13T11:58:22.581;536846007082451328;724;364;610
2021-11-13T11:58:22.601;536846007102145624;699;373;612
2021-11-13T11:58:22.621;536846007121839920;643;393;618
2021-11-13T11:58:22.641;536846007141526950;705;396;614
2021-11-13T11:58:22.660;536846007161213964;757;361;600
2021-11-13T11:58:22.680;536846007180900978;761;359;583
2021-11-13T11:58:22.700;536846007200587992;755;375;554
2021-11-13T11:58:22.719;536846007220275006;735;367;558
2021-11-13T11:58:22.739;536846007239962020;733;356;580
2021-11-13T11:58:22.759;536846007259649034;712;372;586
2021-11-13T11:58:22.778;536846007279336048;689;399;603
2021-11-13T11:58:22.798;536846007299023062;721;388;607
2021-11-13T11:58:22.818;536846007318710076;707;384;594
2021-11-13T11:58:22.837;536846007338397090;691;394;597
2021-11-13T11:58:22.857;536846007358084104;685;391;617
2021-11-13T11:58:22.877;536846007377771118;686;394;620
2021-11-13T11:58:22.896;536846007397458132;686;404;633
2021-11-13T11:58:22.916;536846007417145146;699;391;645
2021-11-13T11:58:22.936;536846007436832160;702;387;662
2021-11-13T11:58:22.956;536846007456519174;691;418;676
2021-11-13T11:58:22.975;536846007476206188;691;448;692
2021-11-13T11:58:22.995;536846007495893202;694;461;707
2021-11-13T11:58:23.015;536846007515580216;679;460;705
2021-11-13T11:58:23.034;536846007535267230;669;446;711
2021-11-13T11:58:23.054;536846007554954244;691;442;694
2021-11-13T11:58:23.074;536846007574641258;661;428;668
2021-11-13T11:58:23.093;536846007594328272;689;413;662
2021-11-13T11:58:23.113;536846007614015286;703;398;664
2021-11-13T11:58:23.133;536846007633702300;702;393;669
2021-11-13T11:58:23.152;536846007653389314;688;398;664
2021-11-13T11:58:23.172;536846007673076328;674;412;687
2021-11-13T11:58:23.192;536846007692763342;674;407;692
2021-11-13T11:58:23.211;536846007712450356;679;393;703
2021-11-13T11:58:23.231;536846007732137370;690;397;718
2021-11-13T11:58:23.251;536846007751824384;683;408;709
2021-11-13T11:58:23.271;536846007771511398;687;405;696
2021-11-13T11:58:23.290;536846007791198412;699;407;698
2021-11-13T11:58:23.310;536846007810885426;686;404;702
2021-11-13T11:58:23.330;536846007830572440;659;388;701
2021-11-13T11:58:23.349;536846007850259466;644;375;708
2021-11-13T11:58:23.369;536846007869946480;635;369;721
2021-11-13T11:58:23.389;536846007889633494;648;366;723
2021-11-13T11:58:23.408;536846007909320508;649;374;716
2021-11-13T11:58:23.428;536846007929007522;629;377;711
2021-11-13T11:58:23.448;536846007948694536;633;379;719
2021-11-13T11:58:23.467;536846007968381550;634;380;714
2021-11-13T11:58:23.487;536846007988068564;645;377;717
2021-11-13T11:58:23.507;536846008007755578;656;375;712
2021-11-13T11:58:23.526;536846008027442592;630;364;696
2021-11-13T11:58:23.546;536846008047129606;621;341;697
2021-11-13T11:58:23.566;536846008066816620;620;343;707
2021-11-13T11:58:23.586;536846008086503634;622;345;719
2021-11-13T11:58:23.605;536846008106190648;635;342;729
2021-11-13T11:58:23.625;536846008125877662;656;360;734
2021-11-13T11:58:23.645;536846008145564676;633;370;737
2021-11-13T11:58:23.664;536846008165251690;636;369;738
2021-11-13T11:58:23.684;536846008184938704;647;371;733
2021-11-13T11:58:23.704;536846008204625718;650;374;711
2021-11-13T11:58:23.723;536846008224312732;645;380;697
2021-11-13T11:58:23.743;536846008243999746;650;378;678
2021-11-13T11:58:23.763;536846008263686760;631;374;653
2021-11-13T11:58:23.782;536846008283373774;624;378;650
2021-11-13T11:58:23.802;536846008303060788;617;379;644
2021-11-13T11:58:23.822;536846008322747802;619;375;645
2021-11-13T11:58:23.841;536846008342434816;620;376;655
2021-11-13T11:58:23.861;536846008362121830;618;382;665
2021-11-13T11:58:23.881;536846008381808844;613;389;667
2021-11-13T11:58:23.901;536846008401495858;603;384;676
2021-11-13T11:58:23.920;536846008421182872;609;382;692
2021-11-13T11:58:23.940;536846008440869886;617;384;697
2021-11-13T11:58:23.960;536846008460556900;614;379;701
2021-11-13T11:58:23.979;536846008480243914;621;383;704
2021-11-13T11:58:23.999;536846008499930928;617;381;706
2021-11-13T11:58:24.019;536846008519617942;618;375;699
2021-11-13T11:58:24.038;536846008539304956;621;374;704
2021-11-13T11:58:24.058;536846008558991986;620;377;714
2021-11-13T11:58:24.078;536846008578679000;616;380;715
2021-11-13T11:58:24.097;536846008598366014;617;383;714
2021-11-13T11:58:24.117;536846008618053028;621;383;706
2021-11-13T11:58:24.137;536846008637740042;627;384;699
2021-11-13T11:58:24.156;536846008657427056;638;386;700
2021-11-13T11:58:24.176;536846008677114070;641;393;704
2021-11-13T11:58:24.196;536846008696801084;655;406;701
2021-11-13T11:58:24.216;536846008716488098;656;416;697
2021-11-13T11:58:24.235;536846008736175112;657;425;691
2021-11-13T11:58:24.255;536846008755862126;658;423;676
2021-11-13T11:58:24.275;536846008775549140;674;427;663
2021-11-13T11:58:24.294;536846008795236154;666;432;657
2021-11-13T11:58:24.314;536846008814923168;642;426;648
2021-11-13T11:58:24.334;536846008834610182;640;417;642
2021-11-13T11:58:24.353;536846008854297196;622;397;629
2021-11-13T11:58:24.373;536846008873984210;628;387;621
2021-11-13T11:58:24.393;536846008893671224;623;380;614
2021-11-13T11:58:24.412;536846008913358238;619;374;613
2021-11-13T11:58:24.432;536846008933045252;621;372;619
2021-11-13T11:58:24.452;536846008952732266;619;372;618
2021-11-13T11:58:24.471;536846008972419280;622;372;628
2021-11-13T11:58:24.491;536846008992106294;633;390;649
2021-11-13T11:58:24.511;536846009011793308;619;400;657
2021-11-13T11:58:24.531;536846009031480322;648;413;675
2021-11-13T11:58:24.550;536846009051167336;659;433;686
2021-11-13T11:58:24.570;536846009070854350;687;430;698
2021-11-13T11:58:24.590;536846009090541364;697;429;703
2021-11-13T11:58:24.609;536846009110228378;704;428;708
2021-11-13T11:58:24.629;536846009129915392;715;437;722
2021-11-13T11:58:24.649;536846009149602406;710;446;732
2021-11-13T11:58:24.668;536846009169289420;725;439;742
2021-11-13T11:58:24.688;536846009188976434;740;432;755
2021-11-13T11:58:24.708;536846009208663448;756;428;763
2021-11-13T11:58:24.727;536846009228350462;714;406;760
2021-11-13T11:58:24.747;536846009248037476;696;377;759
2021-11-13T11:58:24.767;536846009267724506;659;337;744
2021-11-13T11:58:24.786;536846009287411520;571;276;680
2021-11-13T11:58:24.806;536846009307098534;494;236;632
2021-11-13T11:58:24.826;536846009326785548;436;217;598
2021-11-13T11:58:24.846;536846009346472562;395;206;570
2021-11-13T11:58:24.865;536846009366159576;385;219;530
2021-11-13T11:58:24.885;536846009385846590;433;231;493
2021-11-13T11:58:24.905;536846009405533604;471;229;432
2021-11-13T11:58:24.924;536846009425220618;464;235;370
2021-11-13T11:58:24.944;536846009444907632;484;286;333
2021-11-13T11:58:24.964;536846009464594646;492;360;302
2021-11-13T11:58:24.983;536846009484281660;569;384;280
2021-11-13T11:58:25.003;536846009503968674;750;358;306
2021-11-13T11:58:25.023;536846009523655688;946;371;389
2021-11-13T11:58:25.042;536846009543342702;1146;387;534
2021-11-13T11:58:25.062;536846009563029716;1247;441;769
2021-11-13T11:58:25.082;536846009582716730;1333;511;997
2021-11-13T11:58:25.101;536846009602403744;1376;607;1185
2021-11-13T11:58:25.121;536846009622090758;1364;724;1291
2021-11-13T11:58:25.141;536846009641777772;1268;826;1309
2021-11-13T11:58:25.160;536846009661464786;1203;866;1222
2021-11-13T11:58:25.180;536846009681151800;1159;784;1060
2021-11-13T11:58:25.200;536846009700838814;1037;710;1015
2021-11-13T11:58:25.220;536846009720525828;903;650;996
2021-11-13T11:58:25.239;536846009740212842;741;621;969
2021-11-13T11:58:25.259;536846009759899856;695;617;962
2021-11-13T11:58:25.279;536846009779586870;677;537;833
2021-11-13T11:58:25.298;536846009799273884;479;363;669
2021-11-13T11:58:25.318;536846009818960898;673;343;516
2021-11-13T11:58:25.338;536846009838647912;899;469;457
2021-11-13T11:58:25.357;536846009858334926;482;279;483
2021-11-13T11:58:25.377;536846009878021940;318;222;516
2021-11-13T11:58:25.397;536846009897708954;446;248;501
2021-11-13T11:58:25.416;536846009917395968;515;209;419
2021-11-13T11:58:25.436;536846009937082982;583;141;374
2021-11-13T11:58:25.456;536846009956769996;539;210;350
2021-11-13T11:58:25.475;536846009976462859;412;215;384
2021-11-13T11:58:25.495;536846009996155698;385;231;393
2021-11-13T11:58:25.515;536846010015848537;349;264;439
2021-11-13T11:58:25.535;536846010035541376;415;332;451
2021-11-13T11:58:25.554;536846010055234215;539;381;471
2021-11-13T11:58:25.574;536846010074927054;605;403;467
2021-11-13T11:58:25.594;536846010094619893;615;374;491
2021-11-13T11:58:25.613;536846010114312732;630;323;553
2021-11-13T11:58:25.633;536846010134005571;577;416;651
2021-11-13T11:58:25.653;536846010153698410;542;465;720
2021-11-13T11:58:25.672;536846010173391249;592;422;750
2021-11-13T11:58:25.692;536846010193084088;663;369;744
2021-11-13T11:58:25.712;536846010212776927;660;301;699
2021-11-13T11:58:25.731;536846010232469766;645;266;658
2021-11-13T11:58:25.751;536846010252162605;635;252;651
2021-11-13T11:58:25.771;536846010271855444;662;256;663
2021-11-13T11:58:25.791;536846010291548283;695;330;610
2021-11-13T11:58:25.810;536846010311241122;727;307;548
2021-11-13T11:58:25.830;536846010330933961;714;244;521
2021-11-13T11:58:25.850;536846010350626800;731;254;532
2021-11-13T11:58:25.869;536846010370319639;628;288;528
2021-11-13T11:58:25.889;536846010390012478;600;309;498
2021-11-13T11:58:25.909;536846010409705317;572;336;473
2021-11-13T11:58:25.928;536846010429398156;579;311;444
2021-11-13T11:58:25.948;536846010449090995;642;299;461
2021-11-13T11:58:25.968;536846010468783834;732;396;476
2021-11-13T11:58:25.988;536846010488476673;761;491;462
2021-11-13T11:58:26.007;536846010508169512;725;584;465
2021-11-13T11:58:26.027;536846010527862351;765;608;479
2021-11-13T11:58:26.047;536846010547555190;733;551;480
2021-11-13T11:58:26.066;536846010567248029;713;489;509
2021-11-13T11:58:26.086;536846010586940868;733;551;594
2021-11-13T11:58:26.106;536846010606633707;598;654;607
2021-11-13T11:58:26.125;536846010626326546;428;597;495
2021-11-13T11:58:26.145;536846010646019385;415;566;521
2021-11-13T11:58:26.165;536846010665712224;422;504;507
2021-11-13T11:58:26.184;536846010685393417;366;418;473
2021-11-13T11:58:26.204;536846010705074606;381;375;452
2021-11-13T11:58:26.224;536846010724755795;417;368;458
2021-11-13T11:58:26.243;536846010744436984;487;366;458
2021-11-13T11:58:26.263;536846010764118173;505;338;481
2021-11-13T11:58:26.283;536846010783799362;585;311;490
2021-11-13T11:58:26.303;536846010803480551;624;340;492
2021-11-13T11:58:26.322;536846010823161740;660;393;485
2021-11-13T11:58:26.342;536846010842842929;755;430;479
2021-11-13T11:58:26.362;536846010862524118;819;454;484
2021-11-13T11:58:26.381;536846010882205307;865;423;506
2021-11-13T11:58:26.401;536846010901886496;818;403;559
2021-11-13T11:58:26.421;536846010921567685;784;440;623
2021-11-13T11:58:26.440;536846010941248874;756;486;650
2021-11-13T11:58:26.460;536846010960930063;697;511;671
2021-11-13T11:58:26.480;536846010980611252;680;497;669
2021-11-13T11:58:26.499;536846011000292441;702;452;652
2021-11-13T11:58:26.519;536846011019973630;738;417;629
2021-11-13T11:58:26.539;536846011039654819;751;411;600
2021-11-13T11:58:26.558;536846011059336008;762;418;560
2021-11-13T11:58:26.578;536846011079017197;743;433;542
2021-11-13T11:58:26.598;536846011098698386;729;411;535
2021-11-13T11:58:26.617;536846011118379575;657;371;526
2021-11-13T11:58:26.637;536846011138060764;620;372;522
2021-11-13T11:58:26.657;536846011157741953;608;370;496
2021-11-13T11:58:26.676;536846011177423142;612;355;484
2021-11-13T11:58:26.696;536846011197104331;571;377;496
2021-11-13T11:58:26.716;536846011216785520;533;387;520
2021-11-13T11:58:26.735;536846011236466709;530;385;540
2021-11-13T11:58:26.755;536846011256147898;590;404;553
2021-11-13T11:58:26.775;536846011275829087;630;427;550
2021-11-13T11:58:26.795;536846011295510276;629;464;560
2021-11-13T11:58:26.814;536846011315191465;623;478;583
2021-11-13T11:58:26.834;536846011334872654;629;471;617
2021-11-13T11:58:26.854;536846011354553843;642;484;653
2021-11-13T11:58:26.873;536846011374235032;642;511;679
2021-11-13T11:58:26.893;536846011393922058;656;534;694
2021-11-13T11:58:26.913;536846011413609072;688;530;704
2021-11-13T11:58:26.932;536846011433296086;657;507;693
2021-11-13T11:58:26.952;536846011452983100;619;488;689
2021-11-13T11:58:26.972;536846011472670114;583;478;701
2021-11-13T11:58:26.991;536846011492357128;561;463;704
2021-11-13T11:58:27.011;536846011512044142;611;450;690
2021-11-13T11:58:27.031;536846011531731156;621;453;645
2021-11-13T11:58:27.050;536846011551418170;616;471;614
2021-11-13T11:58:27.070;536846011571105184;630;475;614
2021-11-13T11:58:27.090;536846011590792198;696;458;637
2021-11-13T11:58:27.110;536846011610479212;693;433;657
2021-11-13T11:58:27.129;536846011630166226;666;437;653
2021-11-13T11:58:27.149;536846011649853240;605;452;652
2021-11-13T11:58:27.169;536846011669540254;562;465;671
2021-11-13T11:58:27.188;536846011689227268;592;447;709
2021-11-13T11:58:27.208;536846011708914282;612;443;734
2021-11-13T11:58:27.228;536846011728601296;614;470;732
2021-11-13T11:58:27.247;536846011748288310;617;489;730
2021-11-13T11:58:27.267;536846011767975324;627;520;740
2021-11-13T11:58:27.287;536846011787662338;668;522;739
2021-11-13T11:58:27.306;536846011807349352;682;493;725
2021-11-13T11:58:27.326;536846011827036366;653;459;731
2021-11-13T11:58:27.346;536846011846723380;608;432;714
2021-11-13T11:58:27.365;536846011866410394;545;406;701
2021-11-13T11:58:27.385;536846011886097408;552;378;704
2021-11-13T11:58:27.405;536846011905784422;555;360;696
2021-11-13T11:58:27.424;536846011925471436;523;367;690
2021-11-13T11:58:27.444;536846011945158450;514;365;707
2021-11-13T11:58:27.464;536846011964845464;528;364;723
2021-11-13T11:58:27.484;536846011984532478;558;362;724
2021-11-13T11:58:27.503;536846012004219492;581;377;731
2021-11-13T11:58:27.523;536846012023906506;591;418;733
2021-11-13T11:58:27.543;536846012043593520;594;432;737
2021-11-13T11:58:27.562;536846012063280534;601;416;726
2021-11-13T11:58:27.582;536846012082967548;591;413;721
2021-11-13T11:58:27.602;536846012102647304;564;414;715
2021-11-13T11:58:27.621;536846012122327036;562;398;720
2021-11-13T11:58:27.641;536846012142006768;570;398;732
2021-11-13T11:58:27.661;536846012161686500;577;406;731
2021-11-13T11:58:27.680;536846012181366232;558;410;735
2021-11-13T11:58:27.700;536846012201045964;564;426;740
2021-11-13T11:58:27.720;536846012220725696;557;434;743
2021-11-13T11:58:27.739;536846012240405428;567;440;737
2021-11-13T11:58:27.759;536846012260085160;562;436;722
2021-11-13T11:58:27.779;536846012279764892;565;436;703
2021-11-13T11:58:27.798;536846012299444624;551;434;698
2021-11-13T11:58:27.818;536846012319124356;552;418;705
2021-11-13T11:58:27.838;536846012338804088;552;407;717
2021-11-13T11:58:27.858;536846012358483820;548;414;719
2021-11-13T11:58:27.877;536846012378163552;523;425;716
2021-11-13T11:58:27.897;536846012397843284;522;423;721
2021-11-13T11:58:27.917;536846012417523016;508;400;723
2021-11-13T11:58:27.936;536846012437202748;513;401;729
2021-11-13T11:58:27.956;536846012456882480;508;420;731
2021-11-13T11:58:27.976;536846012476562212;528;432;733
2021-11-13T11:58:27.995;536846012496241944;550;441;738
2021-11-13T11:58:28.015;536846012515921676;557;450;736
2021-11-13T11:58:28.035;536846012535601408;550;450;744
2021-11-13T11:58:28.054;536846012555281140;583;465;748
2021-11-13T11:58:28.074;536846012574960872;575;468;739
2021-11-13T11:58:28.094;536846012594640604;570;471;736
2021-11-13T11:58:28.113;536846012614320336;562;478;742
2021-11-13T11:58:28.133;536846012634000068;553;477;738
2021-11-13T11:58:28.153;536846012653679800;567;473;738
2021-11-13T11:58:28.172;536846012673359532;571;470;727
2021-11-13T11:58:28.192;536846012693039264;573;480;725
2021-11-13T11:58:28.212;536846012712718996;575;485;710
2021-11-13T11:58:28.231;536846012732398728;579;481;711
2021-11-13T11:58:28.251;536846012752078460;593;476;720
2021-11-13T11:58:28.271;536846012771758192;587;476;718
2021-11-13T11:58:28.290;536846012791437924;563;477;711
2021-11-13T11:58:28.310;536846012811130795;553;476;712
2021-11-13T11:58:28.330;536846012830823634;560;484;728
2021-11-13T11:58:28.350;536846012850516473;561;493;736
2021-11-13T11:58:28.369;536846012870209312;544;500;748
2021-11-13T11:58:28.389;536846012889902151;548;495;756
2021-11-13T11:58:28.409;536846012909594990;586;492;760
2021-11-13T11:58:28.428;536846012929287829;612;497;761
2021-11-13T11:58:28.448;536846012948980668;627;517;756
2021-11-13T11:58:28.468;536846012968673507;613;520;754
2021-11-13T11:58:28.487;536846012988366346;578;502;744
2021-11-13T11:58:28.507;536846013008059185;563;483;738
2021-11-13T11:58:28.527;536846013027752024;580;461;728
2021-11-13T11:58:28.546;536846013047444863;555;443;720
2021-11-13T11:58:28.566;536846013067137702;548;427;702
2021-11-13T11:58:28.586;536846013086830541;552;421;686
2021-11-13T11:58:28.606;536846013106523380;551;427;681
2021-11-13T11:58:28.625;536846013126216219;540;420;667
2021-11-13T11:58:28.645;536846013145909058;537;392;651
2021-11-13T11:58:28.665;536846013165601897;533;373;654
2021-11-13T11:58:28.684;536846013185294736;578;377;663
2021-11-13T11:58:28.704;536846013204987575;593;394;677
2021-11-13T11:58:28.724;536846013224680414;588;427;709
2021-11-13T11:58:28.743;536846013244373253;542;471;728
2021-11-13T11:58:28.763;536846013264066092;510;481;738
2021-11-13T11:58:28.783;536846013283758931;537;477;736
2021-11-13T11:58:28.802;536846013303451770;513;470;716
2021-11-13T11:58:28.822;536846013323144609;549;467;688
2021-11-13T11:58:28.842;536846013342837448;522;475;676
2021-11-13T11:58:28.862;536846013362530287;501;460;670
2021-11-13T11:58:28.881;536846013382223126;503;436;647
2021-11-13T11:58:28.901;536846013401915965;499;403;612
2021-11-13T11:58:28.921;536846013421608804;533;379;576
2021-11-13T11:58:28.940;536846013441301643;587;383;549
2021-11-13T11:58:28.960;536846013460994482;572;406;541
2021-11-13T11:58:28.980;536846013480687321;584;451;560
2021-11-13T11:58:28.999;536846013500380160;615;394;611
2021-11-13T11:58:29.019;536846013520067182;676;374;710
2021-11-13T11:58:29.039;536846013539754196;728;430;848
2021-11-13T11:58:29.058;536846013559441210;820;549;1013
2021-11-13T11:58:29.078;536846013579128224;878;669;1164
2021-11-13T11:58:29.098;536846013598815238;958;735;1285
2021-11-13T11:58:29.118;536846013618502252;1033;757;1313
2021-11-13T11:58:29.137;536846013638189266;1028;796;1276
2021-11-13T11:58:29.157;536846013657876280;1073;795;1205
2021-11-13T11:58:29.177;536846013677563294;1050;787;1124
2021-11-13T11:58:29.196;536846013697250308;903;811;1079
2021-11-13T11:58:29.216;536846013716937322;661;817;991
2021-11-13T11:58:29.236;536846013736624336;499;751;841
2021-11-13T11:58:29.255;536846013756311350;518;614;666
2021-11-13T11:58:29.275;536846013775998364;513;478;543
2021-11-13T11:58:29.295;536846013795685378;466;276;487
2021-11-13T11:58:29.314;536846013815372392;365;109;484
2021-11-13T11:58:29.334;536846013835059406;337;43;467
2021-11-13T11:58:29.354;536846013854746420;357;-9;455
2021-11-13T11:58:29.373;536846013874433434;390;-96;439
2021-11-13T11:58:29.393;536846013894120448;323;-79;458
2021-11-13T11:58:29.413;536846013913807462;266;21;478
2021-11-13T11:58:29.433;536846013933494476;347;113;509
2021-11-13T11:58:29.452;536846013953181490;462;179;484
2021-11-13T11:58:29.472;536846013972868504;515;208;482
2021-11-13T11:58:29.492;536846013992555518;507;256;573
2021-11-13T11:58:29.511;536846014012242532;547;336;670
2021-11-13T11:58:29.531;536846014031929546;601;477;703
2021-11-13T11:58:29.551;536846014051616560;606;562;665
2021-11-13T11:58:29.570;536846014071303574;587;459;625
2021-11-13T11:58:29.590;536846014090990588;600;325;632
2021-11-13T11:58:29.610;536846014110677602;528;295;649
2021-11-13T11:58:29.629;536846014130364616;506;370;671
2021-11-13T11:58:29.649;536846014150051630;495;379;634
2021-11-13T11:58:29.669;536846014169738644;516;346;625
2021-11-13T11:58:29.688;536846014189425658;596;239;638
2021-11-13T11:58:29.708;536846014209112672;624;194;664
2021-11-13T11:58:29.728;536846014228801174;682;263;642
2021-11-13T11:58:29.748;536846014248489644;669;383;621
2021-11-13T11:58:29.767;536846014268178114;617;442;607
2021-11-13T11:58:29.787;536846014287866584;628;389;604
2021-11-13T11:58:29.807;536846014307555054;713;311;678
2021-11-13T11:58:29.826;536846014327243524;761;336;742
2021-11-13T11:58:29.846;536846014346931994;707;404;752
2021-11-13T11:58:29.866;536846014366620464;634;471;756
2021-11-13T11:58:29.885;536846014386308934;634;520;754
2021-11-13T11:58:29.905;536846014405997404;677;554;716
2021-11-13T11:58:29.925;536846014425685874;706;506;638
2021-11-13T11:58:29.944;536846014445374344;745;464;578
2021-11-13T11:58:29.964;536846014465062814;736;453;489
2021-11-13T11:58:29.984;536846014484751284;615;418;455
2021-11-13T11:58:30.003;536846014504439754;551;364;438
2021-11-13T11:58:30.023;536846014524128224;594;218;408
2021-11-13T11:58:30.043;536846014543816694;523;78;383
2021-11-13T11:58:30.063;536846014563505164;510;22;379
2021-11-13T11:58:30.082;536846014583193634;474;126;448
2021-11-13T11:58:30.102;536846014602882104;360;237;483
2021-11-13T11:58:30.122;536846014622570574;246;236;485
2021-11-13T11:58:30.141;536846014642259044;230;234;478
2021-11-13T11:58:30.161;536846014661947514;285;374;470
2021-11-13T11:58:30.181;536846014681635984;399;581;451
2021-11-13T11:58:30.200;536846014701324454;519;702;445
2021-11-13T11:58:30.220;536846014721012924;506;630;471
2021-11-13T11:58:30.240;536846014740701394;547;595;489
2021-11-13T11:58:30.259;536846014760389864;649;597;493
2021-11-13T11:58:30.279;536846014780078334;801;607;479
2021-11-13T11:58:30.299;536846014799766804;804;676;397
2021-11-13T11:58:30.318;536846014819455274;750;645;309
2021-11-13T11:58:30.338;536846014839143744;686;548;241
2021-11-13T11:58:30.358;536846014858832214;615;486;227
2021-11-13T11:58:30.378;536846014878520684;571;520;216
2021-11-13T11:58:30.397;536846014898209154;564;545;174
2021-11-13T11:58:30.417;536846014917897624;511;569;147
2021-11-13T11:58:30.437;536846014937591924;497;702;161
2021-11-13T11:58:30.456;536846014957286220;527;802;171
2021-11-13T11:58:30.476;536846014976980516;579;784;157
2021-11-13T11:58:30.496;536846014996674812;612;752;186
2021-11-13T11:58:30.515;536846015016369108;621;773;219
2021-11-13T11:58:30.535;536846015036063404;595;856;256
2021-11-13T11:58:30.555;536846015055757700;610;898;287
2021-11-13T11:58:30.574;536846015075451996;618;911;308
2021-11-13T11:58:30.594;536846015095146292;561;877;291
2021-11-13T11:58:30.614;536846015114840588;562;814;275
2021-11-13T11:58:30.634;536846015134534884;646;785;286
2021-11-13T11:58:30.653;536846015154229180;642;777;277
2021-11-13T11:58:30.673;536846015173923476;569;763;247
2021-11-13T11:58:30.693;536846015193617772;579;800;251
2021-11-13T11:58:30.712;536846015213312068;529;820;257
2021-11-13T11:58:30.732;536846015233006364;486;820;294
2021-11-13T11:58:30.752;536846015252700660;552;865;279
2021-11-13T11:58:30.771;536846015272394956;493;890;259
2021-11-13T11:58:30.791;536846015292089252;403;961;291
2021-11-13T11:58:30.811;536846015311783548;383;951;252
2021-11-13T11:58:30.831;536846015331477844;458;811;182
2021-11-13T11:58:30.850;536846015351172140;602;797;146
2021-11-13T11:58:30.870;536846015370866436;534;830;150
2021-11-13T11:58:30.890;536846015390560732;432;902;182
2021-11-13T11:58:30.909;536846015410255028;438;959;181
2021-11-13T11:58:30.929;536846015429949324;450;894;117
2021-11-13T11:58:30.949;536846015449643620;510;864;86
2021-11-13T11:58:30.968;536846015469337916;521;850;62
2021-11-13T11:58:30.988;536846015489032212;488;794;44
2021-11-13T11:58:31.008;536846015508726508;476;779;54
2021-11-13T11:58:31.027;536846015528420804;481;783;65
2021-11-13T11:58:31.047;536846015548115100;482;790;48
2021-11-13T11:58:31.067;536846015567809396;439;791;62
2021-11-13T11:58:31.087;536846015587503692;468;852;84
2021-11-13T11:58:31.106;536846015607197988;458;871;98
2021-11-13T11:58:31.126;536846015626892284;451;875;116
