Phone timestamp;sensor timestamp [ns];X [mg];Y [mg];Z [mg]
2021-11-13T11:55:15.953;536845820531128235;-42;998;-196
2021-11-13T11:55:15.972;536845820550821074;-14;1037;-182
2021-11-13T11:55:15.992;536845820570513913;-9;1094;-182
2021-11-13T11:55:16.012;536845820590206752;-12;1108;-184
2021-11-13T11:55:16.031;536845820609899591;23;1197;-206
2021-11-13T11:55:16.051;536845820629592430;37;1248;-239
2021-11-13T11:55:16.071;536845820649285269;42;1237;-240
2021-11-13T11:55:16.090;536845820668978108;60;1260;-246
2021-11-13T11:55:16.110;536845820688670947;59;1231;-242
2021-11-13T11:55:16.130;536845820708363786;17;1220;-220
2021-11-13T11:55:16.149;536845820728056625;-6;1256;-228
2021-11-13T11:55:16.169;536845820747749464;-20;1225;-219
2021-11-13T11:55:16.189;536845820767442303;-54;1216;-203
2021-11-13T11:55:16.209;536845820787135142;-67;1206;-184
2021-11-13T11:55:16.228;536845820806827981;-56;1163;-176
2021-11-13T11:55:16.248;536845820826520820;-32;1159;-159
2021-11-13T11:55:16.268;536845820846213659;4;1150;-154
2021-11-13T11:55:16.287;536845820865906498;23;1124;-165
2021-11-13T11:55:16.307;536845820885599337;22;1110;-186
2021-11-13T11:55:16.327;536845820905292176;-6;1113;-188
2021-11-13T11:55:16.346;536845820924985015;-10;1089;-177
2021-11-13T11:55:16.366;536845820944677854;8;1094;-158
2021-11-13T11:55:16.386;536845820964370693;11;1064;-157
2021-11-13T11:55:16.405;536845820984063532;4;1074;-175
2021-11-13T11:55:16.425;536845821003756371;-16;1100;-182
2021-11-13T11:55:16.445;536845821023449210;-44;1098;-168
2021-11-13T11:55:16.465;536845821043142049;-26;1101;-148
2021-11-13T11:55:16.484;536845821062834888;-22;1100;-138
2021-11-13T11:55:16.504;536845821082527727;-38;1105;-147
2021-11-13T11:55:16.524;536845821102220566;-42;1099;-153
2021-11-13T11:55:16.543;536845821121913405;-78;1103;-153
2021-11-13T11:55:16.563;536845821141606244;-104;1069;-177
2021-11-13T11:55:16.583;536845821161299083;-95;1058;-198
2021-11-13T11:55:16.602;536845821180991922;-80;1081;-223
2021-11-13T11:55:16.622;536845821200684761;-59;1029;-235
2021-11-13T11:55:16.642;536845821220377600;-49;988;-229
2021-11-13T11:55:16.661;536845821240070467;-21;951;-216
2021-11-13T11:55:16.681;536845821259763306;-50;940;-234
2021-11-13T11:55:16.701;536845821279456145;-78;971;-246
2021-11-13T11:55:16.721;536845821299148984;-65;941;-263
2021-11-13T11:55:16.740;536845821318841823;-89;862;-271
2021-11-13T11:55:16.760;536845821338534662;-88;870;-256
2021-11-13T11:55:16.780;536845821358227501;-45;895;-256
2021-11-13T11:55:16.799;536845821377920340;-12;937;-271
2021-11-13T11:55:16.819;536845821397613179;35;884;-264
2021-11-13T11:55:16.839;536845821417306018;29;794;-246
2021-11-13T11:55:16.858;536845821436998857;-30;791;-235
2021-11-13T11:55:16.878;536845821456691696;-77;814;-268
2021-11-13T11:55:16.898;536845821476384535;-4;762;-467
2021-11-13T11:55:16.917;536845821496077374;124;692;-536
2021-11-13T11:55:16.937;536845821515770213;138;678;-335
2021-11-13T11:55:16.957;536845821535463052;-48;744;-222
2021-11-13T11:55:16.977;536845821555155891;-2;804;-91
2021-11-13T11:55:16.996;536845821574848730;55;776;46
2021-11-13T11:55:17.016;536845821594541569;93;747;78
2021-11-13T11:55:17.036;536845821614234408;80;729;126
2021-11-13T11:55:17.055;536845821633927247;39;677;187
2021-11-13T11:55:17.075;536845821653620086;-1;644;231
2021-11-13T11:55:17.095;536845821673312925;-47;648;222
2021-11-13T11:55:17.114;536845821693005764;-39;628;151
2021-11-13T11:55:17.134;536845821712698603;-17;672;45
2021-11-13T11:55:17.154;536845821732391442;-17;641;-13
2021-11-13T11:55:17.173;536845821752084281;-84;602;-88
2021-11-13T11:55:17.193;536845821771777120;-157;636;-188
2021-11-13T11:55:17.213;536845821791469959;-37;734;-271
2021-11-13T11:55:17.233;536845821811162798;80;740;-287
2021-11-13T11:55:17.252;536845821830855637;66;715;-315
2021-11-13T11:55:17.272;536845821850548476;51;654;-345
2021-11-13T11:55:17.292;536845821870241315;35;692;-427
2021-11-13T11:55:17.311;536845821889934154;38;788;-458
2021-11-13T11:55:17.331;536845821909626993;52;824;-441
2021-11-13T11:55:17.351;536845821929319832;16;810;-407
2021-11-13T11:55:17.370;536845821949012699;-23;817;-362
2021-11-13T11:55:17.390;536845821968705538;-21;879;-317
2021-11-13T11:55:17.410;536845821988398377;-5;889;-268
2021-11-13T11:55:17.429;536845822008091216;-32;920;-253
2021-11-13T11:55:17.449;536845822027784055;-55;881;-249
2021-11-13T11:55:17.469;536845822047476894;-95;952;-236
2021-11-13T11:55:17.489;536845822067169733;-90;928;-232
2021-11-13T11:55:17.508;536845822086862572;-70;891;-213
2021-11-13T11:55:17.528;536845822106555411;-108;920;-211
2021-11-13T11:55:17.548;536845822126248250;-102;925;-215
2021-11-13T11:55:17.567;536845822145941089;-68;952;-216
2021-11-13T11:55:17.587;536845822165633928;-40;948;-221
2021-11-13T11:55:17.607;536845822185326767;-1;986;-207
2021-11-13T11:55:17.626;536845822205019606;7;999;-192
2021-11-13T11:55:17.646;536845822224712445;10;982;-173
2021-11-13T11:55:17.666;536845822244405284;-24;988;-165
2021-11-13T11:55:17.685;536845822264098123;-19;1028;-162
2021-11-13T11:55:17.705;536845822283790962;9;1000;-136
2021-11-13T11:55:17.725;536845822303483801;0;992;-125
2021-11-13T11:55:17.745;536845822323176640;-21;1062;-133
2021-11-13T11:55:17.764;536845822342869479;-7;1052;-146
2021-11-13T11:55:17.784;536845822362562318;-16;1017;-163
2021-11-13T11:55:17.804;536845822382255157;-30;988;-165
2021-11-13T11:55:17.823;536845822401947996;-46;988;-182
2021-11-13T11:55:17.843;536845822421640835;-50;1020;-220
2021-11-13T11:55:17.863;536845822441333674;-30;1048;-254
2021-11-13T11:55:17.882;536845822461026513;19;1049;-253
2021-11-13T11:55:17.902;536845822480719352;22;1042;-250
2021-11-13T11:55:17.922;536845822500412191;-2;1071;-232
2021-11-13T11:55:17.941;536845822520105030;5;1118;-231
2021-11-13T11:55:17.961;536845822539797869;13;1112;-227
2021-11-13T11:55:17.981;536845822559490708;29;1089;-227
2021-11-13T11:55:18.001;536845822579183547;6;1106;-224
2021-11-13T11:55:18.020;536845822598876386;-54;1104;-223
2021-11-13T11:55:18.040;536845822618569225;-94;1063;-253
2021-11-13T11:55:18.060;536845822638262064;-50;1012;-265
2021-11-13T11:55:18.079;536845822657959304;-15;1012;-247
2021-11-13T11:55:18.099;536845822677656512;-53;1053;-249
2021-11-13T11:55:18.119;536845822697353720;-80;1047;-244
2021-11-13T11:55:18.138;536845822717050928;-81;1039;-242
2021-11-13T11:55:18.158;536845822736748136;-98;1014;-240
2021-11-13T11:55:18.178;536845822756445344;-118;1006;-245
2021-11-13T11:55:18.198;536845822776142552;-100;1013;-251
2021-11-13T11:55:18.217;536845822795839760;-70;989;-250
2021-11-13T11:55:18.237;536845822815536968;-28;992;-246
2021-11-13T11:55:18.257;536845822835234176;-18;1011;-252
2021-11-13T11:55:18.276;536845822854931384;4;988;-244
2021-11-13T11:55:18.296;536845822874628592;11;987;-240
2021-11-13T11:55:18.316;536845822894325800;12;991;-240
2021-11-13T11:55:18.335;536845822914023008;-26;992;-242
2021-11-13T11:55:18.355;536845822933720216;-70;1008;-248
2021-11-13T11:55:18.375;536845822953417424;-68;999;-248
2021-11-13T11:55:18.394;536845822973114632;-54;995;-256
2021-11-13T11:55:18.414;536845822992811840;2;995;-256
2021-11-13T11:55:18.434;536845823012509048;35;987;-250
2021-11-13T11:55:18.454;536845823032206256;9;984;-243
2021-11-13T11:55:18.473;536845823051903464;7;987;-227
2021-11-13T11:55:18.493;536845823071600672;3;978;-210
2021-11-13T11:55:18.513;536845823091297880;-53;979;-193
2021-11-13T11:55:18.532;536845823110995088;-28;1007;-186
2021-11-13T11:55:18.552;536845823130692296;3;1063;-187
2021-11-13T11:55:18.572;536845823150389504;-4;1054;-169
2021-11-13T11:55:18.591;536845823170086712;-6;1000;-141
2021-11-13T11:55:18.611;536845823189783920;51;994;-135
2021-11-13T11:55:18.631;536845823209481128;-2;1035;-119
2021-11-13T11:55:18.651;536845823229178336;-54;1057;-107
2021-11-13T11:55:18.670;536845823248875544;-42;1044;-113
2021-11-13T11:55:18.690;536845823268572752;-27;1008;-106
2021-11-13T11:55:18.710;536845823288269960;-45;1005;-109
2021-11-13T11:55:18.729;536845823307967168;67;1010;-143
2021-11-13T11:55:18.749;536845823327664376;106;1010;-181
2021-11-13T11:55:18.769;536845823347361584;-62;1009;-140
2021-11-13T11:55:18.788;536845823367052983;-90;990;-119
2021-11-13T11:55:18.808;536845823386744366;12;1000;-159
2021-11-13T11:55:18.828;536845823406435749;6;997;-170
2021-11-13T11:55:18.847;536845823426127132;-6;999;-159
2021-11-13T11:55:18.867;536845823445818515;45;998;-151
2021-11-13T11:55:18.887;536845823465509898;48;996;-143
2021-11-13T11:55:18.907;536845823485201281;5;989;-130
2021-11-13T11:55:18.926;536845823504892664;11;985;-143
2021-11-13T11:55:18.946;536845823524584047;-25;976;-144
2021-11-13T11:55:18.966;536845823544275430;-32;970;-119
2021-11-13T11:55:18.985;536845823563966813;-6;976;-135
2021-11-13T11:55:19.005;536845823583658196;-20;971;-158
2021-11-13T11:55:19.025;536845823603349579;-13;963;-179
2021-11-13T11:55:19.044;536845823623040962;-11;963;-197
2021-11-13T11:55:19.064;536845823642732345;-17;978;-195
2021-11-13T11:55:19.084;536845823662423728;-55;976;-182
2021-11-13T11:55:19.103;536845823682115111;-21;981;-186
2021-11-13T11:55:19.123;536845823701806494;-24;986;-185
2021-11-13T11:55:19.143;536845823721497877;-19;993;-185
2021-11-13T11:55:19.163;536845823741189260;13;987;-175
2021-11-13T11:55:19.182;536845823760880643;42;1000;-175
2021-11-13T11:55:19.202;536845823780572026;19;1035;-180
2021-11-13T11:55:19.222;536845823800263409;17;1077;-163
2021-11-13T11:55:19.241;536845823819954792;45;1130;-168
2021-11-13T11:55:19.261;536845823839646175;51;1157;-179
2021-11-13T11:55:19.281;536845823859337558;54;1170;-176
2021-11-13T11:55:19.300;536845823879028941;52;1203;-163
2021-11-13T11:55:19.320;536845823898720324;92;1236;-157
2021-11-13T11:55:19.340;536845823918411707;104;1216;-146
2021-11-13T11:55:19.359;536845823938103090;61;1195;-137
2021-11-13T11:55:19.379;536845823957794473;22;1154;-120
2021-11-13T11:55:19.399;536845823977485856;20;1184;-111
2021-11-13T11:55:19.419;536845823997177239;12;1157;-124
2021-11-13T11:55:19.438;536845824016868622;-10;1147;-151
2021-11-13T11:55:19.458;536845824036560005;10;1128;-184
2021-11-13T11:55:19.478;536845824056251388;2;1114;-191
2021-11-13T11:55:19.497;536845824075950061;1;1124;-212
2021-11-13T11:55:19.517;536845824095648726;-21;1149;-224
2021-11-13T11:55:19.537;536845824115347391;-27;1129;-231
2021-11-13T11:55:19.556;536845824135046056;13;1116;-216
2021-11-13T11:55:19.576;536845824154744721;22;1111;-206
2021-11-13T11:55:19.596;536845824174443386;19;1166;-218
2021-11-13T11:55:19.616;536845824194142051;24;1155;-213
2021-11-13T11:55:19.635;536845824213840716;-3;1194;-201
2021-11-13T11:55:19.655;536845824233539381;-1;1105;-199
2021-11-13T11:55:19.675;536845824253238046;-17;1126;-191
2021-11-13T11:55:19.694;536845824272936711;3;1189;-208
2021-11-13T11:55:19.714;536845824292635376;31;1153;-223
2021-11-13T11:55:19.734;536845824312334041;100;1123;-213
2021-11-13T11:55:19.753;536845824332032706;84;1029;-193
2021-11-13T11:55:19.773;536845824351731371;13;1017;-141
2021-11-13T11:55:19.793;536845824371430036;7;1035;-132
2021-11-13T11:55:19.813;536845824391128701;34;968;-116
2021-11-13T11:55:19.832;536845824410827366;24;971;-94
2021-11-13T11:55:19.852;536845824430526031;-10;974;-92
2021-11-13T11:55:19.872;536845824450224696;-44;977;-118
2021-11-13T11:55:19.891;536845824469923361;-2;984;-161
2021-11-13T11:55:19.911;536845824489622026;12;923;-182
2021-11-13T11:55:19.931;536845824509320691;9;893;-199
2021-11-13T11:55:19.950;536845824529019356;3;901;-214
2021-11-13T11:55:19.970;536845824548718021;-5;871;-220
2021-11-13T11:55:19.990;536845824568416686;-8;878;-234
2021-11-13T11:55:20.009;536845824588115351;20;857;-220
2021-11-13T11:55:20.029;536845824607814016;13;866;-223
2021-11-13T11:55:20.049;536845824627512681;5;866;-246
2021-11-13T11:55:20.069;536845824647211346;-4;791;-241
2021-11-13T11:55:20.088;536845824666910011;42;763;-222
2021-11-13T11:55:20.108;536845824686608676;53;757;-198
2021-11-13T11:55:20.128;536845824706307341;60;725;-160
2021-11-13T11:55:20.147;536845824726006006;112;669;-142
2021-11-13T11:55:20.167;536845824745704671;115;675;-159
2021-11-13T11:55:20.187;536845824765403336;67;619;-149
2021-11-13T11:55:20.206;536845824785100545;37;618;-136
2021-11-13T11:55:20.226;536845824804797754;34;567;-170
2021-11-13T11:55:20.246;536845824824494963;119;542;-151
2021-11-13T11:55:20.266;536845824844192172;184;527;-111
2021-11-13T11:55:20.285;536845824863889381;136;491;-122
2021-11-13T11:55:20.305;536845824883586590;43;475;-157
2021-11-13T11:55:20.325;536845824903283799;43;467;-122
2021-11-13T11:55:20.344;536845824922981008;25;495;-110
2021-11-13T11:55:20.364;536845824942678217;26;587;-100
2021-11-13T11:55:20.384;536845824962375426;101;595;-89
2021-11-13T11:55:20.403;536845824982072635;108;557;-81
2021-11-13T11:55:20.423;536845825001769844;-5;623;-87
2021-11-13T11:55:20.443;536845825021467053;-115;730;-92
2021-11-13T11:55:20.463;536845825041164262;-117;762;-87
2021-11-13T11:55:20.482;536845825060861471;-84;773;-126
2021-11-13T11:55:20.502;536845825080558680;-71;778;-149
2021-11-13T11:55:20.522;536845825100255889;-45;814;-173
2021-11-13T11:55:20.541;536845825119953098;-23;835;-190
2021-11-13T11:55:20.561;536845825139650307;-14;883;-180
2021-11-13T11:55:20.581;536845825159347516;-12;881;-147
2021-11-13T11:55:20.600;536845825179044725;19;907;-158
2021-11-13T11:55:20.620;536845825198741934;-9;944;-190
2021-11-13T11:55:20.640;536845825218439143;-67;952;-184
2021-11-13T11:55:20.660;536845825238136352;-110;886;-178
2021-11-13T11:55:20.679;536845825257833561;-93;874;-151
2021-11-13T11:55:20.699;536845825277530770;-82;876;-131
2021-11-13T11:55:20.719;536845825297227979;-81;897;-127
2021-11-13T11:55:20.738;536845825316925188;-27;884;-126
2021-11-13T11:55:20.758;536845825336622397;18;839;-102
2021-11-13T11:55:20.778;536845825356319606;55;870;-101
2021-11-13T11:55:20.797;536845825376016815;61;890;-114
2021-11-13T11:55:20.817;536845825395714024;-3;978;-132
2021-11-13T11:55:20.837;536845825415411233;-35;1064;-155
2021-11-13T11:55:20.856;536845825435108442;20;1085;-159
2021-11-13T11:55:20.876;536845825454805651;50;1090;-174
2021-11-13T11:55:20.896;536845825474502860;41;1114;-209
2021-11-13T11:55:20.916;536845825494197160;25;1158;-214
2021-11-13T11:55:20.935;536845825513891456;20;1164;-209
2021-11-13T11:55:20.955;536845825533585752;-12;1181;-197
2021-11-13T11:55:20.975;536845825553280048;-41;1212;-196
2021-11-13T11:55:20.994;536845825572974344;-3;1215;-207
2021-11-13T11:55:21.014;536845825592668640;17;1200;-220
2021-11-13T11:55:21.034;536845825612362936;21;1163;-225
2021-11-13T11:55:21.053;536845825632057232;-2;1141;-207
2021-11-13T11:55:21.073;536845825651751528;-30;1127;-188
2021-11-13T11:55:21.093;536845825671445824;-39;1119;-188
2021-11-13T11:55:21.113;536845825691140120;-30;1107;-206
2021-11-13T11:55:21.132;536845825710834416;-30;1093;-197
2021-11-13T11:55:21.152;536845825730528712;-43;1086;-182
2021-11-13T11:55:21.172;536845825750223008;-29;1064;-178
2021-11-13T11:55:21.191;536845825769917304;-6;1020;-188
2021-11-13T11:55:21.211;536845825789611600;-8;990;-193
2021-11-13T11:55:21.231;536845825809305896;-19;996;-191
2021-11-13T11:55:21.250;536845825829000192;-1;1027;-202
2021-11-13T11:55:21.270;536845825848694488;13;1038;-203
2021-11-13T11:55:21.290;536845825868388784;19;1049;-194
2021-11-13T11:55:21.309;536845825888083080;28;1049;-184
2021-11-13T11:55:21.329;536845825907777376;36;1052;-189
2021-11-13T11:55:21.349;536845825927471672;33;1060;-182
2021-11-13T11:55:21.369;536845825947165968;17;1057;-184
2021-11-13T11:55:21.388;536845825966860264;27;1040;-177
2021-11-13T11:55:21.408;536845825986554560;53;1010;-166
2021-11-13T11:55:21.428;536845826006248856;68;990;-147
2021-11-13T11:55:21.447;536845826025943152;61;989;-132
2021-11-13T11:55:21.467;536845826045637448;44;989;-130
2021-11-13T11:55:21.487;536845826065331744;72;1012;-140
2021-11-13T11:55:21.506;536845826085026040;110;1014;-149
2021-11-13T11:55:21.526;536845826104720336;117;996;-167
2021-11-13T11:55:21.546;536845826124414632;114;984;-184
2021-11-13T11:55:21.565;536845826144108928;100;984;-196
2021-11-13T11:55:21.585;536845826163803224;104;1000;-202
2021-11-13T11:55:21.605;536845826183497520;120;1005;-199
2021-11-13T11:55:21.625;536845826203199098;144;1007;-195
2021-11-13T11:55:21.644;536845826222900676;146;997;-199
2021-11-13T11:55:21.664;536845826242602254;138;988;-179
2021-11-13T11:55:21.684;536845826262303832;118;989;-146
2021-11-13T11:55:21.703;536845826282005410;165;1003;-169
2021-11-13T11:55:21.723;536845826301706988;148;1031;-191
2021-11-13T11:55:21.743;536845826321408566;36;1002;-129
2021-11-13T11:55:21.762;536845826341110144;71;980;-124
2021-11-13T11:55:21.782;536845826360811722;107;996;-140
2021-11-13T11:55:21.802;536845826380513300;85;979;-132
2021-11-13T11:55:21.822;536845826400214878;91;983;-141
2021-11-13T11:55:21.841;536845826419916456;121;992;-146
2021-11-13T11:55:21.861;536845826439618034;125;987;-145
2021-11-13T11:55:21.881;536845826459319612;139;988;-138
2021-11-13T11:55:21.900;536845826479021190;198;991;-153
2021-11-13T11:55:21.920;536845826498722768;178;996;-154
2021-11-13T11:55:21.940;536845826518424346;124;990;-127
2021-11-13T11:55:21.959;536845826538125924;124;989;-129
2021-11-13T11:55:21.979;536845826557827502;129;1002;-140
2021-11-13T11:55:21.999;536845826577529080;123;994;-143
2021-11-13T11:55:22.019;536845826597230658;126;988;-144
2021-11-13T11:55:22.038;536845826616932236;160;987;-151
2021-11-13T11:55:22.058;536845826636633814;165;980;-147
2021-11-13T11:55:22.078;536845826656335392;149;972;-128
2021-11-13T11:55:22.097;536845826676036970;166;975;-115
2021-11-13T11:55:22.117;536845826695738548;177;981;-97
2021-11-13T11:55:22.137;536845826715440126;177;979;-87
2021-11-13T11:55:22.157;536845826735141704;201;976;-81
2021-11-13T11:55:22.176;536845826754843282;236;975;-93
2021-11-13T11:55:22.196;536845826774544860;242;970;-105
2021-11-13T11:55:22.216;536845826794246438;237;953;-104
2021-11-13T11:55:22.235;536845826813948016;219;957;-91
2021-11-13T11:55:22.255;536845826833649594;197;947;-84
2021-11-13T11:55:22.275;536845826853351172;127;917;-99
2021-11-13T11:55:22.294;536845826873052750;134;909;-115
2021-11-13T11:55:22.314;536845826892754328;163;897;-134
2021-11-13T11:55:22.334;536845826912455937;165;908;-127
2021-11-13T11:55:22.354;536845826932157514;205;939;-100
2021-11-13T11:55:22.373;536845826951859091;222;963;-87
2021-11-13T11:55:22.393;536845826971560668;256;977;-81
2021-11-13T11:55:22.413;536845826991262245;310;989;-79
2021-11-13T11:55:22.432;536845827010963822;246;1014;-41
2021-11-13T11:55:22.452;536845827030665399;208;1031;11
2021-11-13T11:55:22.472;536845827050366976;245;1086;10
2021-11-13T11:55:22.491;536845827070068553;239;1107;1
2021-11-13T11:55:22.511;536845827089770130;257;1124;1
2021-11-13T11:55:22.531;536845827109471707;257;1197;-19
2021-11-13T11:55:22.551;536845827129173284;245;1240;-56
2021-11-13T11:55:22.570;536845827148874861;232;1282;-90
2021-11-13T11:55:22.590;536845827168576438;238;1229;-91
2021-11-13T11:55:22.610;536845827188278015;272;1202;-67
2021-11-13T11:55:22.629;536845827207979592;318;1224;-78
2021-11-13T11:55:22.649;536845827227681169;393;1229;-84
2021-11-13T11:55:22.669;536845827247382746;379;1218;-70
2021-11-13T11:55:22.688;536845827267084323;287;1183;-54
2021-11-13T11:55:22.708;536845827286785900;219;1153;-34
2021-11-13T11:55:22.728;536845827306487477;171;1138;-42
2021-11-13T11:55:22.748;536845827326189054;155;1119;-84
2021-11-13T11:55:22.767;536845827345890631;163;1073;-122
2021-11-13T11:55:22.787;536845827365592208;148;1019;-156
2021-11-13T11:55:22.807;536845827385293785;114;976;-165
2021-11-13T11:55:22.826;536845827404995362;118;950;-137
2021-11-13T11:55:22.846;536845827424696939;105;931;-133
2021-11-13T11:55:22.866;536845827444398516;86;912;-115
2021-11-13T11:55:22.885;536845827464100093;105;935;-104
2021-11-13T11:55:22.905;536845827483801670;117;969;-118
2021-11-13T11:55:22.925;536845827503503247;123;969;-137
2021-11-13T11:55:22.945;536845827523204824;122;984;-167
2021-11-13T11:55:22.964;536845827542906401;130;991;-215
2021-11-13T11:55:22.984;536845827562607978;141;1013;-244
2021-11-13T11:55:23.004;536845827582309555;187;1049;-261
2021-11-13T11:55:23.023;536845827602011132;240;1107;-269
2021-11-13T11:55:23.043;536845827621709805;257;1134;-256
2021-11-13T11:55:23.063;536845827641408470;303;1145;-219
2021-11-13T11:55:23.082;536845827661107135;258;1128;-176
2021-11-13T11:55:23.102;536845827680805800;227;1124;-129
2021-11-13T11:55:23.122;536845827700504465;203;1133;-91
2021-11-13T11:55:23.142;536845827720203130;191;1100;-84
2021-11-13T11:55:23.161;536845827739901795;146;1013;-50
2021-11-13T11:55:23.181;536845827759600460;99;982;-44
2021-11-13T11:55:23.201;536845827779299125;105;984;-51
2021-11-13T11:55:23.220;536845827798997790;96;982;-89
2021-11-13T11:55:23.240;536845827818696455;93;931;-98
2021-11-13T11:55:23.260;536845827838395120;111;881;-83
2021-11-13T11:55:23.279;536845827858093785;104;887;-88
2021-11-13T11:55:23.299;536845827877792450;96;878;-130
2021-11-13T11:55:23.319;536845827897491115;73;878;-147
2021-11-13T11:55:23.339;536845827917189780;26;874;-157
2021-11-13T11:55:23.358;536845827936888445;-14;876;-139
2021-11-13T11:55:23.378;536845827956587110;8;865;-140
2021-11-13T11:55:23.398;536845827976285775;60;838;-186
2021-11-13T11:55:23.417;536845827995984440;127;838;-215
2021-11-13T11:55:23.437;536845828015683105;71;835;-145
2021-11-13T11:55:23.457;536845828035381770;104;828;-191
2021-11-13T11:55:23.476;536845828055080435;64;768;-206
2021-11-13T11:55:23.496;536845828074779100;52;732;-198
2021-11-13T11:55:23.516;536845828094477765;89;743;-205
2021-11-13T11:55:23.536;536845828114176430;104;724;-131
2021-11-13T11:55:23.555;536845828133875095;49;681;-53
2021-11-13T11:55:23.575;536845828153573760;76;684;-43
2021-11-13T11:55:23.595;536845828173272425;163;672;-66
2021-11-13T11:55:23.614;536845828192971090;194;584;-70
2021-11-13T11:55:23.634;536845828212669755;138;543;-82
2021-11-13T11:55:23.654;536845828232368420;-2;539;-112
2021-11-13T11:55:23.673;536845828252067085;-22;574;-161
2021-11-13T11:55:23.693;536845828271765750;-4;548;-133
2021-11-13T11:55:23.713;536845828291464415;104;502;-82
2021-11-13T11:55:23.733;536845828311163080;118;580;-124
2021-11-13T11:55:23.752;536845828330854483;33;627;-168
2021-11-13T11:55:23.772;536845828350545866;70;653;-163
2021-11-13T11:55:23.792;536845828370237249;124;713;-138
2021-11-13T11:55:23.811;536845828389928632;121;751;-152
2021-11-13T11:55:23.831;536845828409620015;99;815;-170
2021-11-13T11:55:23.851;536845828429311398;86;883;-170
2021-11-13T11:55:23.870;536845828449002781;24;892;-177
2021-11-13T11:55:23.890;536845828468694164;50;912;-183
2021-11-13T11:55:23.910;536845828488385547;107;938;-146
2021-11-13T11:55:23.929;536845828508076930;83;930;-127
2021-11-13T11:55:23.949;536845828527768313;36;926;-125
2021-11-13T11:55:23.969;536845828547459696;10;875;-120
2021-11-13T11:55:23.989;536845828567151079;10;880;-144
2021-11-13T11:55:24.008;536845828586842462;21;905;-164
2021-11-13T11:55:24.028;536845828606533845;61;907;-128
2021-11-13T11:55:24.048;536845828626225228;56;888;-123
2021-11-13T11:55:24.067;536845828645916611;73;890;-129
2021-11-13T11:55:24.087;536845828665607994;116;866;-134
2021-11-13T11:55:24.107;536845828685299377;60;904;-137
2021-11-13T11:55:24.126;536845828704990760;-11;951;-123
2021-11-13T11:55:24.146;536845828724682143;16;973;-98
2021-11-13T11:55:24.166;536845828744373526;50;983;-115
2021-11-13T11:55:24.185;536845828764064909;61;986;-132
2021-11-13T11:55:24.205;536845828783756292;104;996;-150
2021-11-13T11:55:24.225;536845828803447675;142;993;-164
2021-11-13T11:55:24.245;536845828823139058;130;1011;-160
2021-11-13T11:55:24.264;536845828842830441;75;1048;-180
2021-11-13T11:55:24.284;536845828862521824;43;1053;-177
2021-11-13T11:55:24.304;536845828882213207;44;1056;-156
2021-11-13T11:55:24.323;536845828901904590;12;1104;-117
2021-11-13T11:55:24.343;536845828921595973;-47;1188;-119
2021-11-13T11:55:24.363;536845828941287356;-16;1176;-152
2021-11-13T11:55:24.382;536845828960978739;94;1131;-197
2021-11-13T11:55:24.402;536845828980670122;126;1117;-233
2021-11-13T11:55:24.422;536845829000361505;146;1107;-247
2021-11-13T11:55:24.441;536845829020052888;115;1092;-248
2021-11-13T11:55:24.461;536845829039758866;91;1109;-246
2021-11-13T11:55:24.481;536845829059464812;86;1111;-231
2021-11-13T11:55:24.501;536845829079170758;59;1073;-229
2021-11-13T11:55:24.520;536845829098876704;59;1055;-221
2021-11-13T11:55:24.540;536845829118582650;39;1072;-200
2021-11-13T11:55:24.560;536845829138288596;19;1066;-190
2021-11-13T11:55:24.579;536845829157994542;2;1050;-202
2021-11-13T11:55:24.599;536845829177700488;7;1028;-224
2021-11-13T11:55:24.619;536845829197406434;22;992;-227
2021-11-13T11:55:24.638;536845829217112380;32;987;-221
2021-11-13T11:55:24.658;536845829236818326;49;1004;-221
2021-11-13T11:55:24.678;536845829256524272;71;1029;-206
2021-11-13T11:55:24.698;536845829276230218;83;1039;-199
2021-11-13T11:55:24.717;536845829295936164;109;1052;-195
2021-11-13T11:55:24.737;536845829315642110;121;1051;-210
2021-11-13T11:55:24.757;536845829335348056;123;1047;-208
2021-11-13T11:55:24.776;536845829355054002;132;1033;-210
2021-11-13T11:55:24.796;536845829374759948;145;1012;-212
2021-11-13T11:55:24.816;536845829394465894;148;1001;-202
2021-11-13T11:55:24.836;536845829414171840;137;986;-167
2021-11-13T11:55:24.855;536845829433877786;147;992;-146
2021-11-13T11:55:24.875;536845829453583732;185;989;-150
2021-11-13T11:55:24.895;536845829473289678;205;989;-147
2021-11-13T11:55:24.914;536845829492995624;243;992;-151
2021-11-13T11:55:24.934;536845829512701570;233;989;-172
2021-11-13T11:55:24.954;536845829532407516;177;980;-161
2021-11-13T11:55:24.973;536845829552113462;184;1017;-170
2021-11-13T11:55:24.993;536845829571819408;226;1054;-194
2021-11-13T11:55:25.013;536845829591525354;243;1039;-207
2021-11-13T11:55:25.033;536845829611231300;236;1026;-202
2021-11-13T11:55:25.052;536845829630937246;243;1005;-188
2021-11-13T11:55:25.072;536845829650643192;239;1004;-187
2021-11-13T11:55:25.092;536845829670349138;229;1026;-182
2021-11-13T11:55:25.111;536845829690055084;237;1043;-181
2021-11-13T11:55:25.131;536845829709761030;243;1039;-176
2021-11-13T11:55:25.151;536845829729466976;241;1011;-158
2021-11-13T11:55:25.171;536845829749155478;234;1004;-130
2021-11-13T11:55:25.190;536845829768843948;235;1000;-121
2021-11-13T11:55:25.210;536845829788532418;194;993;-109
2021-11-13T11:55:25.230;536845829808220888;164;983;-95
2021-11-13T11:55:25.249;536845829827909358;183;981;-98
2021-11-13T11:55:25.269;536845829847597828;214;970;-93
2021-11-13T11:55:25.289;536845829867286298;228;952;-93
2021-11-13T11:55:25.308;536845829886974768;239;950;-90
2021-11-13T11:55:25.328;536845829906663238;245;962;-89
2021-11-13T11:55:25.348;536845829926351708;244;957;-87
2021-11-13T11:55:25.367;536845829946040178;239;962;-86
2021-11-13T11:55:25.387;536845829965728648;229;944;-98
2021-11-13T11:55:25.407;536845829985417118;239;888;-104
2021-11-13T11:55:25.426;536845830005105588;240;864;-99
2021-11-13T11:55:25.446;536845830024794058;223;864;-103
2021-11-13T11:55:25.466;536845830044482528;222;886;-108
2021-11-13T11:55:25.486;536845830064170998;278;898;-107
2021-11-13T11:55:25.505;536845830083859468;319;881;-102
2021-11-13T11:55:25.525;536845830103547938;396;927;-78
2021-11-13T11:55:25.545;536845830123236408;481;967;-48
2021-11-13T11:55:25.564;536845830142924878;482;965;-52
2021-11-13T11:55:25.584;536845830162613348;428;943;-33
2021-11-13T11:55:25.604;536845830182301818;440;919;-2
2021-11-13T11:55:25.623;536845830201990288;437;891;-3
2021-11-13T11:55:25.643;536845830221678758;422;891;-9
2021-11-13T11:55:25.663;536845830241367228;423;898;-34
2021-11-13T11:55:25.682;536845830261055698;457;914;-74
2021-11-13T11:55:25.702;536845830280744168;453;930;-83
2021-11-13T11:55:25.722;536845830300432638;456;946;-77
2021-11-13T11:55:25.741;536845830320121108;472;942;-81
2021-11-13T11:55:25.761;536845830339809578;475;944;-96
2021-11-13T11:55:25.781;536845830359498048;451;936;-102
2021-11-13T11:55:25.801;536845830379186518;428;935;-119
2021-11-13T11:55:25.820;536845830398874988;442;932;-116
2021-11-13T11:55:25.840;536845830418563458;398;908;-105
2021-11-13T11:55:25.860;536845830438251928;377;907;-76
2021-11-13T11:55:25.879;536845830457946228;344;925;-43
2021-11-13T11:55:25.899;536845830477640524;342;913;-24
2021-11-13T11:55:25.919;536845830497334820;316;950;-20
2021-11-13T11:55:25.938;536845830517029116;251;1001;-44
2021-11-13T11:55:25.958;536845830536723412;296;1041;-70
2021-11-13T11:55:25.978;536845830556417708;416;1099;-115
2021-11-13T11:55:25.997;536845830576112004;492;1068;-114
2021-11-13T11:55:26.017;536845830595806300;484;1038;-91
2021-11-13T11:55:26.037;536845830615500596;453;1020;-84
2021-11-13T11:55:26.057;536845830635194892;410;1011;-61
2021-11-13T11:55:26.076;536845830654889188;374;1058;-27
2021-11-13T11:55:26.096;536845830674583484;331;1060;-43
2021-11-13T11:55:26.116;536845830694277780;328;1012;-99
2021-11-13T11:55:26.135;536845830713972076;319;987;-113
2021-11-13T11:55:26.155;536845830733666372;270;976;-111
2021-11-13T11:55:26.175;536845830753360668;215;1004;-95
2021-11-13T11:55:26.194;536845830773054964;212;1052;-115
2021-11-13T11:55:26.214;536845830792749260;228;1080;-107
2021-11-13T11:55:26.234;536845830812443556;220;1118;-122
2021-11-13T11:55:26.254;536845830832137852;243;1161;-124
2021-11-13T11:55:26.273;536845830851832148;248;1174;-130
2021-11-13T11:55:26.293;536845830871526444;242;1167;-125
2021-11-13T11:55:26.313;536845830891220740;239;1215;-122
2021-11-13T11:55:26.332;536845830910915036;202;1247;-158
2021-11-13T11:55:26.352;536845830930609332;224;1236;-197
2021-11-13T11:55:26.372;536845830950303628;197;1222;-195
2021-11-13T11:55:26.391;536845830969997924;157;1217;-167
2021-11-13T11:55:26.411;536845830989692220;121;1227;-148
2021-11-13T11:55:26.431;536845831009386516;123;1183;-180
2021-11-13T11:55:26.450;536845831029080812;139;1176;-232
2021-11-13T11:55:26.470;536845831048775108;190;1165;-253
2021-11-13T11:55:26.490;536845831068469404;180;1129;-246
2021-11-13T11:55:26.510;536845831088163700;136;1078;-244
2021-11-13T11:55:26.529;536845831107857996;173;989;-220
2021-11-13T11:55:26.549;536845831127552292;166;969;-206
2021-11-13T11:55:26.569;536845831147246588;156;954;-195
2021-11-13T11:55:26.588;536845831166940892;178;934;-185
2021-11-13T11:55:26.608;536845831186635188;146;924;-172
2021-11-13T11:55:26.628;536845831206329484;95;907;-196
2021-11-13T11:55:26.647;536845831226023780;94;883;-205
2021-11-13T11:55:26.667;536845831245718076;112;887;-196
2021-11-13T11:55:26.687;536845831265412372;118;884;-174
2021-11-13T11:55:26.706;536845831285106668;80;956;-175
2021-11-13T11:55:26.726;536845831304800964;61;932;-190
2021-11-13T11:55:26.746;536845831324495260;73;896;-201
2021-11-13T11:55:26.766;536845831344189556;123;846;-238
2021-11-13T11:55:26.785;536845831363883852;139;742;-258
2021-11-13T11:55:26.805;536845831383578148;75;741;-243
2021-11-13T11:55:26.825;536845831403272444;70;741;-239
2021-11-13T11:55:26.844;536845831422966740;56;754;-239
2021-11-13T11:55:26.864;536845831442661036;93;792;-227
2021-11-13T11:55:26.884;536845831462355332;165;799;-242
2021-11-13T11:55:26.903;536845831482049628;183;727;-206
2021-11-13T11:55:26.923;536845831501743924;75;656;-101
2021-11-13T11:55:26.943;536845831521438220;-144;696;-58
2021-11-13T11:55:26.963;536845831541132516;-148;659;-79
2021-11-13T11:55:26.982;536845831560826812;-80;679;-150
2021-11-13T11:55:27.002;536845831580521108;39;676;-210
2021-11-13T11:55:27.022;536845831600215404;75;610;-239
2021-11-13T11:55:27.041;536845831619909700;37;559;-201
2021-11-13T11:55:27.061;536845831639603996;-46;616;-162
2021-11-13T11:55:27.081;536845831659298292;-107;769;-128
2021-11-13T11:55:27.100;536845831678992588;-55;849;-103
2021-11-13T11:55:27.120;536845831698686884;-14;856;-54
2021-11-13T11:55:27.140;536845831718381180;-10;807;-66
2021-11-13T11:55:27.159;536845831738075476;94;833;-137
2021-11-13T11:55:27.179;536845831757769772;156;915;-139
2021-11-13T11:55:27.199;536845831777464068;105;998;-147
2021-11-13T11:55:27.219;536845831797158364;-7;945;-119
2021-11-13T11:55:27.238;536845831816852660;-56;791;-106
2021-11-13T11:55:27.258;536845831836546956;-37;755;-86
2021-11-13T11:55:27.278;536845831856241252;-1;770;-94
2021-11-13T11:55:27.297;536845831875929750;-15;813;-128
2021-11-13T11:55:27.317;536845831895618220;-21;801;-142
2021-11-13T11:55:27.337;536845831915306690;4;754;-167
2021-11-13T11:55:27.356;536845831934995160;-28;772;-165
2021-11-13T11:55:27.376;536845831954683630;-82;842;-154
2021-11-13T11:55:27.396;536845831974372100;-43;868;-132
2021-11-13T11:55:27.415;536845831994060570;-5;826;-136
2021-11-13T11:55:27.435;536845832013749040;71;871;-136
2021-11-13T11:55:27.455;536845832033437510;72;921;-161
2021-11-13T11:55:27.474;536845832053125980;92;881;-152
2021-11-13T11:55:27.494;536845832072814450;21;831;-154
2021-11-13T11:55:27.514;536845832092502920;7;834;-151
2021-11-13T11:55:27.534;536845832112191390;49;805;-124
2021-11-13T11:55:27.553;536845832131879860;95;873;-156
2021-11-13T11:55:27.573;536845832151568330;117;871;-204
2021-11-13T11:55:27.593;536845832171256800;180;853;-211
2021-11-13T11:55:27.612;536845832190945270;76;848;-143
2021-11-13T11:55:27.632;536845832210633740;-56;875;-76
2021-11-13T11:55:27.652;536845832230322210;-33;965;-83
2021-11-13T11:55:27.671;536845832250010680;85;995;-106
2021-11-13T11:55:27.691;536845832269699150;124;988;-145
2021-11-13T11:55:27.711;536845832289387620;122;947;-193
2021-11-13T11:55:27.730;536845832309076090;130;936;-224
2021-11-13T11:55:27.750;536845832328764560;0;980;-197
2021-11-13T11:55:27.770;536845832348453030;-69;969;-132
2021-11-13T11:55:27.790;536845832368141500;-10;988;-123
2021-11-13T11:55:27.809;536845832387829970;33;993;-162
2021-11-13T11:55:27.829;536845832407518440;86;990;-191
2021-11-13T11:55:27.849;536845832427206910;128;996;-202
2021-11-13T11:55:27.868;536845832446895380;84;1085;-223
2021-11-13T11:55:27.888;536845832466583850;43;1113;-227
2021-11-13T11:55:27.908;536845832486272320;14;1111;-214
2021-11-13T11:55:27.927;536845832505960790;20;1076;-198
2021-11-13T11:55:27.947;536845832525649260;16;1029;-183
2021-11-13T11:55:27.967;536845832545337730;13;1014;-167
2021-11-13T11:55:27.986;536845832565026200;8;1049;-203
2021-11-13T11:55:28.006;536845832584717595;7;1060;-237
2021-11-13T11:55:28.026;536845832604408978;25;1059;-253
2021-11-13T11:55:28.045;536845832624100361;41;1048;-245
2021-11-13T11:55:28.065;536845832643791744;64;1070;-228
2021-11-13T11:55:28.085;536845832663483127;61;1091;-219
2021-11-13T11:55:28.105;536845832683174510;52;1105;-215
2021-11-13T11:55:28.124;536845832702865893;54;1100;-223
2021-11-13T11:55:28.144;536845832722557276;44;1078;-237
2021-11-13T11:55:28.164;536845832742248659;52;1038;-242
2021-11-13T11:55:28.183;536845832761940042;55;994;-223
2021-11-13T11:55:28.203;536845832781631425;38;1029;-231
2021-11-13T11:55:28.223;536845832801322808;26;1054;-240
2021-11-13T11:55:28.242;536845832821014191;32;1047;-251
2021-11-13T11:55:28.262;536845832840705574;40;1009;-249
2021-11-13T11:55:28.282;536845832860396957;40;990;-235
2021-11-13T11:55:28.301;536845832880088340;45;990;-229
2021-11-13T11:55:28.321;536845832899779723;58;989;-221
2021-11-13T11:55:28.341;536845832919471106;59;992;-217
2021-11-13T11:55:28.361;536845832939162489;59;1009;-205
2021-11-13T11:55:28.380;536845832958853872;85;1011;-183
2021-11-13T11:55:28.400;536845832978545255;106;1015;-172
2021-11-13T11:55:28.420;536845832998236638;159;990;-176
2021-11-13T11:55:28.439;536845833017928021;197;973;-179
2021-11-13T11:55:28.459;536845833037619404;191;963;-172
2021-11-13T11:55:28.479;536845833057310787;242;969;-208
2021-11-13T11:55:28.498;536845833077002170;364;972;-245
2021-11-13T11:55:28.518;536845833096693553;155;966;-187
2021-11-13T11:55:28.538;536845833116384936;8;902;-113
2021-11-13T11:55:28.557;536845833136076319;146;922;-105
2021-11-13T11:55:28.577;536845833155767702;248;989;-144
2021-11-13T11:55:28.597;536845833175459085;231;987;-167
2021-11-13T11:55:28.617;536845833195150468;225;991;-183
2021-11-13T11:55:28.636;536845833214841851;243;995;-197
2021-11-13T11:55:28.656;536845833234533234;240;1009;-188
2021-11-13T11:55:28.676;536845833254224617;244;1031;-162
2021-11-13T11:55:28.695;536845833273916000;248;1069;-147
2021-11-13T11:55:28.715;536845833293604502;275;1110;-161
2021-11-13T11:55:28.735;536845833313292972;287;1111;-157
2021-11-13T11:55:28.754;536845833332981442;295;1104;-154
2021-11-13T11:55:28.774;536845833352669912;254;1082;-136
2021-11-13T11:55:28.794;536845833372358382;241;1066;-119
2021-11-13T11:55:28.813;536845833392046852;263;1058;-113
2021-11-13T11:55:28.833;536845833411735322;277;1018;-112
2021-11-13T11:55:28.853;536845833431423792;259;991;-121
2021-11-13T11:55:28.872;536845833451112262;255;997;-132
2021-11-13T11:55:28.892;536845833470800732;277;1004;-140
2021-11-13T11:55:28.912;536845833490489202;231;974;-124
2021-11-13T11:55:28.932;536845833510177672;202;931;-95
2021-11-13T11:55:28.951;536845833529866142;198;910;-93
2021-11-13T11:55:28.971;536845833549554612;211;903;-104
2021-11-13T11:55:28.991;536845833569243082;224;885;-94
2021-11-13T11:55:29.010;536845833588931552;241;885;-81
2021-11-13T11:55:29.030;536845833608620022;270;903;-89
2021-11-13T11:55:29.050;536845833628308492;299;889;-96
2021-11-13T11:55:29.069;536845833647996962;359;876;-91
2021-11-13T11:55:29.089;536845833667685432;386;882;-99
2021-11-13T11:55:29.109;536845833687373902;361;889;-81
2021-11-13T11:55:29.128;536845833707062372;356;906;-55
2021-11-13T11:55:29.148;536845833726750842;377;913;-58
2021-11-13T11:55:29.168;536845833746439312;439;929;-87
2021-11-13T11:55:29.187;536845833766127782;496;904;-129
2021-11-13T11:55:29.207;536845833785816252;435;882;-116
2021-11-13T11:55:29.227;536845833805504722;453;904;-75
2021-11-13T11:55:29.247;536845833825193192;442;903;-64
2021-11-13T11:55:29.266;536845833844881662;453;905;-52
2021-11-13T11:55:29.286;536845833864570132;467;884;-48
2021-11-13T11:55:29.306;536845833884258602;468;870;-52
2021-11-13T11:55:29.325;536845833903947072;495;869;-51
2021-11-13T11:55:29.345;536845833923635542;503;867;-53
2021-11-13T11:55:29.365;536845833943324012;459;875;-33
2021-11-13T11:55:29.384;536845833963012482;485;877;-20
2021-11-13T11:55:29.404;536845833982700952;495;880;-38
2021-11-13T11:55:29.424;536845834002395252;524;900;-85
2021-11-13T11:55:29.443;536845834022089548;586;888;-124
2021-11-13T11:55:29.463;536845834041783844;692;953;-85
2021-11-13T11:55:29.483;536845834061478140;773;988;28
2021-11-13T11:55:29.503;536845834081172436;755;999;90
2021-11-13T11:55:29.522;536845834100866732;699;965;-35
2021-11-13T11:55:29.542;536845834120561028;692;943;-180
2021-11-13T11:55:29.562;536845834140255324;648;929;-225
2021-11-13T11:55:29.581;536845834159949620;592;940;-191
2021-11-13T11:55:29.601;536845834179643916;526;981;-122
2021-11-13T11:55:29.621;536845834199338212;497;986;-68
2021-11-13T11:55:29.640;536845834219032508;487;971;-54
2021-11-13T11:55:29.660;536845834238726804;468;933;-74
2021-11-13T11:55:29.680;536845834258421100;481;903;-132
2021-11-13T11:55:29.699;536845834278115396;497;890;-191
2021-11-13T11:55:29.719;536845834297809692;533;861;-169
2021-11-13T11:55:29.739;536845834317503988;511;854;-136
2021-11-13T11:55:29.759;536845834337198284;483;849;-137
2021-11-13T11:55:29.778;536845834356892580;477;878;-145
2021-11-13T11:55:29.798;536845834376586876;474;882;-169
2021-11-13T11:55:29.818;536845834396281172;455;882;-190
2021-11-13T11:55:29.837;536845834415975468;412;872;-168
2021-11-13T11:55:29.857;536845834435669764;376;874;-140
2021-11-13T11:55:29.877;536845834455364060;334;884;-137
2021-11-13T11:55:29.896;536845834475058356;310;877;-160
2021-11-13T11:55:29.916;536845834494752652;275;869;-191
2021-11-13T11:55:29.936;536845834514446948;270;891;-208
2021-11-13T11:55:29.956;536845834534141244;319;915;-223
2021-11-13T11:55:29.975;536845834553835540;333;943;-221
2021-11-13T11:55:29.995;536845834573529836;313;970;-207
2021-11-13T11:55:30.015;536845834593224132;316;1004;-196
2021-11-13T11:55:30.034;536845834612918428;343;1046;-199
2021-11-13T11:55:30.054;536845834632612724;315;1077;-186
2021-11-13T11:55:30.074;536845834652307020;313;1066;-184
2021-11-13T11:55:30.093;536845834672001316;301;1062;-181
2021-11-13T11:55:30.113;536845834691695612;250;1053;-178
2021-11-13T11:55:30.133;536845834711385547;266;1042;-173
2021-11-13T11:55:30.152;536845834731075474;327;995;-194
2021-11-13T11:55:30.172;536845834750765401;376;988;-228
2021-11-13T11:55:30.192;536845834770455328;342;983;-248
2021-11-13T11:55:30.212;536845834790145255;282;970;-266
2021-11-13T11:55:30.231;536845834809835182;252;999;-327
2021-11-13T11:55:30.251;536845834829525109;292;1020;-301
2021-11-13T11:55:30.271;536845834849215036;277;967;-247
2021-11-13T11:55:30.290;536845834868904963;179;978;-226
2021-11-13T11:55:30.310;536845834888594890;91;937;-175
2021-11-13T11:55:30.330;536845834908284817;26;906;-170
2021-11-13T11:55:30.349;536845834927974744;20;922;-196
2021-11-13T11:55:30.369;536845834947664671;53;946;-227
2021-11-13T11:55:30.389;536845834967354598;111;978;-198
2021-11-13T11:55:30.408;536845834987044525;106;1007;-203
2021-11-13T11:55:30.428;536845835006734452;97;1021;-208
2021-11-13T11:55:30.448;536845835026424379;116;959;-156
2021-11-13T11:55:30.467;536845835046114306;12;865;-166
2021-11-13T11:55:30.487;536845835065804233;-15;820;-169
2021-11-13T11:55:30.507;536845835085494160;62;790;-219
2021-11-13T11:55:30.527;536845835105184087;159;784;-242
2021-11-13T11:55:30.546;536845835124874014;143;744;-232
2021-11-13T11:55:30.566;536845835144563941;108;724;-224
2021-11-13T11:55:30.586;536845835164253868;85;717;-209
2021-11-13T11:55:30.605;536845835183943795;227;717;-216
2021-11-13T11:55:30.625;536845835203633722;315;643;-234
2021-11-13T11:55:30.645;536845835223323649;288;618;-240
2021-11-13T11:55:30.664;536845835243013576;243;630;-223
2021-11-13T11:55:30.684;536845835262703503;186;654;-206
2021-11-13T11:55:30.704;536845835282393430;101;630;-224
2021-11-13T11:55:30.723;536845835302083357;79;654;-230
2021-11-13T11:55:30.743;536845835321773284;50;765;-268
2021-11-13T11:55:30.763;536845835341463211;50;773;-314
2021-11-13T11:55:30.783;536845835361153138;37;820;-299
2021-11-13T11:55:30.802;536845835380843065;17;851;-287
2021-11-13T11:55:30.822;536845835400532992;-31;889;-276
2021-11-13T11:55:30.842;536845835420218550;-107;939;-270
2021-11-13T11:55:30.861;536845835439904108;-82;959;-304
2021-11-13T11:55:30.881;536845835459589666;5;948;-309
2021-11-13T11:55:30.901;536845835479275224;11;967;-316
2021-11-13T11:55:30.920;536845835498960782;-16;1050;-310
2021-11-13T11:55:30.940;536845835518646340;-15;1082;-251
2021-11-13T11:55:30.960;536845835538331898;-14;1031;-238
2021-11-13T11:55:30.979;536845835558017456;-29;993;-195
2021-11-13T11:55:30.999;536845835577703014;-36;991;-188
2021-11-13T11:55:31.019;536845835597388572;-36;959;-194
2021-11-13T11:55:31.038;536845835617074130;-7;959;-207
2021-11-13T11:55:31.058;536845835636759688;47;918;-199
2021-11-13T11:55:31.078;536845835656445246;77;881;-193
2021-11-13T11:55:31.098;536845835676130804;83;857;-183
2021-11-13T11:55:31.117;536845835695816362;79;815;-172
2021-11-13T11:55:31.137;536845835715501920;103;811;-181
2021-11-13T11:55:31.157;536845835735187478;116;785;-189
2021-11-13T11:55:31.176;536845835754873036;119;766;-197
2021-11-13T11:55:31.196;536845835774558594;117;748;-198
2021-11-13T11:55:31.216;536845835794244152;110;781;-204
2021-11-13T11:55:31.235;536845835813929710;101;798;-217
2021-11-13T11:55:31.255;536845835833615268;105;817;-224
2021-11-13T11:55:31.275;536845835853300826;95;862;-230
2021-11-13T11:55:31.294;536845835872986384;115;880;-228
2021-11-13T11:55:31.314;536845835892671942;124;914;-234
2021-11-13T11:55:31.334;536845835912357500;128;947;-238
2021-11-13T11:55:31.353;536845835932043058;146;991;-246
2021-11-13T11:55:31.373;536845835951728616;182;1000;-250
2021-11-13T11:55:31.393;536845835971414174;158;990;-248
2021-11-13T11:55:31.412;536845835991099732;121;995;-234
2021-11-13T11:55:31.432;536845836010785290;102;1016;-237
2021-11-13T11:55:31.452;536845836030470848;62;1029;-250
2021-11-13T11:55:31.472;536845836050156406;40;1015;-245
2021-11-13T11:55:31.491;536845836069841964;47;1012;-244
2021-11-13T11:55:31.511;536845836089527522;66;986;-234
2021-11-13T11:55:31.531;536845836109213080;56;989;-227
2021-11-13T11:55:31.550;536845836128913221;63;991;-230
2021-11-13T11:55:31.570;536845836148613342;72;989;-237
2021-11-13T11:55:31.590;536845836168313463;59;982;-233
2021-11-13T11:55:31.609;536845836188013584;41;970;-225
2021-11-13T11:55:31.629;536845836207713705;15;966;-220
2021-11-13T11:55:31.649;536845836227413826;9;954;-219
2021-11-13T11:55:31.668;536845836247113947;7;947;-232
2021-11-13T11:55:31.688;536845836266814068;20;944;-253
2021-11-13T11:55:31.708;536845836286514189;46;953;-275
2021-11-13T11:55:31.728;536845836306214310;63;958;-284
2021-11-13T11:55:31.747;536845836325914431;55;960;-282
2021-11-13T11:55:31.767;536845836345614552;42;968;-260
2021-11-13T11:55:31.787;536845836365314673;4;983;-269
2021-11-13T11:55:31.806;536845836385014794;41;995;-300
2021-11-13T11:55:31.826;536845836404714915;156;999;-365
2021-11-13T11:55:31.846;536845836424415036;84;1023;-339
2021-11-13T11:55:31.865;536845836444115157;-8;996;-237
2021-11-13T11:55:31.885;536845836463815278;-9;999;-190
2021-11-13T11:55:31.905;536845836483515399;22;1047;-204
2021-11-13T11:55:31.925;536845836503215520;45;1063;-213
2021-11-13T11:55:31.944;536845836522915641;69;1040;-227
2021-11-13T11:55:31.964;536845836542615762;134;1019;-245
2021-11-13T11:55:31.984;536845836562315883;120;1040;-248
2021-11-13T11:55:32.003;536845836582016004;26;1023;-223
2021-11-13T11:55:32.023;536845836601716125;54;1034;-237
2021-11-13T11:55:32.043;536845836621416246;82;1046;-245
2021-11-13T11:55:32.062;536845836641116367;50;1033;-242
2021-11-13T11:55:32.082;536845836660816488;49;1025;-246
2021-11-13T11:55:32.102;536845836680516609;83;1056;-255
2021-11-13T11:55:32.122;536845836700216730;103;1066;-266
2021-11-13T11:55:32.141;536845836719916851;68;1013;-276
2021-11-13T11:55:32.161;536845836739616972;82;989;-283
2021-11-13T11:55:32.181;536845836759317093;41;987;-259
2021-11-13T11:55:32.200;536845836779017214;31;1007;-245
2021-11-13T11:55:32.220;536845836798717335;40;990;-236
2021-11-13T11:55:32.240;536845836818417456;49;973;-246
