Phone timestamp;sensor timestamp [ns];X [mg];Y [mg];Z [mg]
2021-11-13T11:58:10.723;536845892563329857;409;855;367
2021-11-13T11:58:10.742;536845892583088232;478;842;432
2021-11-13T11:58:10.762;536845892602846607;247;882;553
2021-11-13T11:58:10.782;536845892622604982;-13;884;489
2021-11-13T11:58:10.802;536845892642363357;-20;905;507
2021-11-13T11:58:10.821;536845892662121732;94;968;315
2021-11-13T11:58:10.841;536845892681880107;-38;928;325
2021-11-13T11:58:10.861;536845892701638482;123;972;231
2021-11-13T11:58:10.881;536845892721396857;549;975;-55
2021-11-13T11:58:10.900;536845892741155232;240;889;-280
2021-11-13T11:58:10.920;536845892760913607;289;809;-114
2021-11-13T11:58:10.940;536845892780671982;700;1016;138
2021-11-13T11:58:10.960;536845892800430357;626;965;260
2021-11-13T11:58:10.979;536845892820188732;464;924;118
2021-11-13T11:58:10.999;536845892839947107;384;916;41
2021-11-13T11:58:11.019;536845892859705482;387;933;155
2021-11-13T11:58:11.039;536845892879463857;348;991;67
2021-11-13T11:58:11.058;536845892899222232;361;951;-71
2021-11-13T11:58:11.078;536845892918980607;347;965;-65
2021-11-13T11:58:11.098;536845892938738982;380;987;38
2021-11-13T11:58:11.118;536845892958497357;283;970;115
2021-11-13T11:58:11.137;536845892978255732;225;977;112
2021-11-13T11:58:11.157;536845892998014107;289;970;84
2021-11-13T11:58:11.177;536845893017772482;246;1021;31
2021-11-13T11:58:11.197;536845893037530857;231;995;218
2021-11-13T11:58:11.216;536845893057289232;137;994;335
2021-11-13T11:58:11.236;536845893077047607;174;1025;325
2021-11-13T11:58:11.256;536845893096805982;260;947;264
2021-11-13T11:58:11.276;536845893116564357;257;992;124
2021-11-13T11:58:11.295;536845893136322732;333;962;-23
2021-11-13T11:58:11.315;536845893156081107;243;958;12
2021-11-13T11:58:11.335;536845893175839482;251;969;127
2021-11-13T11:58:11.355;536845893195597857;286;1042;127
2021-11-13T11:58:11.375;536845893215356232;252;969;136
2021-11-13T11:58:11.394;536845893235114607;221;993;151
2021-11-13T11:58:11.414;536845893254872982;260;1008;166
2021-11-13T11:58:11.434;536845893274631389;347;946;23
2021-11-13T11:58:11.454;536845893294389764;341;881;-19
2021-11-13T11:58:11.473;536845893314148139;313;971;-1
2021-11-13T11:58:11.493;536845893333906514;205;971;93
2021-11-13T11:58:11.513;536845893353664889;162;962;234
2021-11-13T11:58:11.533;536845893373423264;109;987;186
2021-11-13T11:58:11.552;536845893393181639;120;971;130
2021-11-13T11:58:11.572;536845893412940014;216;781;125
2021-11-13T11:58:11.592;536845893432698389;302;875;181
2021-11-13T11:58:11.612;536845893452456764;100;836;164
2021-11-13T11:58:11.631;536845893472215139;142;874;121
2021-11-13T11:58:11.651;536845893491973514;331;959;168
2021-11-13T11:58:11.671;536845893511731889;121;798;6
2021-11-13T11:58:11.691;536845893531490264;326;926;33
2021-11-13T11:58:11.710;536845893551248639;258;970;211
2021-11-13T11:58:11.730;536845893571007014;181;1051;122
2021-11-13T11:58:11.750;536845893590765389;309;964;199
2021-11-13T11:58:11.770;536845893610523764;336;807;90
2021-11-13T11:58:11.789;536845893630282139;204;1064;-1
2021-11-13T11:58:11.809;536845893650040514;368;955;258
2021-11-13T11:58:11.829;536845893669798889;197;974;166
2021-11-13T11:58:11.849;536845893689557264;137;962;278
2021-11-13T11:58:11.868;536845893709315639;211;1070;195
2021-11-13T11:58:11.888;536845893729074014;206;916;179
2021-11-13T11:58:11.908;536845893748832389;231;968;103
2021-11-13T11:58:11.928;536845893768590764;114;997;-67
2021-11-13T11:58:11.948;536845893788349139;259;892;88
2021-11-13T11:58:11.967;536845893808107514;181;1048;78
2021-11-13T11:58:11.987;536845893827865889;145;946;98
2021-11-13T11:58:12.007;536845893847624264;23;1048;25
2021-11-13T11:58:12.027;536845893867382639;204;917;232
2021-11-13T11:58:12.046;536845893887141014;137;1020;5
2021-11-13T11:58:12.066;536845893906899389;158;959;78
2021-11-13T11:58:12.086;536845893926657764;252;967;99
2021-11-13T11:58:12.106;536845893946416139;193;1000;48
2021-11-13T11:58:12.125;536845893966174514;70;961;-113
2021-11-13T11:58:12.145;536845893985927078;120;975;-37
2021-11-13T11:58:12.165;536845894005679628;236;910;264
2021-11-13T11:58:12.185;536845894025432178;54;1028;14
2021-11-13T11:58:12.204;536845894045184728;236;1055;68
2021-11-13T11:58:12.224;536845894064937278;106;907;118
2021-11-13T11:58:12.244;536845894084689828;180;1073;-95
2021-11-13T11:58:12.264;536845894104442378;214;895;-126
2021-11-13T11:58:12.283;536845894124194928;100;1059;-8
2021-11-13T11:58:12.303;536845894143947478;57;985;134
2021-11-13T11:58:12.323;536845894163700028;75;1082;142
2021-11-13T11:58:12.343;536845894183452578;94;968;47
2021-11-13T11:58:12.362;536845894203205128;217;976;-21
2021-11-13T11:58:12.382;536845894222957678;237;965;-88
2021-11-13T11:58:12.402;536845894242710228;199;968;19
2021-11-13T11:58:12.422;536845894262462778;104;994;180
2021-11-13T11:58:12.441;536845894282215328;75;1031;218
2021-11-13T11:58:12.461;536845894301967878;136;999;102
2021-11-13T11:58:12.481;536845894321720428;249;965;-124
2021-11-13T11:58:12.501;536845894341472978;274;913;-139
2021-11-13T11:58:12.520;536845894361225528;250;934;39
2021-11-13T11:58:12.540;536845894380978078;194;1047;251
2021-11-13T11:58:12.560;536845894400730628;183;999;266
2021-11-13T11:58:12.580;536845894420483178;314;977;132
2021-11-13T11:58:12.599;536845894440235728;243;978;48
2021-11-13T11:58:12.619;536845894459988278;273;962;13
2021-11-13T11:58:12.639;536845894479740828;313;976;115
2021-11-13T11:58:12.659;536845894499493378;218;997;172
2021-11-13T11:58:12.678;536845894519245928;190;967;158
2021-11-13T11:58:12.698;536845894538998478;225;937;67
2021-11-13T11:58:12.718;536845894558751028;272;973;29
2021-11-13T11:58:12.738;536845894578503578;288;903;304
2021-11-13T11:58:12.757;536845894598256128;208;974;285
2021-11-13T11:58:12.777;536845894618008678;64;815;208
2021-11-13T11:58:12.797;536845894637761228;45;881;111
2021-11-13T11:58:12.817;536845894657513778;239;940;116
2021-11-13T11:58:12.836;536845894677266328;129;760;66
2021-11-13T11:58:12.856;536845894697020362;350;963;192
2021-11-13T11:58:12.876;536845894716774368;163;974;76
2021-11-13T11:58:12.896;536845894736528374;253;771;174
2021-11-13T11:58:12.915;536845894756282380;312;1047;238
2021-11-13T11:58:12.935;536845894776036386;188;1062;165
2021-11-13T11:58:12.955;536845894795790392;307;767;132
2021-11-13T11:58:12.975;536845894815544398;131;954;37
2021-11-13T11:58:12.994;536845894835298404;229;1071;108
2021-11-13T11:58:13.014;536845894855052410;260;853;183
2021-11-13T11:58:13.034;536845894874806416;224;1012;334
2021-11-13T11:58:13.054;536845894894560422;147;1074;316
2021-11-13T11:58:13.073;536845894914314428;68;934;268
2021-11-13T11:58:13.093;536845894934068434;242;943;259
2021-11-13T11:58:13.113;536845894953822440;197;1071;-16
2021-11-13T11:58:13.133;536845894973576446;237;885;-7
2021-11-13T11:58:13.153;536845894993330452;158;952;69
2021-11-13T11:58:13.172;536845895013084458;186;1023;213
2021-11-13T11:58:13.192;536845895032838464;53;1005;243
2021-11-13T11:58:13.212;536845895052592470;194;951;179
2021-11-13T11:58:13.232;536845895072346476;170;984;190
2021-11-13T11:58:13.251;536845895092100482;165;979;107
2021-11-13T11:58:13.271;536845895111854488;84;960;83
2021-11-13T11:58:13.291;536845895131608494;210;1029;49
2021-11-13T11:58:13.311;536845895151362500;71;930;63
2021-11-13T11:58:13.330;536845895171116506;93;1016;15
2021-11-13T11:58:13.350;536845895190870512;182;915;188
2021-11-13T11:58:13.370;536845895210624518;85;1034;124
2021-11-13T11:58:13.390;536845895230378524;208;958;125
2021-11-13T11:58:13.409;536845895250132530;79;997;8
2021-11-13T11:58:13.429;536845895269886536;186;942;37
2021-11-13T11:58:13.449;536845895289640542;227;941;164
2021-11-13T11:58:13.469;536845895309394548;87;964;149
2021-11-13T11:58:13.488;536845895329148554;243;1024;91
2021-11-13T11:58:13.508;536845895348902560;174;951;117
2021-11-13T11:58:13.528;536845895368656566;201;996;69
2021-11-13T11:58:13.548;536845895388410572;251;991;-14
2021-11-13T11:58:13.567;536845895408164604;159;964;22
2021-11-13T11:58:13.587;536845895427918610;252;976;246
2021-11-13T11:58:13.607;536845895447672616;172;1065;260
2021-11-13T11:58:13.627;536845895467426622;209;872;177
2021-11-13T11:58:13.646;536845895487180628;324;939;90
2021-11-13T11:58:13.666;536845895506934634;242;996;14
2021-11-13T11:58:13.686;536845895526688640;295;978;54
2021-11-13T11:58:13.706;536845895546442646;198;932;67
2021-11-13T11:58:13.725;536845895566196652;275;967;150
2021-11-13T11:58:13.745;536845895585950658;281;985;156
2021-11-13T11:58:13.765;536845895605704664;246;935;71
2021-11-13T11:58:13.785;536845895625458670;306;881;122
2021-11-13T11:58:13.804;536845895645212676;339;1003;202
2021-11-13T11:58:13.824;536845895664966682;296;954;184
2021-11-13T11:58:13.844;536845895684720688;325;870;151
2021-11-13T11:58:13.864;536845895704474694;381;951;250
2021-11-13T11:58:13.883;536845895724228700;329;979;196
2021-11-13T11:58:13.903;536845895743982706;358;863;215
2021-11-13T11:58:13.923;536845895763736712;277;916;169
2021-11-13T11:58:13.943;536845895783490718;154;923;-29
2021-11-13T11:58:13.962;536845895803244724;245;872;99
2021-11-13T11:58:13.982;536845895822998730;399;941;374
2021-11-13T11:58:14.002;536845895842752736;197;929;167
2021-11-13T11:58:14.022;536845895862506742;109;864;119
2021-11-13T11:58:14.041;536845895882260748;272;990;214
2021-11-13T11:58:14.061;536845895902014754;107;929;139
2021-11-13T11:58:14.081;536845895921768760;169;884;218
2021-11-13T11:58:14.101;536845895941522766;305;1055;156
2021-11-13T11:58:14.120;536845895961276772;227;864;214
2021-11-13T11:58:14.140;536845895981030778;337;1005;170
2021-11-13T11:58:14.160;536845896000784784;330;959;138
2021-11-13T11:58:14.180;536845896020538790;290;964;82
2021-11-13T11:58:14.199;536845896040292796;234;961;6
2021-11-13T11:58:14.219;536845896060046802;302;957;110
2021-11-13T11:58:14.239;536845896079800808;242;968;145
2021-11-13T11:58:14.259;536845896099554814;277;974;118
2021-11-13T11:58:14.278;536845896119313217;260;962;97
2021-11-13T11:58:14.298;536845896139071592;261;960;109
2021-11-13T11:58:14.318;536845896158829967;212;991;93
2021-11-13T11:58:14.338;536845896178588342;205;973;63
2021-11-13T11:58:14.358;536845896198346717;205;949;95
2021-11-13T11:58:14.377;536845896218105092;198;986;175
2021-11-13T11:58:14.397;536845896237863467;235;985;168
2021-11-13T11:58:14.417;536845896257621842;201;970;100
2021-11-13T11:58:14.437;536845896277380217;216;986;117
2021-11-13T11:58:14.456;536845896297138592;214;1017;59
2021-11-13T11:58:14.476;536845896316896967;119;974;51
2021-11-13T11:58:14.496;536845896336655342;157;977;235
2021-11-13T11:58:14.516;536845896356413717;119;1013;178
2021-11-13T11:58:14.535;536845896376172092;191;982;241
2021-11-13T11:58:14.555;536845896395930467;144;998;206
2021-11-13T11:58:14.575;536845896415688842;196;966;101
2021-11-13T11:58:14.595;536845896435447217;226;966;-1
2021-11-13T11:58:14.614;536845896455205592;215;933;-18
2021-11-13T11:58:14.634;536845896474963967;206;959;88
2021-11-13T11:58:14.654;536845896494722342;125;999;121
2021-11-13T11:58:14.674;536845896514480717;160;980;150
2021-11-13T11:58:14.693;536845896534239092;220;968;267
2021-11-13T11:58:14.713;536845896553997467;134;974;203
2021-11-13T11:58:14.733;536845896573755842;236;960;178
2021-11-13T11:58:14.753;536845896593514217;190;959;104
2021-11-13T11:58:14.772;536845896613272592;190;947;78
2021-11-13T11:58:14.792;536845896633030967;245;969;99
2021-11-13T11:58:14.812;536845896652789342;136;951;193
2021-11-13T11:58:14.832;536845896672547717;251;961;327
2021-11-13T11:58:14.851;536845896692306092;74;891;236
2021-11-13T11:58:14.871;536845896712064467;251;932;275
2021-11-13T11:58:14.891;536845896731822842;245;930;209
2021-11-13T11:58:14.911;536845896751581217;201;903;213
2021-11-13T11:58:14.931;536845896771339592;283;938;184
2021-11-13T11:58:14.950;536845896791097967;217;890;129
2021-11-13T11:58:14.970;536845896810856342;165;951;127
2021-11-13T11:58:14.990;536845896830622023;252;902;247
2021-11-13T11:58:15.010;536845896850387680;207;878;201
2021-11-13T11:58:15.029;536845896870153337;110;1018;187
2021-11-13T11:58:15.049;536845896889918994;263;854;232
2021-11-13T11:58:15.069;536845896909684651;196;999;140
2021-11-13T11:58:15.089;536845896929450308;193;905;178
2021-11-13T11:58:15.108;536845896949215965;222;907;245
2021-11-13T11:58:15.128;536845896968981622;199;994;198
2021-11-13T11:58:15.148;536845896988747279;243;959;233
2021-11-13T11:58:15.168;536845897008512936;149;907;196
2021-11-13T11:58:15.187;536845897028278593;147;989;227
2021-11-13T11:58:15.207;536845897048044250;135;951;196
2021-11-13T11:58:15.227;536845897067809907;179;1002;204
2021-11-13T11:58:15.247;536845897087575564;173;920;210
2021-11-13T11:58:15.267;536845897107341221;223;996;197
2021-11-13T11:58:15.286;536845897127106878;118;1021;144
2021-11-13T11:58:15.306;536845897146872535;123;911;104
2021-11-13T11:58:15.326;536845897166638192;207;971;90
2021-11-13T11:58:15.346;536845897186403849;110;980;120
2021-11-13T11:58:15.365;536845897206169506;126;947;202
2021-11-13T11:58:15.385;536845897225935163;69;983;234
2021-11-13T11:58:15.405;536845897245700820;97;1009;99
2021-11-13T11:58:15.425;536845897265466477;124;951;140
2021-11-13T11:58:15.444;536845897285232134;119;1014;33
2021-11-13T11:58:15.464;536845897304997791;131;944;99
2021-11-13T11:58:15.484;536845897324763448;27;1007;70
2021-11-13T11:58:15.504;536845897344529105;86;949;126
2021-11-13T11:58:15.523;536845897364294762;70;922;168
2021-11-13T11:58:15.543;536845897384060419;75;994;83
2021-11-13T11:58:15.563;536845897403826076;61;1022;-14
2021-11-13T11:58:15.583;536845897423591733;191;993;132
2021-11-13T11:58:15.603;536845897443357390;102;966;107
2021-11-13T11:58:15.622;536845897463123047;116;987;123
2021-11-13T11:58:15.642;536845897482888704;81;989;113
2021-11-13T11:58:15.662;536845897502654361;77;1020;135
2021-11-13T11:58:15.682;536845897522420018;35;980;70
2021-11-13T11:58:15.701;536845897542184229;91;947;97
2021-11-13T11:58:15.721;536845897561948430;43;986;100
2021-11-13T11:58:15.741;536845897581712631;122;1028;94
2021-11-13T11:58:15.761;536845897601476832;86;973;2
2021-11-13T11:58:15.780;536845897621241033;70;977;-21
2021-11-13T11:58:15.800;536845897641005234;134;973;42
2021-11-13T11:58:15.820;536845897660769435;146;968;126
2021-11-13T11:58:15.840;536845897680533636;30;1057;123
2021-11-13T11:58:15.859;536845897700297837;97;929;89
2021-11-13T11:58:15.879;536845897720062038;95;966;91
2021-11-13T11:58:15.899;536845897739826239;109;994;70
2021-11-13T11:58:15.919;536845897759590440;211;961;83
2021-11-13T11:58:15.939;536845897779354641;100;1040;22
2021-11-13T11:58:15.958;536845897799118842;72;958;86
2021-11-13T11:58:15.978;536845897818883043;149;970;104
2021-11-13T11:58:15.998;536845897838647244;107;1000;15
2021-11-13T11:58:16.018;536845897858411445;102;948;44
2021-11-13T11:58:16.037;536845897878175646;120;954;101
2021-11-13T11:58:16.057;536845897897939847;170;1023;69
2021-11-13T11:58:16.077;536845897917704048;121;969;116
2021-11-13T11:58:16.097;536845897937468249;164;928;156
2021-11-13T11:58:16.116;536845897957232450;115;1072;104
2021-11-13T11:58:16.136;536845897976996651;89;936;94
2021-11-13T11:58:16.156;536845897996760852;187;953;169
2021-11-13T11:58:16.176;536845898016525053;127;989;154
2021-11-13T11:58:16.195;536845898036289254;194;970;95
2021-11-13T11:58:16.215;536845898056053455;125;961;82
2021-11-13T11:58:16.235;536845898075817656;186;966;139
2021-11-13T11:58:16.255;536845898095581857;135;965;206
2021-11-13T11:58:16.275;536845898115346058;141;999;135
2021-11-13T11:58:16.294;536845898135110259;135;960;99
2021-11-13T11:58:16.314;536845898154874460;205;958;126
2021-11-13T11:58:16.334;536845898174638661;157;967;222
2021-11-13T11:58:16.354;536845898194402862;199;989;183
2021-11-13T11:58:16.373;536845898214167063;203;939;148
2021-11-13T11:58:16.393;536845898233931264;230;931;203
2021-11-13T11:58:16.413;536845898253695473;210;998;130
2021-11-13T11:58:16.433;536845898273459674;186;929;136
2021-11-13T11:58:16.452;536845898293223875;212;936;177
2021-11-13T11:58:16.472;536845898312988076;176;979;226
2021-11-13T11:58:16.492;536845898332752277;216;973;221
2021-11-13T11:58:16.512;536845898352516478;213;936;220
2021-11-13T11:58:16.531;536845898372280679;215;943;164
2021-11-13T11:58:16.551;536845898392044880;262;966;197
2021-11-13T11:58:16.571;536845898411809081;218;912;217
2021-11-13T11:58:16.591;536845898431573282;200;933;238
2021-11-13T11:58:16.611;536845898451337483;233;982;176
2021-11-13T11:58:16.630;536845898471101684;202;927;177
2021-11-13T11:58:16.650;536845898490865885;274;909;259
2021-11-13T11:58:16.670;536845898510630086;301;965;272
2021-11-13T11:58:16.690;536845898530394287;234;956;213
2021-11-13T11:58:16.709;536845898550158488;229;898;174
2021-11-13T11:58:16.729;536845898569922689;261;933;242
2021-11-13T11:58:16.749;536845898589686890;232;932;287
2021-11-13T11:58:16.769;536845898609451091;252;928;245
2021-11-13T11:58:16.788;536845898629215292;308;895;263
2021-11-13T11:58:16.808;536845898648979493;270;922;320
2021-11-13T11:58:16.828;536845898668743694;271;943;229
2021-11-13T11:58:16.848;536845898688507895;322;923;233
2021-11-13T11:58:16.867;536845898708272096;358;923;270
2021-11-13T11:58:16.887;536845898728036297;296;934;270
2021-11-13T11:58:16.907;536845898747800498;258;896;218
2021-11-13T11:58:16.927;536845898767564699;259;876;269
2021-11-13T11:58:16.946;536845898787328900;310;918;295
2021-11-13T11:58:16.966;536845898807093101;369;911;277
2021-11-13T11:58:16.986;536845898826857302;341;911;263
2021-11-13T11:58:17.006;536845898846621503;334;902;316
2021-11-13T11:58:17.026;536845898866385704;301;888;343
2021-11-13T11:58:17.045;536845898886149905;256;896;298
2021-11-13T11:58:17.065;536845898905914106;324;876;260
2021-11-13T11:58:17.085;536845898925678307;376;889;294
2021-11-13T11:58:17.105;536845898945442508;370;892;352
2021-11-13T11:58:17.124;536845898965203810;362;875;366
2021-11-13T11:58:17.144;536845898984965098;337;883;321
2021-11-13T11:58:17.164;536845899004726386;372;888;304
2021-11-13T11:58:17.184;536845899024487674;330;879;277
2021-11-13T11:58:17.203;536845899044248962;363;880;319
2021-11-13T11:58:17.223;536845899064010250;376;847;356
2021-11-13T11:58:17.243;536845899083771538;385;842;378
2021-11-13T11:58:17.263;536845899103532826;399;880;364
2021-11-13T11:58:17.282;536845899123294114;356;875;276
2021-11-13T11:58:17.302;536845899143055402;387;862;262
2021-11-13T11:58:17.322;536845899162816690;329;858;279
2021-11-13T11:58:17.342;536845899182577978;348;864;296
2021-11-13T11:58:17.362;536845899202339266;304;860;365
2021-11-13T11:58:17.381;536845899222100554;306;877;412
2021-11-13T11:58:17.401;536845899241861842;343;866;367
2021-11-13T11:58:17.421;536845899261623130;269;871;347
2021-11-13T11:58:17.441;536845899281384418;208;846;406
2021-11-13T11:58:17.460;536845899301145706;116;867;372
2021-11-13T11:58:17.480;536845899320906994;208;895;282
2021-11-13T11:58:17.500;536845899340668282;141;934;274
2021-11-13T11:58:17.520;536845899360429570;136;930;311
2021-11-13T11:58:17.539;536845899380190858;311;895;303
2021-11-13T11:58:17.559;536845899399952146;368;860;212
2021-11-13T11:58:17.579;536845899419713434;462;958;48
2021-11-13T11:58:17.599;536845899439474722;416;886;170
2021-11-13T11:58:17.618;536845899459236010;335;942;186
2021-11-13T11:58:17.638;536845899478997298;377;899;252
2021-11-13T11:58:17.658;536845899498758586;326;929;182
2021-11-13T11:58:17.678;536845899518519874;460;926;264
2021-11-13T11:58:17.697;536845899538281162;378;970;168
2021-11-13T11:58:17.717;536845899558042450;426;973;77
2021-11-13T11:58:17.737;536845899577803738;377;935;-71
2021-11-13T11:58:17.757;536845899597565026;286;910;48
2021-11-13T11:58:17.776;536845899617326314;273;936;155
2021-11-13T11:58:17.796;536845899637087602;237;977;140
2021-11-13T11:58:17.816;536845899656848890;260;981;142
2021-11-13T11:58:17.836;536845899676607297;264;977;172
2021-11-13T11:58:17.856;536845899696365672;197;981;74
2021-11-13T11:58:17.875;536845899716124047;204;938;97
2021-11-13T11:58:17.895;536845899735882422;169;992;94
2021-11-13T11:58:17.915;536845899755640797;185;985;125
2021-11-13T11:58:17.935;536845899775399172;225;976;121
2021-11-13T11:58:17.954;536845899795157547;195;1001;31
2021-11-13T11:58:17.974;536845899814915922;159;941;13
2021-11-13T11:58:17.994;536845899834674297;205;1001;113
2021-11-13T11:58:18.014;536845899854432672;109;973;217
2021-11-13T11:58:18.033;536845899874191047;150;1030;158
2021-11-13T11:58:18.053;536845899893949422;147;959;59
2021-11-13T11:58:18.073;536845899913707797;215;974;33
2021-11-13T11:58:18.093;536845899933466172;128;983;37
2021-11-13T11:58:18.112;536845899953224547;135;987;36
2021-11-13T11:58:18.132;536845899972982922;246;969;59
2021-11-13T11:58:18.152;536845899992741297;158;968;139
2021-11-13T11:58:18.172;536845900012499672;182;968;141
2021-11-13T11:58:18.191;536845900032258047;175;975;227
2021-11-13T11:58:18.211;536845900052016422;148;959;196
2021-11-13T11:58:18.231;536845900071774797;192;992;65
2021-11-13T11:58:18.251;536845900091533172;208;962;35
2021-11-13T11:58:18.270;536845900111291547;212;999;12
2021-11-13T11:58:18.290;536845900131049922;198;950;58
2021-11-13T11:58:18.310;536845900150808297;178;973;48
2021-11-13T11:58:18.330;536845900170566672;156;925;24
2021-11-13T11:58:18.349;536845900190325047;167;981;52
2021-11-13T11:58:18.369;536845900210083422;163;964;81
2021-11-13T11:58:18.389;536845900229841797;163;980;96
2021-11-13T11:58:18.409;536845900249600172;179;987;143
2021-11-13T11:58:18.429;536845900269358547;138;968;199
2021-11-13T11:58:18.448;536845900289116922;148;983;311
2021-11-13T11:58:18.468;536845900308875297;105;996;209
2021-11-13T11:58:18.488;536845900328633672;96;991;59
2021-11-13T11:58:18.508;536845900348392047;146;894;0
2021-11-13T11:58:18.527;536845900368150422;253;895;21
2021-11-13T11:58:18.547;536845900387916103;184;914;47
2021-11-13T11:58:18.567;536845900407681760;216;947;155
2021-11-13T11:58:18.587;536845900427447417;114;966;115
2021-11-13T11:58:18.606;536845900447213074;251;944;175
2021-11-13T11:58:18.626;536845900466978731;80;952;82
2021-11-13T11:58:18.646;536845900486744388;192;985;145
2021-11-13T11:58:18.666;536845900506510045;276;988;158
2021-11-13T11:58:18.685;536845900526275702;38;954;28
2021-11-13T11:58:18.705;536845900546041359;273;991;108
2021-11-13T11:58:18.725;536845900565807016;111;968;120
2021-11-13T11:58:18.745;536845900585572673;117;1007;41
2021-11-13T11:58:18.765;536845900605338330;238;961;205
2021-11-13T11:58:18.784;536845900625103987;111;989;167
2021-11-13T11:58:18.804;536845900644869644;103;1059;67
2021-11-13T11:58:18.824;536845900664635301;155;861;91
2021-11-13T11:58:18.844;536845900684400958;92;1072;51
2021-11-13T11:58:18.863;536845900704166615;151;961;83
2021-11-13T11:58:18.883;536845900723932272;88;953;92
2021-11-13T11:58:18.903;536845900743697929;124;993;124
2021-11-13T11:58:18.923;536845900763463586;107;981;94
2021-11-13T11:58:18.942;536845900783229243;70;1008;83
2021-11-13T11:58:18.962;536845900802994900;122;895;103
2021-11-13T11:58:18.982;536845900822760557;78;1065;48
2021-11-13T11:58:19.002;536845900842526214;132;934;55
2021-11-13T11:58:19.021;536845900862291871;133;973;24
2021-11-13T11:58:19.041;536845900882057528;77;983;20
2021-11-13T11:58:19.061;536845900901823185;153;991;161
2021-11-13T11:58:19.081;536845900921588842;96;1011;118
2021-11-13T11:58:19.101;536845900941354499;88;1005;132
2021-11-13T11:58:19.120;536845900961120156;96;909;188
2021-11-13T11:58:19.140;536845900980885813;-25;1005;65
2021-11-13T11:58:19.160;536845901000651470;114;930;107
2021-11-13T11:58:19.180;536845901020417127;188;1006;0
2021-11-13T11:58:19.199;536845901040182784;86;1039;-99
2021-11-13T11:58:19.219;536845901059948441;105;913;-17
2021-11-13T11:58:19.239;536845901079714098;51;963;131
2021-11-13T11:58:19.259;536845901099472499;99;1032;114
2021-11-13T11:58:19.278;536845901119230874;118;971;87
2021-11-13T11:58:19.298;536845901138989249;95;962;162
2021-11-13T11:58:19.318;536845901158747624;101;1000;105
2021-11-13T11:58:19.338;536845901178505999;113;1037;41
2021-11-13T11:58:19.357;536845901198264374;83;932;6
2021-11-13T11:58:19.377;536845901218022749;151;956;77
2021-11-13T11:58:19.397;536845901237781124;145;1012;60
2021-11-13T11:58:19.417;536845901257539499;138;992;82
2021-11-13T11:58:19.436;536845901277297874;141;932;130
2021-11-13T11:58:19.456;536845901297056249;199;970;183
2021-11-13T11:58:19.476;536845901316814624;85;1028;77
2021-11-13T11:58:19.496;536845901336572999;123;979;101
2021-11-13T11:58:19.516;536845901356331374;218;928;82
2021-11-13T11:58:19.535;536845901376089749;167;1003;80
2021-11-13T11:58:19.555;536845901395848124;132;983;51
2021-11-13T11:58:19.575;536845901415606499;197;944;140
2021-11-13T11:58:19.595;536845901435364874;189;997;144
2021-11-13T11:58:19.614;536845901455123249;241;978;52
2021-11-13T11:58:19.634;536845901474881624;167;999;20
2021-11-13T11:58:19.654;536845901494639999;224;984;67
2021-11-13T11:58:19.674;536845901514398374;243;946;102
2021-11-13T11:58:19.693;536845901534156749;252;964;152
2021-11-13T11:58:19.713;536845901553915124;238;944;206
2021-11-13T11:58:19.733;536845901573673499;154;929;207
2021-11-13T11:58:19.753;536845901593431874;223;989;183
2021-11-13T11:58:19.772;536845901613190249;213;975;61
2021-11-13T11:58:19.792;536845901632948624;258;922;94
2021-11-13T11:58:19.812;536845901652706999;260;995;167
2021-11-13T11:58:19.832;536845901672465374;216;946;112
2021-11-13T11:58:19.851;536845901692223749;198;900;126
2021-11-13T11:58:19.871;536845901711982124;227;952;181
2021-11-13T11:58:19.891;536845901731740499;249;972;153
2021-11-13T11:58:19.911;536845901751498874;334;931;211
2021-11-13T11:58:19.930;536845901771257249;272;969;136
2021-11-13T11:58:19.950;536845901791015624;274;920;167
2021-11-13T11:58:19.970;536845901810781305;226;917;175
2021-11-13T11:58:19.990;536845901830546962;307;907;245
2021-11-13T11:58:20.009;536845901850312619;357;949;249
2021-11-13T11:58:20.029;536845901870078276;319;938;200
2021-11-13T11:58:20.049;536845901889843933;346;922;200
2021-11-13T11:58:20.069;536845901909609590;310;929;186
2021-11-13T11:58:20.089;536845901929375247;321;896;202
2021-11-13T11:58:20.108;536845901949140904;346;923;191
2021-11-13T11:58:20.128;536845901968906561;327;895;231
2021-11-13T11:58:20.148;536845901988672218;332;905;244
2021-11-13T11:58:20.168;536845902008437875;315;898;258
2021-11-13T11:58:20.187;536845902028203532;342;918;227
2021-11-13T11:58:20.207;536845902047969189;339;925;251
2021-11-13T11:58:20.227;536845902067734846;319;902;267
2021-11-13T11:58:20.247;536845902087500503;331;904;274
2021-11-13T11:58:20.266;536845902107266160;316;874;318
2021-11-13T11:58:20.286;536845902127031817;318;892;356
2021-11-13T11:58:20.306;536845902146797474;374;889;320
2021-11-13T11:58:20.326;536845902166563131;375;872;283
2021-11-13T11:58:20.345;536845902186328788;363;875;288
2021-11-13T11:58:20.365;536845902206094445;360;895;273
2021-11-13T11:58:20.385;536845902225860102;417;891;305
2021-11-13T11:58:20.405;536845902245625759;377;874;312
2021-11-13T11:58:20.425;536845902265391416;319;865;306
2021-11-13T11:58:20.444;536845902285157073;293;858;318
2021-11-13T11:58:20.464;536845902304922730;354;863;332
2021-11-13T11:58:20.484;536845902324688387;451;891;300
2021-11-13T11:58:20.504;536845902344454044;329;875;298
2021-11-13T11:58:20.523;536845902364219701;328;877;309
2021-11-13T11:58:20.543;536845902383985358;361;878;330
2021-11-13T11:58:20.563;536845902403751015;374;867;360
2021-11-13T11:58:20.583;536845902423516672;351;860;371
2021-11-13T11:58:20.602;536845902443282329;366;853;372
2021-11-13T11:58:20.622;536845902463047986;357;872;381
2021-11-13T11:58:20.642;536845902482813643;332;868;387
2021-11-13T11:58:20.662;536845902502579300;318;864;343
2021-11-13T11:58:20.682;536845902522337705;310;863;343
2021-11-13T11:58:20.701;536845902542096080;315;859;368
2021-11-13T11:58:20.721;536845902561854455;316;865;387
2021-11-13T11:58:20.741;536845902581612830;296;856;370
2021-11-13T11:58:20.761;536845902601371205;293;856;362
2021-11-13T11:58:20.780;536845902621129580;353;869;365
2021-11-13T11:58:20.800;536845902640887955;355;864;419
2021-11-13T11:58:20.820;536845902660646330;378;862;395
2021-11-13T11:58:20.840;536845902680404705;380;847;370
2021-11-13T11:58:20.859;536845902700163080;371;839;374
2021-11-13T11:58:20.879;536845902719921455;338;838;426
2021-11-13T11:58:20.899;536845902739679830;315;859;421
2021-11-13T11:58:20.919;536845902759438205;338;867;386
2021-11-13T11:58:20.938;536845902779196580;349;867;378
2021-11-13T11:58:20.958;536845902798954955;370;863;359
2021-11-13T11:58:20.978;536845902818713330;385;870;380
2021-11-13T11:58:20.998;536845902838471705;374;847;380
2021-11-13T11:58:21.017;536845902858230080;421;840;393
2021-11-13T11:58:21.037;536845902877988455;280;870;397
2021-11-13T11:58:21.057;536845902897746830;-38;884;496
2021-11-13T11:58:21.077;536845902917505205;119;905;602
2021-11-13T11:58:21.096;536845902937263580;-156;895;319
2021-11-13T11:58:21.116;536845902957021955;114;848;267
2021-11-13T11:58:21.136;536845902976780330;334;899;303
2021-11-13T11:58:21.156;536845902996538705;492;960;120
2021-11-13T11:58:21.175;536845903016297080;495;890;164
2021-11-13T11:58:21.195;536845903036055455;339;879;244
2021-11-13T11:58:21.215;536845903055813830;328;849;263
2021-11-13T11:58:21.235;536845903075572205;344;860;184
2021-11-13T11:58:21.255;536845903095330580;386;883;183
2021-11-13T11:58:21.274;536845903115088955;460;962;104
2021-11-13T11:58:21.294;536845903134847330;483;928;117
2021-11-13T11:58:21.314;536845903154605705;494;966;139
2021-11-13T11:58:21.334;536845903174364080;307;925;122
2021-11-13T11:58:21.353;536845903194122455;254;956;144
2021-11-13T11:58:21.373;536845903213880830;249;972;199
2021-11-13T11:58:21.393;536845903233631924;300;997;144
2021-11-13T11:58:21.413;536845903253383018;266;900;107
2021-11-13T11:58:21.432;536845903273134112;269;997;42
2021-11-13T11:58:21.452;536845903292885206;270;942;24
2021-11-13T11:58:21.472;536845903312636300;256;973;64
2021-11-13T11:58:21.492;536845903332387394;266;948;87
2021-11-13T11:58:21.511;536845903352138488;193;1037;121
2021-11-13T11:58:21.531;536845903371889582;172;955;226
2021-11-13T11:58:21.551;536845903391640676;252;1016;238
2021-11-13T11:58:21.571;536845903411391770;193;999;173
2021-11-13T11:58:21.590;536845903431142864;154;988;138
2021-11-13T11:58:21.610;536845903450893958;136;1009;121
2021-11-13T11:58:21.630;536845903470645052;190;969;94
2021-11-13T11:58:21.650;536845903490396146;227;981;1
2021-11-13T11:58:21.669;536845903510147240;210;972;-14
2021-11-13T11:58:21.689;536845903529898334;186;958;41
2021-11-13T11:58:21.709;536845903549649428;147;990;108
2021-11-13T11:58:21.729;536845903569400522;134;972;225
2021-11-13T11:58:21.748;536845903589151616;221;999;68
2021-11-13T11:58:21.768;536845903608902710;253;914;-168
2021-11-13T11:58:21.788;536845903628653804;279;965;-185
2021-11-13T11:58:21.808;536845903648404898;206;963;86
2021-11-13T11:58:21.827;536845903668155992;102;996;269
2021-11-13T11:58:21.847;536845903687907086;215;1008;181
2021-11-13T11:58:21.867;536845903707658180;326;971;-90
2021-11-13T11:58:21.887;536845903727409274;212;932;-223
2021-11-13T11:58:21.906;536845903747160368;178;976;147
2021-11-13T11:58:21.926;536845903766911462;92;1033;501
2021-11-13T11:58:21.946;536845903786662556;152;970;479
2021-11-13T11:58:21.966;536845903806413650;176;963;239
2021-11-13T11:58:21.985;536845903826164744;157;929;135
2021-11-13T11:58:22.005;536845903845915838;198;1002;146
2021-11-13T11:58:22.025;536845903865666932;314;968;45
2021-11-13T11:58:22.045;536845903885418026;245;957;-140
2021-11-13T11:58:22.064;536845903905169120;305;849;-202
2021-11-13T11:58:22.084;536845903924920214;259;834;-27
2021-11-13T11:58:22.104;536845903944677153;171;1011;158
2021-11-13T11:58:22.124;536845903964434072;135;905;376
2021-11-13T11:58:22.143;536845903984190991;146;960;253
2021-11-13T11:58:22.163;536845904003947910;205;979;116
2021-11-13T11:58:22.183;536845904023704829;110;807;16
2021-11-13T11:58:22.203;536845904043461748;368;895;136
2021-11-13T11:58:22.222;536845904063218667;119;1100;41
2021-11-13T11:58:22.242;536845904082975586;262;871;154
2021-11-13T11:58:22.262;536845904102732505;286;957;167
2021-11-13T11:58:22.282;536845904122489424;139;1134;48
2021-11-13T11:58:22.301;536845904142246343;161;857;88
2021-11-13T11:58:22.321;536845904162003262;218;981;108
2021-11-13T11:58:22.341;536845904181760181;214;1061;103
2021-11-13T11:58:22.361;536845904201517100;191;914;112
2021-11-13T11:58:22.380;536845904221274019;248;976;136
2021-11-13T11:58:22.400;536845904241030938;190;977;65
2021-11-13T11:58:22.420;536845904260787857;214;971;52
2021-11-13T11:58:22.440;536845904280544776;243;1061;125
2021-11-13T11:58:22.459;536845904300301695;87;907;108
2021-11-13T11:58:22.479;536845904320058614;147;993;38
2021-11-13T11:58:22.499;536845904339815533;287;941;176
2021-11-13T11:58:22.519;536845904359572452;101;1004;18
2021-11-13T11:58:22.538;536845904379329371;140;978;31
2021-11-13T11:58:22.558;536845904399086290;177;985;118
2021-11-13T11:58:22.578;536845904418843209;141;1027;152
2021-11-13T11:58:22.598;536845904438600128;62;889;90
2021-11-13T11:58:22.618;536845904458357047;187;1050;-24
2021-11-13T11:58:22.637;536845904478113966;211;953;87
2021-11-13T11:58:22.657;536845904497870885;77;994;26
2021-11-13T11:58:22.677;536845904517627804;207;972;41
2021-11-13T11:58:22.697;536845904537384723;139;921;89
2021-11-13T11:58:22.716;536845904557141642;199;981;162
2021-11-13T11:58:22.736;536845904576898561;101;1000;151
2021-11-13T11:58:22.756;536845904596655480;110;962;112
2021-11-13T11:58:22.776;536845904616412399;114;1015;85
2021-11-13T11:58:22.795;536845904636169318;207;1013;135
2021-11-13T11:58:22.815;536845904655921878;141;852;114
2021-11-13T11:58:22.835;536845904675674428;222;1075;36
2021-11-13T11:58:22.855;536845904695426978;155;937;51
2021-11-13T11:58:22.874;536845904715179528;222;964;103
2021-11-13T11:58:22.894;536845904734932078;183;927;102
2021-11-13T11:58:22.914;536845904754684628;118;978;98
2021-11-13T11:58:22.934;536845904774437178;177;954;100
2021-11-13T11:58:22.953;536845904794189728;269;1046;98
2021-11-13T11:58:22.973;536845904813942278;205;958;106
2021-11-13T11:58:22.993;536845904833694828;157;930;54
2021-11-13T11:58:23.013;536845904853447378;268;988;107
2021-11-13T11:58:23.032;536845904873199928;202;904;127
2021-11-13T11:58:23.052;536845904892952478;262;980;156
2021-11-13T11:58:23.072;536845904912705028;243;964;165
2021-11-13T11:58:23.092;536845904932457578;208;985;125
2021-11-13T11:58:23.111;536845904952210128;274;987;110
2021-11-13T11:58:23.131;536845904971962678;208;906;72
2021-11-13T11:58:23.151;536845904991715228;233;956;173
2021-11-13T11:58:23.171;536845905011467778;245;1019;95
2021-11-13T11:58:23.190;536845905031220328;252;895;97
2021-11-13T11:58:23.210;536845905050972878;258;936;218
2021-11-13T11:58:23.230;536845905070725428;268;978;167
2021-11-13T11:58:23.250;536845905090477978;261;897;116
2021-11-13T11:58:23.269;536845905110230528;283;997;151
2021-11-13T11:58:23.289;536845905129983078;276;914;173
2021-11-13T11:58:23.309;536845905149735628;322;937;201
2021-11-13T11:58:23.329;536845905169488178;302;936;156
2021-11-13T11:58:23.348;536845905189240728;296;888;202
2021-11-13T11:58:23.368;536845905208993278;327;962;208
2021-11-13T11:58:23.388;536845905228745828;335;932;146
2021-11-13T11:58:23.408;536845905248498378;307;917;170
2021-11-13T11:58:23.427;536845905268250928;333;947;187
2021-11-13T11:58:23.447;536845905288003478;361;916;226
2021-11-13T11:58:23.467;536845905307756028;377;896;264
2021-11-13T11:58:23.487;536845905327508578;374;915;205
2021-11-13T11:58:23.506;536845905347261128;318;902;185
2021-11-13T11:58:23.526;536845905367016599;312;886;229
2021-11-13T11:58:23.546;536845905386772062;401;905;239
2021-11-13T11:58:23.566;536845905406527525;406;909;245
2021-11-13T11:58:23.585;536845905426282988;362;896;227
2021-11-13T11:58:23.605;536845905446038451;351;898;230
2021-11-13T11:58:23.625;536845905465793914;371;898;254
2021-11-13T11:58:23.645;536845905485549377;381;871;318
2021-11-13T11:58:23.664;536845905505304840;383;879;305
2021-11-13T11:58:23.684;536845905525060303;356;868;288
2021-11-13T11:58:23.704;536845905544815766;382;875;305
2021-11-13T11:58:23.724;536845905564571229;364;875;321
2021-11-13T11:58:23.743;536845905584326692;326;884;306
2021-11-13T11:58:23.763;536845905604082155;330;874;285
2021-11-13T11:58:23.783;536845905623837618;321;867;333
2021-11-13T11:58:23.803;536845905643593081;314;872;350
2021-11-13T11:58:23.823;536845905663348544;261;844;326
2021-11-13T11:58:23.842;536845905683104007;394;888;343
2021-11-13T11:58:23.862;536845905702859470;354;860;377
2021-11-13T11:58:23.882;536845905722614933;329;873;360
2021-11-13T11:58:23.902;536845905742370396;337;881;338
2021-11-13T11:58:23.921;536845905762125859;358;865;332
2021-11-13T11:58:23.941;536845905781881322;398;872;333
2021-11-13T11:58:23.961;536845905801636785;354;871;359
2021-11-13T11:58:23.981;536845905821392248;355;846;360
2021-11-13T11:58:24.000;536845905841147711;361;860;385
2021-11-13T11:58:24.020;536845905860903174;363;869;385
2021-11-13T11:58:24.040;536845905880658637;368;864;355
2021-11-13T11:58:24.060;536845905900414100;355;842;363
2021-11-13T11:58:24.079;536845905920169563;348;872;381
2021-11-13T11:58:24.099;536845905939925026;356;864;370
2021-11-13T11:58:24.119;536845905959680489;335;867;372
2021-11-13T11:58:24.139;536845905979435952;376;870;359
2021-11-13T11:58:24.158;536845905999191415;360;861;370
2021-11-13T11:58:24.178;536845906018946878;342;845;406
2021-11-13T11:58:24.198;536845906038702341;307;872;395
2021-11-13T11:58:24.218;536845906058457804;312;871;371
2021-11-13T11:58:24.237;536845906078211832;345;860;384
2021-11-13T11:58:24.257;536845906097965838;346;857;399
2021-11-13T11:58:24.277;536845906117719844;325;869;371
2021-11-13T11:58:24.297;536845906137473850;320;857;373
2021-11-13T11:58:24.316;536845906157227856;343;859;415
2021-11-13T11:58:24.336;536845906176981862;357;860;385
2021-11-13T11:58:24.356;536845906196735868;333;857;392
2021-11-13T11:58:24.376;536845906216489874;305;850;415
2021-11-13T11:58:24.395;536845906236243880;340;850;423
2021-11-13T11:58:24.415;536845906255997886;346;864;372
2021-11-13T11:58:24.435;536845906275751892;350;867;382
2021-11-13T11:58:24.455;536845906295505898;353;859;368
2021-11-13T11:58:24.474;536845906315259904;335;860;389
2021-11-13T11:58:24.494;536845906335013910;342;856;387
2021-11-13T11:58:24.514;536845906354767916;338;857;428
2021-11-13T11:58:24.534;536845906374521922;351;843;381
2021-11-13T11:58:24.553;536845906394275928;346;859;395
2021-11-13T11:58:24.573;536845906414029934;361;864;425
2021-11-13T11:58:24.593;536845906433783940;360;847;391
2021-11-13T11:58:24.613;536845906453537946;322;833;387
2021-11-13T11:58:24.632;536845906473291952;354;861;430
2021-11-13T11:58:24.652;536845906493045958;370;864;417
2021-11-13T11:58:24.672;536845906512799964;300;866;382
2021-11-13T11:58:24.692;536845906532553970;329;857;347
2021-11-13T11:58:24.711;536845906552307976;339;859;367
2021-11-13T11:58:24.731;536845906572061982;336;867;404
2021-11-13T11:58:24.751;536845906591815988;315;872;401
2021-11-13T11:58:24.771;536845906611569994;309;863;386
2021-11-13T11:58:24.790;536845906631324000;349;864;385
2021-11-13T11:58:24.810;536845906651078006;367;865;361
2021-11-13T11:58:24.830;536845906670832012;357;863;372
2021-11-13T11:58:24.850;536845906690586018;376;857;348
2021-11-13T11:58:24.870;536845906710340024;381;858;334
2021-11-13T11:58:24.889;536845906730094030;405;857;356
2021-11-13T11:58:24.909;536845906749848036;391;855;368
2021-11-13T11:58:24.929;536845906769602042;380;854;372
2021-11-13T11:58:24.949;536845906789356080;383;857;374
2021-11-13T11:58:24.968;536845906809110086;386;863;382
2021-11-13T11:58:24.988;536845906828864092;368;846;413
2021-11-13T11:58:25.008;536845906848618098;349;829;495
2021-11-13T11:58:25.028;536845906868372104;354;844;536
2021-11-13T11:58:25.047;536845906888126110;60;842;529
2021-11-13T11:58:25.067;536845906907880116;-192;923;667
2021-11-13T11:58:25.087;536845906927634122;-49;926;516
2021-11-13T11:58:25.107;536845906947388128;178;973;208
2021-11-13T11:58:25.126;536845906967142134;504;927;108
2021-11-13T11:58:25.146;536845906986896140;427;870;268
2021-11-13T11:58:25.166;536845907006650146;190;844;199
2021-11-13T11:58:25.186;536845907026404152;286;869;13
2021-11-13T11:58:25.205;536845907046158158;265;881;103
2021-11-13T11:58:25.225;536845907065912164;491;911;107
2021-11-13T11:58:25.245;536845907085666170;747;968;57
2021-11-13T11:58:25.265;536845907105420176;473;922;55
2021-11-13T11:58:25.284;536845907125174182;280;869;183
2021-11-13T11:58:25.304;536845907144928188;463;937;302
2021-11-13T11:58:25.324;536845907164682194;384;932;188
2021-11-13T11:58:25.344;536845907184436200;381;946;89
2021-11-13T11:58:25.363;536845907204190206;458;969;53
2021-11-13T11:58:25.383;536845907223944212;290;937;1
2021-11-13T11:58:25.403;536845907243698218;292;928;131
2021-11-13T11:58:25.423;536845907263452224;322;966;336
2021-11-13T11:58:25.442;536845907283206230;271;989;405
2021-11-13T11:58:25.462;536845907302960236;328;951;307
2021-11-13T11:58:25.482;536845907322714242;391;987;149
2021-11-13T11:58:25.502;536845907342468248;311;905;7
2021-11-13T11:58:25.521;536845907362222254;229;924;-13
2021-11-13T11:58:25.541;536845907381976260;246;1011;152
2021-11-13T11:58:25.561;536845907401730266;197;949;262
2021-11-13T11:58:25.581;536845907421484272;127;988;176
2021-11-13T11:58:25.600;536845907441238278;294;942;62
2021-11-13T11:58:25.620;536845907460992284;290;942;-25
2021-11-13T11:58:25.640;536845907480746290;166;947;36
2021-11-13T11:58:25.660;536845907500507598;173;982;109
2021-11-13T11:58:25.679;536845907520268886;245;991;-31
2021-11-13T11:58:25.699;536845907540030174;302;943;-179
2021-11-13T11:58:25.719;536845907559791462;201;934;-91
2021-11-13T11:58:25.739;536845907579552750;225;960;232
2021-11-13T11:58:25.758;536845907599314038;145;1049;299
2021-11-13T11:58:25.778;536845907619075326;232;986;317
2021-11-13T11:58:25.798;536845907638836614;288;970;231
2021-11-13T11:58:25.818;536845907658597902;316;919;31
2021-11-13T11:58:25.838;536845907678359190;316;948;-88
2021-11-13T11:58:25.857;536845907698120478;327;935;-58
2021-11-13T11:58:25.877;536845907717881766;256;985;89
2021-11-13T11:58:25.897;536845907737643054;230;974;136
2021-11-13T11:58:25.917;536845907757404342;233;972;133
2021-11-13T11:58:25.936;536845907777165630;239;925;137
2021-11-13T11:58:25.956;536845907796926918;166;988;120
2021-11-13T11:58:25.976;536845907816688206;232;981;47
2021-11-13T11:58:25.996;536845907836449494;273;976;-43
2021-11-13T11:58:26.015;536845907856210782;264;928;-79
2021-11-13T11:58:26.035;536845907875972070;185;889;-28
2021-11-13T11:58:26.055;536845907895733358;250;985;266
2021-11-13T11:58:26.075;536845907915494646;168;936;330
2021-11-13T11:58:26.094;536845907935255934;86;928;139
2021-11-13T11:58:26.114;536845907955017222;306;931;71
2021-11-13T11:58:26.134;536845907974778510;286;933;-39
2021-11-13T11:58:26.154;536845907994539798;265;903;-40
2021-11-13T11:58:26.173;536845908014301086;265;952;85
2021-11-13T11:58:26.193;536845908034062374;236;998;23
2021-11-13T11:58:26.213;536845908053823662;186;857;171
2021-11-13T11:58:26.233;536845908073584950;214;973;302
2021-11-13T11:58:26.253;536845908093346238;85;1014;154
2021-11-13T11:58:26.272;536845908113107526;332;973;89
2021-11-13T11:58:26.292;536845908132868814;195;948;76
2021-11-13T11:58:26.312;536845908152630102;121;950;21
2021-11-13T11:58:26.332;536845908172391390;207;1010;153
2021-11-13T11:58:26.351;536845908192152678;173;997;168
2021-11-13T11:58:26.371;536845908211897964;209;947;115
2021-11-13T11:58:26.391;536845908231643232;227;1013;-33
2021-11-13T11:58:26.411;536845908251388500;233;923;16
2021-11-13T11:58:26.430;536845908271133768;209;1064;-33
2021-11-13T11:58:26.450;536845908290879036;147;899;42
2021-11-13T11:58:26.470;536845908310624304;144;1039;165
2021-11-13T11:58:26.490;536845908330369572;152;1010;248
2021-11-13T11:58:26.509;536845908350114840;-15;937;140
2021-11-13T11:58:26.529;536845908369860108;228;1010;75
2021-11-13T11:58:26.549;536845908389605376;186;1020;-1
2021-11-13T11:58:26.569;536845908409350644;202;898;44
2021-11-13T11:58:26.588;536845908429095912;20;1024;-9
2021-11-13T11:58:26.608;536845908448841180;139;989;74
2021-11-13T11:58:26.628;536845908468586448;95;926;85
2021-11-13T11:58:26.648;536845908488331716;83;1000;31
2021-11-13T11:58:26.667;536845908508076984;71;1000;57
2021-11-13T11:58:26.687;536845908527822252;40;983;205
2021-11-13T11:58:26.707;536845908547567520;145;1035;186
2021-11-13T11:58:26.726;536845908567312788;171;946;71
2021-11-13T11:58:26.746;536845908587058056;160;951;101
2021-11-13T11:58:26.766;536845908606803324;122;1080;47
2021-11-13T11:58:26.786;536845908626548592;88;899;92
2021-11-13T11:58:26.805;536845908646293860;94;957;51
2021-11-13T11:58:26.825;536845908666039128;114;990;81
2021-11-13T11:58:26.845;536845908685784396;114;975;101
2021-11-13T11:58:26.865;536845908705529664;96;975;149
2021-11-13T11:58:26.884;536845908725274932;103;942;122
2021-11-13T11:58:26.904;536845908745020200;61;1068;46
2021-11-13T11:58:26.924;536845908764765468;183;944;132
2021-11-13T11:58:26.944;536845908784510736;96;969;170
2021-11-13T11:58:26.963;536845908804256004;93;976;81
2021-11-13T11:58:26.983;536845908824001272;99;973;102
2021-11-13T11:58:27.003;536845908843746540;122;909;196
2021-11-13T11:58:27.023;536845908863491808;126;1014;158
2021-11-13T11:58:27.042;536845908883237076;130;975;75
2021-11-13T11:58:27.062;536845908902982344;183;955;198
2021-11-13T11:58:27.082;536845908922726168;115;994;184
2021-11-13T11:58:27.102;536845908942469980;114;969;211
2021-11-13T11:58:27.121;536845908962213792;117;947;167
2021-11-13T11:58:27.141;536845908981957604;92;953;228
2021-11-13T11:58:27.161;536845909001701416;116;994;175
2021-11-13T11:58:27.181;536845909021445228;210;945;155
2021-11-13T11:58:27.200;536845909041189040;143;1012;95
2021-11-13T11:58:27.220;536845909060932852;138;933;126
2021-11-13T11:58:27.240;536845909080676664;210;966;131
2021-11-13T11:58:27.260;536845909100420476;154;976;159
2021-11-13T11:58:27.279;536845909120164288;100;898;238
2021-11-13T11:58:27.299;536845909139908100;168;954;275
2021-11-13T11:58:27.319;536845909159651912;185;984;263
2021-11-13T11:58:27.339;536845909179395724;218;966;206
2021-11-13T11:58:27.358;536845909199139536;141;923;185
2021-11-13T11:58:27.378;536845909218883348;220;994;190
2021-11-13T11:58:27.398;536845909238627160;178;933;145
2021-11-13T11:58:27.418;536845909258370972;258;925;208
2021-11-13T11:58:27.437;536845909278114784;230;1005;219
2021-11-13T11:58:27.457;536845909297858596;206;923;234
2021-11-13T11:58:27.477;536845909317602408;243;963;260
2021-11-13T11:58:27.497;536845909337346220;228;945;213
2021-11-13T11:58:27.516;536845909357090032;220;891;225
2021-11-13T11:58:27.536;536845909376833844;266;963;284
2021-11-13T11:58:27.556;536845909396577656;224;953;269
2021-11-13T11:58:27.575;536845909416321468;245;944;229
2021-11-13T11:58:27.595;536845909436065280;272;917;296
2021-11-13T11:58:27.615;536845909455809092;266;945;273
2021-11-13T11:58:27.635;536845909475552904;227;928;224
2021-11-13T11:58:27.654;536845909495296716;275;948;252
2021-11-13T11:58:27.674;536845909515040528;285;915;289
2021-11-13T11:58:27.694;536845909534784340;292;915;277
2021-11-13T11:58:27.714;536845909554528152;286;901;273
2021-11-13T11:58:27.733;536845909574271964;342;928;273
2021-11-13T11:58:27.753;536845909594015776;316;897;290
2021-11-13T11:58:27.773;536845909613759588;319;890;344
2021-11-13T11:58:27.793;536845909633510715;219;865;304
2021-11-13T11:58:27.812;536845909653261808;312;881;296
2021-11-13T11:58:27.832;536845909673012901;350;901;274
2021-11-13T11:58:27.852;536845909692763994;360;879;301
2021-11-13T11:58:27.872;536845909712515087;324;885;309
2021-11-13T11:58:27.891;536845909732266180;318;885;288
2021-11-13T11:58:27.911;536845909752017273;289;868;290
2021-11-13T11:58:27.931;536845909771768366;302;859;322
2021-11-13T11:58:27.951;536845909791519459;330;863;394
2021-11-13T11:58:27.970;536845909811270552;363;875;379
2021-11-13T11:58:27.990;536845909831021645;375;865;281
2021-11-13T11:58:28.010;536845909850772738;363;873;307
2021-11-13T11:58:28.030;536845909870523831;298;867;371
2021-11-13T11:58:28.049;536845909890274924;342;883;348
2021-11-13T11:58:28.069;536845909910026017;338;863;370
2021-11-13T11:58:28.089;536845909929777110;373;888;375
2021-11-13T11:58:28.109;536845909949528203;374;870;324
2021-11-13T11:58:28.128;536845909969279296;330;849;370
2021-11-13T11:58:28.148;536845909989030389;360;870;353
2021-11-13T11:58:28.168;536845910008781482;358;863;359
2021-11-13T11:58:28.188;536845910028532575;355;872;364
2021-11-13T11:58:28.207;536845910048283668;371;872;353
2021-11-13T11:58:28.227;536845910068034761;366;867;344
2021-11-13T11:58:28.247;536845910087785854;357;859;378
2021-11-13T11:58:28.267;536845910107536947;350;871;372
2021-11-13T11:58:28.286;536845910127288040;349;871;343
2021-11-13T11:58:28.306;536845910147039133;362;862;339
2021-11-13T11:58:28.326;536845910166790226;360;853;372
2021-11-13T11:58:28.346;536845910186541319;345;866;382
2021-11-13T11:58:28.365;536845910206292412;349;866;367
2021-11-13T11:58:28.385;536845910226043505;375;859;384
2021-11-13T11:58:28.405;536845910245794598;368;861;402
2021-11-13T11:58:28.425;536845910265545691;331;861;366
2021-11-13T11:58:28.444;536845910285296784;342;876;362
2021-11-13T11:58:28.464;536845910305047877;372;873;366
2021-11-13T11:58:28.484;536845910324798970;374;862;321
2021-11-13T11:58:28.504;536845910344545699;369;862;360
2021-11-13T11:58:28.523;536845910364292424;367;868;388
2021-11-13T11:58:28.543;536845910384039149;350;855;381
2021-11-13T11:58:28.563;536845910403785874;348;856;377
2021-11-13T11:58:28.583;536845910423532599;360;864;402
2021-11-13T11:58:28.602;536845910443279324;360;860;381
2021-11-13T11:58:28.622;536845910463026049;352;856;375
2021-11-13T11:58:28.642;536845910482772774;356;864;391
2021-11-13T11:58:28.662;536845910502519499;331;864;390
2021-11-13T11:58:28.681;536845910522266224;343;863;383
2021-11-13T11:58:28.701;536845910542012949;351;866;377
2021-11-13T11:58:28.721;536845910561759674;364;867;393
2021-11-13T11:58:28.741;536845910581506399;360;861;384
2021-11-13T11:58:28.760;536845910601253124;346;855;376
2021-11-13T11:58:28.780;536845910620999849;345;848;381
2021-11-13T11:58:28.800;536845910640746574;352;851;392
2021-11-13T11:58:28.820;536845910660493299;348;866;396
2021-11-13T11:58:28.839;536845910680240024;354;859;372
2021-11-13T11:58:28.859;536845910699986749;375;861;369
2021-11-13T11:58:28.879;536845910719733474;378;859;380
2021-11-13T11:58:28.899;536845910739480199;378;868;361
2021-11-13T11:58:28.918;536845910759226924;386;860;335
2021-11-13T11:58:28.938;536845910778973649;392;860;328
2021-11-13T11:58:28.958;536845910798720374;382;873;339
2021-11-13T11:58:28.978;536845910818467099;414;854;434
2021-11-13T11:58:28.997;536845910838213824;532;785;404
2021-11-13T11:58:29.017;536845910857960549;113;761;490
2021-11-13T11:58:29.037;536845910877707274;-248;941;629
2021-11-13T11:58:29.057;536845910897453999;3;934;679
2021-11-13T11:58:29.076;536845910917200724;193;867;344
2021-11-13T11:58:29.096;536845910936947449;495;925;193
2021-11-13T11:58:29.116;536845910956694174;419;974;306
2021-11-13T11:58:29.136;536845910976440899;233;906;391
2021-11-13T11:58:29.155;536845910996187624;148;859;204
2021-11-13T11:58:29.175;536845911015934349;145;821;44
2021-11-13T11:58:29.195;536845911035681074;351;934;215
2021-11-13T11:58:29.215;536845911055435108;482;976;112
2021-11-13T11:58:29.234;536845911075189114;464;925;-40
2021-11-13T11:58:29.254;536845911094943120;367;886;156
2021-11-13T11:58:29.274;536845911114697126;380;895;127
2021-11-13T11:58:29.294;536845911134451132;330;845;203
2021-11-13T11:58:29.313;536845911154205138;339;955;204
2021-11-13T11:58:29.333;536845911173959144;622;976;93
2021-11-13T11:58:29.353;536845911193713150;414;950;-41
2021-11-13T11:58:29.373;536845911213467156;301;872;61
2021-11-13T11:58:29.392;536845911233221162;252;973;209
2021-11-13T11:58:29.412;536845911252975168;280;961;406
2021-11-13T11:58:29.432;536845911272729174;280;1026;191
2021-11-13T11:58:29.452;536845911292483180;374;907;145
2021-11-13T11:58:29.471;536845911312237186;252;1010;29
2021-11-13T11:58:29.491;536845911331991192;341;918;119
2021-11-13T11:58:29.511;536845911351745198;154;967;165
2021-11-13T11:58:29.531;536845911371499204;236;972;260
2021-11-13T11:58:29.550;536845911391253210;163;1004;204
2021-11-13T11:58:29.570;536845911411007216;289;970;28
2021-11-13T11:58:29.590;536845911430761222;240;955;-50
2021-11-13T11:58:29.610;536845911450515228;200;953;15
2021-11-13T11:58:29.629;536845911470269234;109;983;38
2021-11-13T11:58:29.649;536845911490023240;247;972;124
2021-11-13T11:58:29.669;536845911509777246;155;1046;33
2021-11-13T11:58:29.689;536845911529531252;162;932;80
2021-11-13T11:58:29.708;536845911549285258;212;972;-4
2021-11-13T11:58:29.728;536845911569039264;338;962;5
2021-11-13T11:58:29.748;536845911588793270;141;976;68
2021-11-13T11:58:29.768;536845911608547276;115;958;265
2021-11-13T11:58:29.787;536845911628301282;136;1029;193
2021-11-13T11:58:29.807;536845911648055288;197;968;78
2021-11-13T11:58:29.827;536845911667809294;262;967;-70
2021-11-13T11:58:29.847;536845911687563300;276;964;-112
2021-11-13T11:58:29.866;536845911707317306;226;984;-70
2021-11-13T11:58:29.886;536845911727071312;207;954;201
2021-11-13T11:58:29.906;536845911746825318;132;1009;248
2021-11-13T11:58:29.926;536845911766572076;242;961;96
2021-11-13T11:58:29.945;536845911786318800;326;977;-36
2021-11-13T11:58:29.965;536845911806065524;221;944;15
2021-11-13T11:58:29.985;536845911825812248;206;997;175
2021-11-13T11:58:30.005;536845911845558972;215;970;258
2021-11-13T11:58:30.024;536845911865305696;211;972;308
2021-11-13T11:58:30.044;536845911885052420;119;967;242
2021-11-13T11:58:30.064;536845911904799144;284;967;97
2021-11-13T11:58:30.084;536845911924545868;252;973;-122
2021-11-13T11:58:30.103;536845911944292592;144;955;-22
2021-11-13T11:58:30.123;536845911964039316;158;986;301
2021-11-13T11:58:30.143;536845911983786040;101;964;388
2021-11-13T11:58:30.163;536845912003532764;115;930;163
2021-11-13T11:58:30.182;536845912023279488;355;926;-97
2021-11-13T11:58:30.202;536845912043026212;300;837;-233
2021-11-13T11:58:30.222;536845912062772936;151;866;-204
2021-11-13T11:58:30.242;536845912082519660;319;892;132
2021-11-13T11:58:30.261;536845912102266384;132;1018;254
2021-11-13T11:58:30.281;536845912122013108;12;882;379
2021-11-13T11:58:30.301;536845912141759832;210;969;356
2021-11-13T11:58:30.321;536845912161506556;145;929;328
2021-11-13T11:58:30.340;536845912181253280;130;1006;83
2021-11-13T11:58:30.360;536845912201000004;355;1020;24
2021-11-13T11:58:30.380;536845912220746728;297;950;8
2021-11-13T11:58:30.400;536845912240493452;277;978;-68
2021-11-13T11:58:30.419;536845912260240176;228;1013;-60
2021-11-13T11:58:30.439;536845912279986900;154;941;124
2021-11-13T11:58:30.459;536845912299733624;104;1042;120
2021-11-13T11:58:30.479;536845912319480348;213;963;120
2021-11-13T11:58:30.498;536845912339227072;218;1005;-19
2021-11-13T11:58:30.518;536845912358973796;179;935;41
2021-11-13T11:58:30.538;536845912378720520;195;988;84
2021-11-13T11:58:30.558;536845912398467244;183;1106;108
2021-11-13T11:58:30.577;536845912418213968;120;937;224
2021-11-13T11:58:30.597;536845912437960692;134;1002;30
2021-11-13T11:58:30.617;536845912457707416;214;980;-109
2021-11-13T11:58:30.637;536845912477468724;226;929;-65
2021-11-13T11:58:30.656;536845912497230012;153;995;49
2021-11-13T11:58:30.676;536845912516991300;130;1053;174
2021-11-13T11:58:30.696;536845912536752588;119;921;150
2021-11-13T11:58:30.716;536845912556513876;-1;954;-17
2021-11-13T11:58:30.735;536845912576275164;285;1017;63
2021-11-13T11:58:30.755;536845912596036452;163;972;93
2021-11-13T11:58:30.775;536845912615797740;156;909;62
2021-11-13T11:58:30.795;536845912635559028;145;976;-72
2021-11-13T11:58:30.814;536845912655320316;197;1028;50
2021-11-13T11:58:30.834;536845912675081604;160;980;115
2021-11-13T11:58:30.854;536845912694842892;173;970;45
2021-11-13T11:58:30.874;536845912714604180;148;978;21
2021-11-13T11:58:30.894;536845912734365468;162;971;106
2021-11-13T11:58:30.913;536845912754126756;204;954;134
2021-11-13T11:58:30.933;536845912773888044;161;982;89
2021-11-13T11:58:30.953;536845912793649332;211;951;101
2021-11-13T11:58:30.973;536845912813410620;232;1000;89
2021-11-13T11:58:30.992;536845912833171908;220;950;179
2021-11-13T11:58:31.012;536845912852933196;145;972;84
2021-11-13T11:58:31.032;536845912872694484;291;983;19
2021-11-13T11:58:31.052;536845912892455772;220;970;102
2021-11-13T11:58:31.071;536845912912217060;247;957;211
2021-11-13T11:58:31.091;536845912931978348;161;934;208
2021-11-13T11:58:31.111;536845912951739636;251;913;182
2021-11-13T11:58:31.131;536845912971500924;219;1008;173
2021-11-13T11:58:31.150;536845912991262212;241;1018;135
2021-11-13T11:58:31.170;536845913011023500;268;925;126
2021-11-13T11:58:31.190;536845913030784788;329;1005;73
2021-11-13T11:58:31.210;536845913050546076;255;883;136
2021-11-13T11:58:31.229;536845913070307364;279;909;274
2021-11-13T11:58:31.249;536845913090068652;235;977;190
2021-11-13T11:58:31.269;536845913109829940;251;875;210
2021-11-13T11:58:31.289;536845913129591228;261;994;83
2021-11-13T11:58:31.309;536845913149352516;298;996;90
2021-11-13T11:58:31.328;536845913169113804;232;927;119
