Phone timestamp;sensor timestamp [ns];X [mg];Y [mg];Z [mg]
2021-11-13T11:54:07.345;536845649214169175;112;-1032;288
2021-11-13T11:54:07.364;536845649233933376;-22;-1056;346
2021-11-13T11:54:07.384;536845649253697577;33;-1093;43
2021-11-13T11:54:07.404;536845649273461778;123;-972;3
2021-11-13T11:54:07.424;536845649293225979;23;-1023;178
2021-11-13T11:54:07.443;536845649312990180;40;-1033;408
2021-11-13T11:54:07.463;536845649332754381;-46;-1094;406
2021-11-13T11:54:07.483;536845649352518582;-17;-1037;426
2021-11-13T11:54:07.503;536845649372282783;-39;-1018;258
2021-11-13T11:54:07.522;536845649392046984;17;-966;190
2021-11-13T11:54:07.542;536845649411811185;45;-979;330
2021-11-13T11:54:07.562;536845649431575386;-8;-998;483
2021-11-13T11:54:07.582;536845649451339587;31;-1092;469
2021-11-13T11:54:07.601;536845649471103788;-164;-1030;450
2021-11-13T11:54:07.621;536845649490867989;-146;-906;364
2021-11-13T11:54:07.641;536845649510632190;33;-908;345
2021-11-13T11:54:07.661;536845649530396391;-363;-899;585
2021-11-13T11:54:07.680;536845649550160592;-153;-984;662
2021-11-13T11:54:07.700;536845649569924793;-76;-1016;464
2021-11-13T11:54:07.720;536845649589688994;-57;-929;309
2021-11-13T11:54:07.740;536845649609453195;15;-814;291
2021-11-13T11:54:07.760;536845649629217396;-76;-761;262
2021-11-13T11:54:07.779;536845649648981597;-290;-786;466
2021-11-13T11:54:07.799;536845649668745798;-319;-899;455
2021-11-13T11:54:07.819;536845649688509999;101;-1093;532
2021-11-13T11:54:07.839;536845649708274200;-107;-796;700
2021-11-13T11:54:07.858;536845649728038401;-109;-560;688
2021-11-13T11:54:07.878;536845649747802602;-445;-740;669
2021-11-13T11:54:07.898;536845649767566803;240;-870;461
2021-11-13T11:54:07.918;536845649787331004;-36;-1166;529
2021-11-13T11:54:07.937;536845649807095205;-448;-1244;353
2021-11-13T11:54:07.957;536845649826859406;243;-876;366
2021-11-13T11:54:07.977;536845649846623607;-299;-897;376
2021-11-13T11:54:07.997;536845649866387808;236;-1085;95
2021-11-13T11:54:08.016;536845649886152009;-356;-1110;315
2021-11-13T11:54:08.036;536845649905916210;-119;-808;413
2021-11-13T11:54:08.056;536845649925680421;154;-975;395
2021-11-13T11:54:08.076;536845649945444622;-131;-1254;506
2021-11-13T11:54:08.096;536845649965208823;-281;-821;520
2021-11-13T11:54:08.115;536845649984973024;-27;-1032;174
2021-11-13T11:54:08.135;536845650004737225;-53;-1033;315
2021-11-13T11:54:08.155;536845650024501426;90;-1026;264
2021-11-13T11:54:08.175;536845650044265627;-196;-1102;134
2021-11-13T11:54:08.194;536845650064029828;96;-947;182
2021-11-13T11:54:08.214;536845650083794029;353;-1072;297
2021-11-13T11:54:08.234;536845650103558230;-163;-1130;394
2021-11-13T11:54:08.254;536845650123322431;-95;-969;133
2021-11-13T11:54:08.273;536845650143086632;94;-975;346
2021-11-13T11:54:08.293;536845650162850833;44;-1236;374
2021-11-13T11:54:08.313;536845650182615034;-94;-919;308
2021-11-13T11:54:08.333;536845650202379235;-156;-1062;152
2021-11-13T11:54:08.352;536845650222143436;42;-1105;47
2021-11-13T11:54:08.372;536845650241907637;62;-805;291
2021-11-13T11:54:08.392;536845650261671838;-32;-1350;198
2021-11-13T11:54:08.412;536845650281436039;-106;-947;301
2021-11-13T11:54:08.432;536845650301200240;-2;-1115;154
2021-11-13T11:54:08.451;536845650320964441;-83;-944;127
2021-11-13T11:54:08.471;536845650340728642;10;-985;80
2021-11-13T11:54:08.491;536845650360492843;-173;-1104;238
2021-11-13T11:54:08.511;536845650380257044;-34;-1067;299
2021-11-13T11:54:08.530;536845650400021245;-55;-929;293
2021-11-13T11:54:08.550;536845650419785446;17;-1201;177
2021-11-13T11:54:08.570;536845650439549647;-191;-991;350
2021-11-13T11:54:08.590;536845650459313848;-122;-1025;126
2021-11-13T11:54:08.609;536845650479078049;-119;-985;61
2021-11-13T11:54:08.629;536845650498842250;14;-1133;162
2021-11-13T11:54:08.649;536845650518606451;-74;-1012;296
2021-11-13T11:54:08.669;536845650538370652;-204;-992;345
2021-11-13T11:54:08.688;536845650558134853;-54;-1102;109
2021-11-13T11:54:08.708;536845650577899054;-94;-1068;166
2021-11-13T11:54:08.728;536845650597663255;-119;-952;234
2021-11-13T11:54:08.748;536845650617427456;-91;-1089;191
2021-11-13T11:54:08.768;536845650637197506;-135;-958;200
2021-11-13T11:54:08.787;536845650656967532;-57;-1114;151
2021-11-13T11:54:08.807;536845650676737558;-84;-1038;277
2021-11-13T11:54:08.827;536845650696507584;-125;-1015;242
2021-11-13T11:54:08.847;536845650716277610;-125;-1034;191
2021-11-13T11:54:08.866;536845650736047636;-215;-961;232
2021-11-13T11:54:08.886;536845650755817662;-136;-1043;154
2021-11-13T11:54:08.906;536845650775587688;-84;-1036;209
2021-11-13T11:54:08.926;536845650795357714;-129;-1129;215
2021-11-13T11:54:08.945;536845650815127740;-86;-982;245
2021-11-13T11:54:08.965;536845650834897766;-114;-1033;240
2021-11-13T11:54:08.985;536845650854667792;-137;-1021;208
2021-11-13T11:54:09.005;536845650874437818;-95;-1009;181
2021-11-13T11:54:09.025;536845650894207844;-202;-1061;201
2021-11-13T11:54:09.044;536845650913977870;-141;-1026;236
2021-11-13T11:54:09.064;536845650933747896;-117;-1050;199
2021-11-13T11:54:09.084;536845650953517922;-110;-990;199
2021-11-13T11:54:09.104;536845650973287948;-116;-1041;214
2021-11-13T11:54:09.123;536845650993057974;-185;-1027;237
2021-11-13T11:54:09.143;536845651012828000;-126;-1037;195
2021-11-13T11:54:09.163;536845651032598026;-148;-1028;179
2021-11-13T11:54:09.183;536845651052368052;-138;-1057;131
2021-11-13T11:54:09.202;536845651072138078;-98;-970;160
2021-11-13T11:54:09.222;536845651091908104;-180;-1047;204
2021-11-13T11:54:09.242;536845651111678130;-154;-1094;261
2021-11-13T11:54:09.262;536845651131448156;-66;-1016;230
2021-11-13T11:54:09.282;536845651151218182;-138;-1043;244
2021-11-13T11:54:09.301;536845651170988208;-97;-1042;188
2021-11-13T11:54:09.321;536845651190758234;-126;-1024;183
2021-11-13T11:54:09.341;536845651210528260;-149;-1032;152
2021-11-13T11:54:09.361;536845651230298286;-136;-1021;211
2021-11-13T11:54:09.380;536845651250068312;-132;-1006;187
2021-11-13T11:54:09.400;536845651269838338;-135;-1033;170
2021-11-13T11:54:09.420;536845651289608364;-183;-1012;187
2021-11-13T11:54:09.440;536845651309378390;-56;-1059;76
2021-11-13T11:54:09.459;536845651329148416;-90;-1034;106
2021-11-13T11:54:09.479;536845651348905351;-78;-1068;52
2021-11-13T11:54:09.499;536845651368662270;-80;-1067;78
2021-11-13T11:54:09.519;536845651388419189;-164;-1044;90
2021-11-13T11:54:09.539;536845651408176108;-76;-1059;183
2021-11-13T11:54:09.558;536845651427933027;-176;-1027;338
2021-11-13T11:54:09.578;536845651447689946;-134;-1047;370
2021-11-13T11:54:09.598;536845651467446865;-117;-1077;137
2021-11-13T11:54:09.618;536845651487203784;-73;-1023;134
2021-11-13T11:54:09.637;536845651506960703;-150;-1038;135
2021-11-13T11:54:09.657;536845651526717622;-135;-1033;166
2021-11-13T11:54:09.677;536845651546474541;-146;-1042;245
2021-11-13T11:54:09.697;536845651566231460;-89;-1093;166
2021-11-13T11:54:09.716;536845651585988379;-60;-1057;47
2021-11-13T11:54:09.736;536845651605745298;-47;-1042;44
2021-11-13T11:54:09.756;536845651625502217;-16;-1069;177
2021-11-13T11:54:09.776;536845651645259136;-48;-1061;287
2021-11-13T11:54:09.795;536845651665016055;-143;-1064;202
2021-11-13T11:54:09.815;536845651684772974;-97;-1065;196
2021-11-13T11:54:09.835;536845651704529893;34;-1026;186
2021-11-13T11:54:09.855;536845651724286812;-63;-1112;320
2021-11-13T11:54:09.874;536845651744043731;-28;-969;316
2021-11-13T11:54:09.894;536845651763800650;38;-1137;212
2021-11-13T11:54:09.914;536845651783557569;-6;-1024;201
2021-11-13T11:54:09.934;536845651803314488;25;-1066;91
2021-11-13T11:54:09.953;536845651823071407;1;-1065;98
2021-11-13T11:54:09.973;536845651842828326;16;-976;173
2021-11-13T11:54:09.993;536845651862585245;4;-1055;273
2021-11-13T11:54:10.013;536845651882342164;18;-1064;371
2021-11-13T11:54:10.032;536845651902099083;18;-961;324
2021-11-13T11:54:10.052;536845651921856002;-94;-1063;270
2021-11-13T11:54:10.072;536845651941612921;88;-1025;321
2021-11-13T11:54:10.092;536845651961369840;32;-988;380
2021-11-13T11:54:10.111;536845651981126759;37;-925;441
2021-11-13T11:54:10.131;536845652000883678;-103;-965;593
2021-11-13T11:54:10.151;536845652020640597;-305;-1080;482
2021-11-13T11:54:10.171;536845652040397516;-164;-1078;235
2021-11-13T11:54:10.190;536845652060158824;-23;-997;98
2021-11-13T11:54:10.210;536845652079920112;-12;-771;504
2021-11-13T11:54:10.230;536845652099681400;-244;-735;947
2021-11-13T11:54:10.250;536845652119442688;-290;-1002;844
2021-11-13T11:54:10.270;536845652139203976;-214;-1181;418
2021-11-13T11:54:10.289;536845652158965264;-6;-805;322
2021-11-13T11:54:10.309;536845652178726552;-149;-652;293
2021-11-13T11:54:10.329;536845652198487840;-51;-646;489
2021-11-13T11:54:10.349;536845652218249128;-78;-793;693
2021-11-13T11:54:10.368;536845652238010416;-96;-1148;480
2021-11-13T11:54:10.388;536845652257771704;-60;-1220;337
2021-11-13T11:54:10.408;536845652277532992;-95;-937;288
2021-11-13T11:54:10.428;536845652297294280;-121;-176;703
2021-11-13T11:54:10.447;536845652317055568;-381;-203;753
2021-11-13T11:54:10.467;536845652336816856;158;-1104;673
2021-11-13T11:54:10.487;536845652356578144;26;-1490;553
2021-11-13T11:54:10.507;536845652376339432;-86;-1038;608
2021-11-13T11:54:10.526;536845652396100720;-228;-701;546
2021-11-13T11:54:10.546;536845652415862008;-124;-929;303
2021-11-13T11:54:10.566;536845652435623296;111;-866;416
2021-11-13T11:54:10.586;536845652455384584;-162;-1133;395
2021-11-13T11:54:10.605;536845652475145872;-171;-1258;386
2021-11-13T11:54:10.625;536845652494907160;-184;-732;561
2021-11-13T11:54:10.645;536845652514668448;135;-966;333
2021-11-13T11:54:10.665;536845652534429736;-94;-1123;281
2021-11-13T11:54:10.685;536845652554191024;-80;-875;324
2021-11-13T11:54:10.704;536845652573952312;-42;-1042;262
2021-11-13T11:54:10.724;536845652593713600;81;-904;420
2021-11-13T11:54:10.744;536845652613474888;73;-1125;197
2021-11-13T11:54:10.764;536845652633236176;-54;-1076;291
2021-11-13T11:54:10.783;536845652652997464;-6;-870;535
2021-11-13T11:54:10.803;536845652672758752;23;-1111;388
2021-11-13T11:54:10.823;536845652692520040;82;-851;395
2021-11-13T11:54:10.843;536845652712281328;68;-1124;208
2021-11-13T11:54:10.862;536845652732042616;-143;-1027;510
2021-11-13T11:54:10.882;536845652751803904;12;-951;293
2021-11-13T11:54:10.902;536845652771557936;225;-1200;91
2021-11-13T11:54:10.922;536845652791311942;1;-1093;128
2021-11-13T11:54:10.941;536845652811065948;-187;-974;318
2021-11-13T11:54:10.961;536845652830819954;59;-1027;104
2021-11-13T11:54:10.981;536845652850573960;249;-1008;122
2021-11-13T11:54:11.001;536845652870327966;-128;-1049;385
2021-11-13T11:54:11.020;536845652890081972;-90;-1067;351
2021-11-13T11:54:11.040;536845652909835978;-120;-1123;148
2021-11-13T11:54:11.060;536845652929589984;187;-917;54
2021-11-13T11:54:11.080;536845652949343990;-107;-1141;168
2021-11-13T11:54:11.099;536845652969097996;-116;-988;385
2021-11-13T11:54:11.119;536845652988852002;-232;-1060;362
2021-11-13T11:54:11.139;536845653008606008;72;-991;137
2021-11-13T11:54:11.159;536845653028360014;-46;-1039;187
2021-11-13T11:54:11.178;536845653048114020;-196;-1048;240
2021-11-13T11:54:11.198;536845653067868026;-66;-1138;172
2021-11-13T11:54:11.218;536845653087622032;15;-919;101
2021-11-13T11:54:11.238;536845653107376038;-105;-1076;247
2021-11-13T11:54:11.257;536845653127130044;-177;-1112;257
2021-11-13T11:54:11.277;536845653146884050;-146;-975;202
2021-11-13T11:54:11.297;536845653166638056;-51;-1015;132
2021-11-13T11:54:11.317;536845653186392062;-101;-1143;193
2021-11-13T11:54:11.336;536845653206146068;-118;-911;309
2021-11-13T11:54:11.356;536845653225900074;-104;-1139;244
2021-11-13T11:54:11.376;536845653245654080;-118;-1020;191
2021-11-13T11:54:11.396;536845653265408086;-50;-1031;154
2021-11-13T11:54:11.415;536845653285162092;-124;-1043;218
2021-11-13T11:54:11.435;536845653304916098;-132;-1023;200
2021-11-13T11:54:11.455;536845653324670104;-173;-1020;228
2021-11-13T11:54:11.475;536845653344424110;-8;-1036;169
2021-11-13T11:54:11.495;536845653364178116;-198;-1109;223
2021-11-13T11:54:11.514;536845653383932122;-107;-938;237
2021-11-13T11:54:11.534;536845653403686128;-140;-1069;240
2021-11-13T11:54:11.554;536845653423440134;-164;-1068;236
2021-11-13T11:54:11.574;536845653443194140;-101;-943;207
2021-11-13T11:54:11.593;536845653462948146;-167;-1085;226
2021-11-13T11:54:11.613;536845653482709454;-185;-1016;237
2021-11-13T11:54:11.633;536845653502470742;-91;-1003;183
2021-11-13T11:54:11.653;536845653522232030;-184;-1025;218
2021-11-13T11:54:11.672;536845653541993318;-176;-1047;246
2021-11-13T11:54:11.692;536845653561754606;-100;-1018;158
2021-11-13T11:54:11.712;536845653581515894;-34;-1046;146
2021-11-13T11:54:11.732;536845653601277182;-151;-1067;205
2021-11-13T11:54:11.751;536845653621038470;-148;-1001;274
2021-11-13T11:54:11.771;536845653640799758;-145;-1000;296
2021-11-13T11:54:11.791;536845653660561046;-171;-1017;247
2021-11-13T11:54:11.811;536845653680322334;-168;-1018;241
2021-11-13T11:54:11.830;536845653700083622;-160;-1019;243
2021-11-13T11:54:11.850;536845653719844910;-144;-1022;206
2021-11-13T11:54:11.870;536845653739606198;-122;-1033;192
2021-11-13T11:54:11.890;536845653759367486;-161;-1009;231
2021-11-13T11:54:11.909;536845653779128774;-129;-1028;258
2021-11-13T11:54:11.929;536845653798890062;-184;-1007;226
2021-11-13T11:54:11.949;536845653818651350;-96;-1058;139
2021-11-13T11:54:11.969;536845653838412638;-140;-974;235
2021-11-13T11:54:11.989;536845653858173926;-209;-1052;304
2021-11-13T11:54:12.008;536845653877935214;-179;-1010;226
2021-11-13T11:54:12.028;536845653897696502;-46;-1022;110
2021-11-13T11:54:12.048;536845653917457790;-11;-1056;-21
2021-11-13T11:54:12.068;536845653937219078;-61;-1038;40
2021-11-13T11:54:12.087;536845653956980366;-41;-1059;61
2021-11-13T11:54:12.107;536845653976741654;-77;-1063;181
2021-11-13T11:54:12.127;536845653996502942;-261;-1018;246
2021-11-13T11:54:12.147;536845654016264230;-191;-1032;83
2021-11-13T11:54:12.166;536845654036025518;-115;-1061;89
2021-11-13T11:54:12.186;536845654055786806;-237;-1019;308
2021-11-13T11:54:12.206;536845654075548094;-191;-1091;344
2021-11-13T11:54:12.226;536845654095309382;-89;-1059;143
2021-11-13T11:54:12.245;536845654115070670;-34;-1019;124
2021-11-13T11:54:12.265;536845654134831958;-56;-1083;120
2021-11-13T11:54:12.285;536845654154593246;-147;-1089;183
2021-11-13T11:54:12.305;536845654174354534;-35;-1042;259
2021-11-13T11:54:12.324;536845654194108566;12;-1110;325
2021-11-13T11:54:12.344;536845654213862572;-5;-1105;438
2021-11-13T11:54:12.364;536845654233616578;-139;-1052;411
2021-11-13T11:54:12.384;536845654253370584;-27;-1007;189
2021-11-13T11:54:12.403;536845654273124590;-217;-1039;-46
2021-11-13T11:54:12.423;536845654292878596;-116;-1157;-239
2021-11-13T11:54:12.443;536845654312632602;-87;-993;-31
2021-11-13T11:54:12.463;536845654332386608;119;-1052;237
2021-11-13T11:54:12.482;536845654352140614;23;-1022;460
2021-11-13T11:54:12.502;536845654371894620;53;-1048;430
2021-11-13T11:54:12.522;536845654391648626;11;-1021;308
2021-11-13T11:54:12.542;536845654411402632;85;-1051;157
2021-11-13T11:54:12.561;536845654431156638;-82;-1007;210
2021-11-13T11:54:12.581;536845654450910644;123;-1034;137
2021-11-13T11:54:12.601;536845654470664650;-58;-980;337
2021-11-13T11:54:12.621;536845654490418656;-90;-1107;252
2021-11-13T11:54:12.641;536845654510172662;94;-1018;322
2021-11-13T11:54:12.660;536845654529926668;-28;-955;320
2021-11-13T11:54:12.680;536845654549680674;111;-1030;349
2021-11-13T11:54:12.700;536845654569434680;-128;-1021;473
2021-11-13T11:54:12.720;536845654589188686;-29;-1018;330
2021-11-13T11:54:12.739;536845654608942692;89;-1003;244
2021-11-13T11:54:12.759;536845654628696698;-38;-1012;464
2021-11-13T11:54:12.779;536845654648450704;-285;-948;646
2021-11-13T11:54:12.799;536845654668204710;-119;-847;624
2021-11-13T11:54:12.818;536845654687958716;-203;-923;524
2021-11-13T11:54:12.838;536845654707712722;-248;-914;483
2021-11-13T11:54:12.858;536845654727466728;-197;-959;382
2021-11-13T11:54:12.878;536845654747220734;-180;-911;348
2021-11-13T11:54:12.897;536845654766974740;-144;-824;530
2021-11-13T11:54:12.917;536845654786728746;-392;-866;647
2021-11-13T11:54:12.937;536845654806482752;-177;-960;587
2021-11-13T11:54:12.957;536845654826236758;-122;-835;471
2021-11-13T11:54:12.976;536845654845990764;-275;-629;598
2021-11-13T11:54:12.996;536845654865744770;-222;-725;572
2021-11-13T11:54:13.016;536845654885498776;-201;-939;480
2021-11-13T11:54:13.036;536845654905262985;-291;-812;496
2021-11-13T11:54:13.055;536845654925027186;-367;-700;461
2021-11-13T11:54:13.075;536845654944791387;-135;-662;604
2021-11-13T11:54:13.095;536845654964555588;43;-709;635
2021-11-13T11:54:13.115;536845654984319789;-310;-860;579
2021-11-13T11:54:13.134;536845655004083990;-418;-902;569
2021-11-13T11:54:13.154;536845655023848191;254;-753;732
2021-11-13T11:54:13.174;536845655043612392;-491;-1278;457
2021-11-13T11:54:13.194;536845655063376593;-61;-1176;307
2021-11-13T11:54:13.213;536845655083140794;-78;-598;485
2021-11-13T11:54:13.233;536845655102904995;-75;-905;362
2021-11-13T11:54:13.253;536845655122669196;-49;-1294;152
2021-11-13T11:54:13.273;536845655142433397;-29;-688;640
2021-11-13T11:54:13.293;536845655162197598;-309;-1125;448
2021-11-13T11:54:13.312;536845655181961799;-276;-1141;405
2021-11-13T11:54:13.332;536845655201726000;-99;-800;428
2021-11-13T11:54:13.352;536845655221490201;-95;-1057;233
2021-11-13T11:54:13.372;536845655241254402;-151;-843;471
2021-11-13T11:54:13.391;536845655261018603;170;-770;558
2021-11-13T11:54:13.411;536845655280782804;-300;-1408;425
2021-11-13T11:54:13.431;536845655300547005;79;-979;309
2021-11-13T11:54:13.451;536845655320311206;210;-1103;90
2021-11-13T11:54:13.470;536845655340075407;-166;-740;435
2021-11-13T11:54:13.490;536845655359839608;-93;-1072;253
2021-11-13T11:54:13.510;536845655379603809;115;-1213;255
2021-11-13T11:54:13.530;536845655399368010;-115;-866;394
2021-11-13T11:54:13.549;536845655419132211;-57;-1177;129
2021-11-13T11:54:13.569;536845655438896412;156;-1067;100
2021-11-13T11:54:13.589;536845655458660613;50;-809;311
2021-11-13T11:54:13.609;536845655478424814;-85;-1180;392
2021-11-13T11:54:13.629;536845655498189015;-246;-1029;537
2021-11-13T11:54:13.648;536845655517953216;77;-1007;241
2021-11-13T11:54:13.668;536845655537717417;-146;-1186;96
2021-11-13T11:54:13.688;536845655557481618;-160;-997;23
2021-11-13T11:54:13.708;536845655577245819;10;-829;208
2021-11-13T11:54:13.727;536845655597010020;39;-1229;133
2021-11-13T11:54:13.747;536845655616775695;70;-1110;260
2021-11-13T11:54:13.767;536845655636541352;-187;-861;471
2021-11-13T11:54:13.787;536845655656307009;-204;-1116;207
2021-11-13T11:54:13.806;536845655676072666;-144;-1063;163
2021-11-13T11:54:13.826;536845655695838323;-119;-1055;131
2021-11-13T11:54:13.846;536845655715603980;-38;-942;213
2021-11-13T11:54:13.866;536845655735369637;-69;-1081;158
2021-11-13T11:54:13.885;536845655755135294;-127;-1104;196
2021-11-13T11:54:13.905;536845655774900951;-122;-936;322
2021-11-13T11:54:13.925;536845655794666608;-127;-1105;213
2021-11-13T11:54:13.945;536845655814432265;-147;-1026;212
2021-11-13T11:54:13.965;536845655834197922;-145;-1055;129
2021-11-13T11:54:13.984;536845655853963579;-83;-1062;186
2021-11-13T11:54:14.004;536845655873729236;-206;-1015;291
2021-11-13T11:54:14.024;536845655893494893;-80;-921;291
2021-11-13T11:54:14.044;536845655913260550;-188;-1127;155
2021-11-13T11:54:14.063;536845655933026207;-128;-1015;146
2021-11-13T11:54:14.083;536845655952791864;-140;-1052;207
2021-11-13T11:54:14.103;536845655972557521;-185;-1006;227
2021-11-13T11:54:14.123;536845655992323178;-26;-990;166
2021-11-13T11:54:14.142;536845656012088835;-208;-1045;221
2021-11-13T11:54:14.162;536845656031854492;-126;-1029;242
2021-11-13T11:54:14.182;536845656051620149;-125;-1038;244
2021-11-13T11:54:14.202;536845656071385806;-127;-1037;196
2021-11-13T11:54:14.221;536845656091151463;-170;-1082;172
2021-11-13T11:54:14.241;536845656110917120;-153;-1003;188
2021-11-13T11:54:14.261;536845656130682777;-122;-1017;197
2021-11-13T11:54:14.281;536845656150448434;-167;-1054;218
2021-11-13T11:54:14.301;536845656170214091;-176;-1003;256
2021-11-13T11:54:14.320;536845656189979748;-128;-999;297
2021-11-13T11:54:14.340;536845656209745405;-172;-1048;241
2021-11-13T11:54:14.360;536845656229511062;-158;-1001;195
2021-11-13T11:54:14.380;536845656249276719;-87;-1030;133
2021-11-13T11:54:14.399;536845656269042376;-135;-1018;201
2021-11-13T11:54:14.419;536845656288808033;-144;-1086;156
2021-11-13T11:54:14.439;536845656308573690;-123;-1021;188
2021-11-13T11:54:14.459;536845656328332097;-144;-1018;210
2021-11-13T11:54:14.478;536845656348090472;-136;-1012;212
2021-11-13T11:54:14.498;536845656367848847;-153;-1013;237
2021-11-13T11:54:14.518;536845656387607222;-190;-1024;255
2021-11-13T11:54:14.538;536845656407365597;-163;-1028;230
2021-11-13T11:54:14.557;536845656427123972;-134;-1011;214
2021-11-13T11:54:14.577;536845656446882347;-149;-1037;190
2021-11-13T11:54:14.597;536845656466640722;-159;-1022;183
2021-11-13T11:54:14.617;536845656486399097;-86;-1048;137
2021-11-13T11:54:14.636;536845656506157472;-126;-1017;159
2021-11-13T11:54:14.656;536845656525915847;-140;-1016;235
2021-11-13T11:54:14.676;536845656545674222;-126;-1048;110
2021-11-13T11:54:14.696;536845656565432597;-79;-998;39
2021-11-13T11:54:14.716;536845656585190972;-57;-1024;-90
2021-11-13T11:54:14.735;536845656604949347;-201;-1089;74
2021-11-13T11:54:14.755;536845656624707722;-116;-1082;158
2021-11-13T11:54:14.775;536845656644466097;-29;-1063;218
2021-11-13T11:54:14.795;536845656664224472;-186;-1071;206
2021-11-13T11:54:14.814;536845656683982847;-141;-1029;185
2021-11-13T11:54:14.834;536845656703741222;-117;-1060;189
2021-11-13T11:54:14.854;536845656723499597;-144;-1034;174
2021-11-13T11:54:14.874;536845656743257972;-123;-1064;104
2021-11-13T11:54:14.893;536845656763016347;-64;-1077;159
2021-11-13T11:54:14.913;536845656782774722;-143;-1068;234
2021-11-13T11:54:14.933;536845656802533097;-47;-1032;232
2021-11-13T11:54:14.953;536845656822291472;-78;-1074;171
2021-11-13T11:54:14.972;536845656842049847;31;-1041;146
2021-11-13T11:54:14.992;536845656861808222;-161;-1066;233
2021-11-13T11:54:15.012;536845656881566597;-76;-1066;151
2021-11-13T11:54:15.032;536845656901324972;-95;-1066;-5
2021-11-13T11:54:15.051;536845656921083347;37;-1031;-8
2021-11-13T11:54:15.071;536845656940841722;-53;-1069;88
2021-11-13T11:54:15.091;536845656960600097;-42;-1106;167
2021-11-13T11:54:15.111;536845656980358472;36;-1071;372
2021-11-13T11:54:15.130;536845657000116847;-42;-1012;448
2021-11-13T11:54:15.150;536845657019875222;15;-1076;300
2021-11-13T11:54:15.170;536845657039640903;2;-1055;133
2021-11-13T11:54:15.190;536845657059406560;-163;-1037;-83
2021-11-13T11:54:15.210;536845657079172217;-47;-1044;-107
2021-11-13T11:54:15.229;536845657098937874;-70;-978;236
2021-11-13T11:54:15.249;536845657118703531;28;-1013;613
2021-11-13T11:54:15.269;536845657138469188;-37;-1008;717
2021-11-13T11:54:15.289;536845657158234845;72;-984;566
2021-11-13T11:54:15.308;536845657178000502;-21;-1026;291
2021-11-13T11:54:15.328;536845657197766159;-177;-1052;90
2021-11-13T11:54:15.348;536845657217531816;-70;-1094;-47
2021-11-13T11:54:15.368;536845657237297473;37;-942;195
2021-11-13T11:54:15.387;536845657257063130;-102;-1055;392
2021-11-13T11:54:15.407;536845657276828787;-75;-1017;461
2021-11-13T11:54:15.427;536845657296594444;62;-967;488
2021-11-13T11:54:15.447;536845657316360101;-150;-1000;391
2021-11-13T11:54:15.466;536845657336125758;27;-995;371
2021-11-13T11:54:15.486;536845657355891415;-221;-904;602
2021-11-13T11:54:15.506;536845657375657072;-105;-865;538
2021-11-13T11:54:15.526;536845657395422729;-253;-945;500
2021-11-13T11:54:15.546;536845657415188386;-125;-886;471
2021-11-13T11:54:15.565;536845657434954043;-275;-854;500
2021-11-13T11:54:15.585;536845657454719700;-229;-1110;287
2021-11-13T11:54:15.605;536845657474485357;-68;-783;438
2021-11-13T11:54:15.625;536845657494251014;-230;-755;625
2021-11-13T11:54:15.644;536845657514016671;-211;-744;784
2021-11-13T11:54:15.664;536845657533782328;-349;-803;752
2021-11-13T11:54:15.684;536845657553547985;-242;-835;485
2021-11-13T11:54:15.704;536845657573313642;-163;-945;224
2021-11-13T11:54:15.723;536845657593079299;-253;-819;317
2021-11-13T11:54:15.743;536845657612844956;-228;-825;480
2021-11-13T11:54:15.763;536845657632610613;-295;-844;650
2021-11-13T11:54:15.783;536845657652376270;-216;-647;700
2021-11-13T11:54:15.802;536845657672141927;96;-923;623
2021-11-13T11:54:15.822;536845657691907584;-417;-958;472
2021-11-13T11:54:15.842;536845657711673241;-204;-678;584
2021-11-13T11:54:15.862;536845657731438898;-147;-855;670
2021-11-13T11:54:15.882;536845657751211847;-95;-1396;274
2021-11-13T11:54:15.901;536845657770984786;-116;-988;444
2021-11-13T11:54:15.921;536845657790757725;-250;-521;473
2021-11-13T11:54:15.941;536845657810530664;-2;-1338;200
2021-11-13T11:54:15.961;536845657830303603;-4;-1020;424
2021-11-13T11:54:15.980;536845657850076542;-332;-642;647
2021-11-13T11:54:16.000;536845657869849481;-114;-1096;457
2021-11-13T11:54:16.020;536845657889622420;-180;-1016;436
2021-11-13T11:54:16.040;536845657909395359;-138;-879;399
2021-11-13T11:54:16.059;536845657929168298;-89;-1017;381
2021-11-13T11:54:16.079;536845657948941237;17;-999;432
2021-11-13T11:54:16.099;536845657968714176;-7;-850;489
2021-11-13T11:54:16.119;536845657988487115;-199;-1149;275
2021-11-13T11:54:16.139;536845658008260054;138;-981;362
2021-11-13T11:54:16.158;536845658028032993;38;-959;356
2021-11-13T11:54:16.178;536845658047805932;-213;-900;385
2021-11-13T11:54:16.198;536845658067578871;-48;-1160;185
2021-11-13T11:54:16.218;536845658087351810;145;-1019;240
2021-11-13T11:54:16.237;536845658107124749;-9;-1015;271
2021-11-13T11:54:16.257;536845658126897688;29;-1012;229
2021-11-13T11:54:16.277;536845658146670627;-78;-872;451
2021-11-13T11:54:16.297;536845658166443566;-94;-1040;438
2021-11-13T11:54:16.317;536845658186216505;-30;-1123;378
2021-11-13T11:54:16.336;536845658205989444;7;-1052;221
2021-11-13T11:54:16.356;536845658225762383;-2;-1082;128
2021-11-13T11:54:16.376;536845658245535322;-301;-812;337
2021-11-13T11:54:16.396;536845658265308261;107;-1242;13
2021-11-13T11:54:16.415;536845658285081200;51;-1012;268
2021-11-13T11:54:16.435;536845658304854139;-165;-1010;321
2021-11-13T11:54:16.455;536845658324627078;-201;-1054;368
2021-11-13T11:54:16.475;536845658344400017;-1;-1060;238
2021-11-13T11:54:16.495;536845658364172956;-150;-954;183
2021-11-13T11:54:16.514;536845658383945895;-1;-1154;34
2021-11-13T11:54:16.534;536845658403718834;-38;-1051;289
2021-11-13T11:54:16.554;536845658423491773;-105;-969;318
2021-11-13T11:54:16.574;536845658443264712;-128;-1053;237
2021-11-13T11:54:16.593;536845658463030393;-103;-1068;97
2021-11-13T11:54:16.613;536845658482796050;-119;-1036;177
2021-11-13T11:54:16.633;536845658502561707;-80;-1040;252
2021-11-13T11:54:16.653;536845658522327364;-205;-999;294
2021-11-13T11:54:16.672;536845658542093021;-122;-1027;179
2021-11-13T11:54:16.692;536845658561858678;-72;-1046;136
2021-11-13T11:54:16.712;536845658581624335;-122;-1137;181
2021-11-13T11:54:16.732;536845658601389992;-80;-975;195
2021-11-13T11:54:16.751;536845658621155649;-142;-1081;153
2021-11-13T11:54:16.771;536845658640921306;-167;-1004;195
2021-11-13T11:54:16.791;536845658660686963;-117;-1009;234
2021-11-13T11:54:16.811;536845658680452620;-187;-1070;196
2021-11-13T11:54:16.831;536845658700218277;-122;-1057;161
2021-11-13T11:54:16.850;536845658719983934;-121;-1009;106
2021-11-13T11:54:16.870;536845658739749591;-125;-1074;135
2021-11-13T11:54:16.890;536845658759515248;-194;-1019;225
2021-11-13T11:54:16.910;536845658779280905;-142;-1019;232
2021-11-13T11:54:16.929;536845658799046562;-136;-1016;201
2021-11-13T11:54:16.949;536845658818812219;-172;-1035;207
2021-11-13T11:54:16.969;536845658838577876;-164;-1016;195
2021-11-13T11:54:16.989;536845658858343533;-167;-1094;206
2021-11-13T11:54:17.008;536845658878109190;-144;-1032;191
2021-11-13T11:54:17.028;536845658897874847;-126;-1013;194
2021-11-13T11:54:17.048;536845658917640504;-166;-1024;214
2021-11-13T11:54:17.068;536845658937406161;-163;-1029;201
2021-11-13T11:54:17.088;536845658957171818;-170;-1010;200
2021-11-13T11:54:17.107;536845658976937475;-154;-1015;210
2021-11-13T11:54:17.127;536845658996703132;-164;-1031;196
2021-11-13T11:54:17.147;536845659016468789;-186;-1025;184
2021-11-13T11:54:17.167;536845659036234446;-141;-1034;169
2021-11-13T11:54:17.186;536845659056000103;-201;-1030;232
2021-11-13T11:54:17.206;536845659075765760;-172;-1013;242
2021-11-13T11:54:17.226;536845659095531417;-139;-1027;191
2021-11-13T11:54:17.246;536845659115297074;-141;-1018;187
2021-11-13T11:54:17.265;536845659135062731;-144;-1019;204
2021-11-13T11:54:17.285;536845659154828388;-180;-1035;205
2021-11-13T11:54:17.305;536845659174594063;-146;-1012;209
2021-11-13T11:54:17.325;536845659194359720;-152;-1050;187
2021-11-13T11:54:17.344;536845659214125377;-130;-1027;190
2021-11-13T11:54:17.364;536845659233891034;-150;-1004;230
2021-11-13T11:54:17.384;536845659253656691;-153;-1034;198
2021-11-13T11:54:17.404;536845659273422348;-123;-1021;189
2021-11-13T11:54:17.424;536845659293188005;-196;-1004;188
2021-11-13T11:54:17.443;536845659312953662;-160;-1037;154
2021-11-13T11:54:17.463;536845659332719319;-163;-1052;100
2021-11-13T11:54:17.483;536845659352484976;-15;-1057;48
2021-11-13T11:54:17.503;536845659372250633;-137;-1015;175
2021-11-13T11:54:17.522;536845659392016290;-159;-1083;115
2021-11-13T11:54:17.542;536845659411781947;-19;-987;180
2021-11-13T11:54:17.562;536845659431547604;12;-1011;33
2021-11-13T11:54:17.582;536845659451313261;-199;-1129;111
2021-11-13T11:54:17.601;536845659471078918;-95;-1073;56
2021-11-13T11:54:17.621;536845659490844575;-44;-1065;234
2021-11-13T11:54:17.641;536845659510610232;-264;-1044;284
2021-11-13T11:54:17.661;536845659530375889;-114;-995;259
2021-11-13T11:54:17.680;536845659550141546;-3;-1086;189
2021-11-13T11:54:17.700;536845659569907203;-197;-1065;172
2021-11-13T11:54:17.720;536845659589672860;-74;-1080;70
2021-11-13T11:54:17.740;536845659609438517;-16;-1060;108
2021-11-13T11:54:17.760;536845659629204174;-114;-1070;168
2021-11-13T11:54:17.779;536845659648969831;-48;-1040;113
2021-11-13T11:54:17.799;536845659668735488;-2;-1070;122
2021-11-13T11:54:17.819;536845659688501145;-105;-1068;198
2021-11-13T11:54:17.839;536845659708266802;90;-1128;274
2021-11-13T11:54:17.858;536845659728032459;-53;-1027;374
2021-11-13T11:54:17.878;536845659747798116;-168;-978;143
2021-11-13T11:54:17.898;536845659767563773;-44;-1131;-94
2021-11-13T11:54:17.918;536845659787329430;-115;-1008;-22
2021-11-13T11:54:17.937;536845659807095087;-100;-1079;160
2021-11-13T11:54:17.957;536845659826860744;92;-1063;372
2021-11-13T11:54:17.977;536845659846626401;-112;-973;426
2021-11-13T11:54:17.997;536845659866392058;-10;-1136;258
2021-11-13T11:54:18.016;536845659886162114;-113;-1022;279
2021-11-13T11:54:18.036;536845659905932140;21;-1057;190
2021-11-13T11:54:18.056;536845659925702166;-41;-1021;136
2021-11-13T11:54:18.076;536845659945472192;59;-1052;238
2021-11-13T11:54:18.096;536845659965242218;-11;-1047;315
2021-11-13T11:54:18.115;536845659985012244;-45;-965;300
2021-11-13T11:54:18.135;536845660004782270;-40;-1054;325
2021-11-13T11:54:18.155;536845660024552296;-64;-1010;444
2021-11-13T11:54:18.175;536845660044322322;0;-967;428
2021-11-13T11:54:18.194;536845660064092348;-42;-969;348
2021-11-13T11:54:18.214;536845660083862374;-121;-985;304
2021-11-13T11:54:18.234;536845660103632400;-69;-1063;231
2021-11-13T11:54:18.254;536845660123402426;-134;-996;374
2021-11-13T11:54:18.274;536845660143172452;24;-980;482
2021-11-13T11:54:18.293;536845660162942478;-52;-912;494
2021-11-13T11:54:18.313;536845660182712504;-120;-886;552
2021-11-13T11:54:18.333;536845660202482530;-162;-996;438
2021-11-13T11:54:18.353;536845660222252556;-78;-974;370
2021-11-13T11:54:18.372;536845660242022582;-207;-858;391
2021-11-13T11:54:18.392;536845660261792608;-83;-858;564
2021-11-13T11:54:18.412;536845660281562634;-229;-958;528
2021-11-13T11:54:18.432;536845660301332660;-159;-845;710
2021-11-13T11:54:18.451;536845660321102686;-408;-854;602
2021-11-13T11:54:18.471;536845660340872712;-152;-875;531
2021-11-13T11:54:18.491;536845660360642738;-181;-731;514
2021-11-13T11:54:18.511;536845660380412764;-245;-727;503
2021-11-13T11:54:18.531;536845660400182790;-265;-704;669
2021-11-13T11:54:18.550;536845660419952816;-421;-912;520
2021-11-13T11:54:18.570;536845660439722842;-111;-804;573
2021-11-13T11:54:18.590;536845660459492868;-285;-763;514
2021-11-13T11:54:18.610;536845660479262894;-222;-633;623
2021-11-13T11:54:18.629;536845660499032920;-251;-801;609
2021-11-13T11:54:18.649;536845660518802946;-96;-1168;478
2021-11-13T11:54:18.669;536845660538572972;-159;-1102;480
2021-11-13T11:54:18.689;536845660558342998;-105;-753;429
2021-11-13T11:54:18.708;536845660578113024;-167;-716;471
2021-11-13T11:54:18.728;536845660597896187;-155;-909;496
2021-11-13T11:54:18.748;536845660617679320;-72;-1052;518
2021-11-13T11:54:18.768;536845660637462453;-354;-1127;532
2021-11-13T11:54:18.788;536845660657245586;-74;-911;432
2021-11-13T11:54:18.807;536845660677028719;-1;-758;401
2021-11-13T11:54:18.827;536845660696811852;-101;-847;476
2021-11-13T11:54:18.847;536845660716594985;-59;-1224;511
2021-11-13T11:54:18.867;536845660736378118;-148;-992;669
2021-11-13T11:54:18.886;536845660756161251;-136;-662;580
2021-11-13T11:54:18.906;536845660775944384;-147;-1074;316
2021-11-13T11:54:18.926;536845660795727517;-3;-1032;259
2021-11-13T11:54:18.946;536845660815510650;-38;-924;173
2021-11-13T11:54:18.966;536845660835293783;66;-1033;258
2021-11-13T11:54:18.985;536845660855076916;-153;-1102;411
2021-11-13T11:54:19.005;536845660874860049;55;-944;605
2021-11-13T11:54:19.025;536845660894643182;-35;-921;413
2021-11-13T11:54:19.045;536845660914426315;76;-1005;233
2021-11-13T11:54:19.065;536845660934209448;-10;-1039;273
2021-11-13T11:54:19.084;536845660953992581;-2;-1080;284
2021-11-13T11:54:19.104;536845660973775714;-61;-1120;276
2021-11-13T11:54:19.124;536845660993558847;-19;-917;377
2021-11-13T11:54:19.144;536845661013341980;51;-972;357
2021-11-13T11:54:19.163;536845661033125113;-2;-941;393
2021-11-13T11:54:19.183;536845661052908246;44;-1115;249
2021-11-13T11:54:19.203;536845661072691379;-276;-928;429
2021-11-13T11:54:19.223;536845661092474512;59;-1050;259
2021-11-13T11:54:19.243;536845661112257645;-51;-1103;237
2021-11-13T11:54:19.262;536845661132040778;-21;-1002;284
2021-11-13T11:54:19.282;536845661151823911;-115;-1100;125
2021-11-13T11:54:19.302;536845661171607044;41;-937;196
2021-11-13T11:54:19.322;536845661191390177;-2;-1051;208
2021-11-13T11:54:19.342;536845661211173310;-32;-1107;334
2021-11-13T11:54:19.361;536845661230956443;-178;-1015;289
2021-11-13T11:54:19.381;536845661250739576;-54;-1083;76
2021-11-13T11:54:19.401;536845661270522709;45;-1033;155
2021-11-13T11:54:19.421;536845661290305842;-86;-989;350
2021-11-13T11:54:19.440;536845661310078791;-229;-1114;337
2021-11-13T11:54:19.460;536845661329851730;-48;-1011;139
2021-11-13T11:54:19.480;536845661349624669;-26;-982;189
2021-11-13T11:54:19.500;536845661369397608;-64;-1060;209
2021-11-13T11:54:19.520;536845661389170547;-118;-1107;248
2021-11-13T11:54:19.539;536845661408943486;-194;-1000;255
2021-11-13T11:54:19.559;536845661428716425;-57;-1053;99
2021-11-13T11:54:19.579;536845661448489364;-42;-1041;168
2021-11-13T11:54:19.599;536845661468262303;-74;-1019;212
2021-11-13T11:54:19.618;536845661488035242;-235;-1080;248
2021-11-13T11:54:19.638;536845661507808181;-96;-933;225
2021-11-13T11:54:19.658;536845661527581120;-71;-1104;133
2021-11-13T11:54:19.678;536845661547354059;-114;-1052;235
2021-11-13T11:54:19.697;536845661567126998;-125;-1045;193
2021-11-13T11:54:19.717;536845661586899937;-114;-957;196
2021-11-13T11:54:19.737;536845661606672876;-129;-1042;133
2021-11-13T11:54:19.757;536845661626445815;-193;-1101;175
2021-11-13T11:54:19.777;536845661646218754;-135;-1000;230
2021-11-13T11:54:19.796;536845661665991693;-92;-1085;195
2021-11-13T11:54:19.816;536845661685764632;-175;-1022;240
2021-11-13T11:54:19.836;536845661705537571;-157;-980;219
2021-11-13T11:54:19.856;536845661725310510;-170;-1053;163
2021-11-13T11:54:19.875;536845661745083449;-188;-1059;202
2021-11-13T11:54:19.895;536845661764856388;-106;-1007;193
2021-11-13T11:54:19.915;536845661784629327;-125;-1059;203
2021-11-13T11:54:19.935;536845661804402266;-128;-1037;257
2021-11-13T11:54:19.955;536845661824175205;-89;-1026;232
2021-11-13T11:54:19.974;536845661843948144;-225;-1050;234
2021-11-13T11:54:19.994;536845661863721083;-177;-1006;209
2021-11-13T11:54:20.014;536845661883494022;-105;-1026;159
2021-11-13T11:54:20.034;536845661903266961;-218;-1033;192
2021-11-13T11:54:20.053;536845661923039900;-128;-1018;223
2021-11-13T11:54:20.073;536845661942812839;-142;-1037;201
2021-11-13T11:54:20.093;536845661962585778;-132;-1011;208
2021-11-13T11:54:20.113;536845661982358717;-137;-1018;221
2021-11-13T11:54:20.132;536845662002131656;-177;-1050;209
2021-11-13T11:54:20.152;536845662021904611;-164;-1015;245
2021-11-13T11:54:20.172;536845662041677550;-164;-1017;237
2021-11-13T11:54:20.192;536845662061450489;-160;-1007;231
2021-11-13T11:54:20.212;536845662081223428;-124;-1028;194
2021-11-13T11:54:20.231;536845662100996367;-133;-1020;214
2021-11-13T11:54:20.251;536845662120769306;-111;-1032;210
2021-11-13T11:54:20.271;536845662140542245;-212;-1018;208
2021-11-13T11:54:20.291;536845662160315184;-159;-1026;228
2021-11-13T11:54:20.310;536845662180088123;-100;-1012;246
2021-11-13T11:54:20.330;536845662199861062;-147;-980;228
2021-11-13T11:54:20.350;536845662219634001;-91;-1011;197
2021-11-13T11:54:20.370;536845662239406940;-202;-1073;121
2021-11-13T11:54:20.390;536845662259179879;-148;-1066;92
2021-11-13T11:54:20.409;536845662278952818;-75;-1127;-121
2021-11-13T11:54:20.429;536845662298725757;-63;-1040;-21
2021-11-13T11:54:20.449;536845662318498696;-109;-1050;155
2021-11-13T11:54:20.469;536845662338271635;-149;-988;354
2021-11-13T11:54:20.488;536845662358044574;-103;-1059;342
2021-11-13T11:54:20.508;536845662377817513;-177;-1025;321
2021-11-13T11:54:20.528;536845662397590452;-208;-1035;264
2021-11-13T11:54:20.548;536845662417363391;-46;-1048;143
2021-11-13T11:54:20.567;536845662437136330;-116;-1036;135
2021-11-13T11:54:20.587;536845662456909269;-24;-1057;79
2021-11-13T11:54:20.607;536845662476682208;-167;-1106;121
2021-11-13T11:54:20.627;536845662496455147;4;-1029;170
2021-11-13T11:54:20.647;536845662516228086;-53;-1051;151
2021-11-13T11:54:20.666;536845662536001025;-127;-1082;219
2021-11-13T11:54:20.686;536845662555773964;74;-1042;207
2021-11-13T11:54:20.706;536845662575546903;-166;-1073;229
2021-11-13T11:54:20.726;536845662595319842;93;-1106;209
2021-11-13T11:54:20.745;536845662615092781;-53;-1020;319
2021-11-13T11:54:20.765;536845662634865720;-14;-1024;35
2021-11-13T11:54:20.785;536845662654638659;60;-1033;-71
2021-11-13T11:54:20.805;536845662674411598;-160;-1139;150
2021-11-13T11:54:20.825;536845662694184537;-28;-1010;417
2021-11-13T11:54:20.844;536845662713957476;8;-1014;497
2021-11-13T11:54:20.864;536845662733723151;11;-989;388
2021-11-13T11:54:20.884;536845662753488808;-119;-1128;137
2021-11-13T11:54:20.904;536845662773254465;4;-997;97
2021-11-13T11:54:20.923;536845662793020122;-124;-1081;-34
2021-11-13T11:54:20.943;536845662812785779;27;-1025;-12
2021-11-13T11:54:20.963;536845662832551436;-90;-1034;321
2021-11-13T11:54:20.983;536845662852317093;32;-1002;521
2021-11-13T11:54:21.002;536845662872082750;24;-947;536
2021-11-13T11:54:21.022;536845662891848407;-100;-1050;489
2021-11-13T11:54:21.042;536845662911614064;-23;-941;325
2021-11-13T11:54:21.062;536845662931379721;-100;-1035;310
2021-11-13T11:54:21.081;536845662951145378;44;-1026;385
2021-11-13T11:54:21.101;536845662970911035;-29;-955;460
2021-11-13T11:54:21.121;536845662990676692;-61;-1005;431
2021-11-13T11:54:21.141;536845663010442349;-96;-1008;332
2021-11-13T11:54:21.161;536845663030208006;-76;-974;151
2021-11-13T11:54:21.180;536845663049973663;37;-1000;212
2021-11-13T11:54:21.200;536845663069739320;20;-967;333
2021-11-13T11:54:21.220;536845663089504977;-161;-981;477
2021-11-13T11:54:21.240;536845663109270634;-43;-989;483
2021-11-13T11:54:21.259;536845663129036291;-58;-845;618
2021-11-13T11:54:21.279;536845663148801948;-121;-924;513
2021-11-13T11:54:21.299;536845663168567605;-34;-999;427
2021-11-13T11:54:21.319;536845663188333262;-98;-841;403
2021-11-13T11:54:21.338;536845663208098919;-75;-935;386
2021-11-13T11:54:21.358;536845663227864576;-296;-919;405
2021-11-13T11:54:21.378;536845663247630233;19;-875;452
2021-11-13T11:54:21.398;536845663267395890;-175;-1001;472
2021-11-13T11:54:21.417;536845663287161547;-120;-939;483
2021-11-13T11:54:21.437;536845663306927204;-187;-977;472
2021-11-13T11:54:21.457;536845663326692861;-38;-765;499
2021-11-13T11:54:21.477;536845663346458518;-129;-790;568
2021-11-13T11:54:21.497;536845663366224175;-175;-1163;420
2021-11-13T11:54:21.516;536845663385989832;21;-1030;475
2021-11-13T11:54:21.536;536845663405755489;-150;-837;483
2021-11-13T11:54:21.556;536845663425521146;-128;-1059;316
2021-11-13T11:54:21.576;536845663445291202;68;-884;361
2021-11-13T11:54:21.595;536845663465061228;-132;-976;446
2021-11-13T11:54:21.615;536845663484831254;-130;-1194;289
2021-11-13T11:54:21.635;536845663504601280;-55;-928;394
2021-11-13T11:54:21.655;536845663524371306;23;-948;423
2021-11-13T11:54:21.674;536845663544141332;-22;-918;454
2021-11-13T11:54:21.694;536845663563911358;-20;-990;398
2021-11-13T11:54:21.714;536845663583681384;-49;-1023;328
2021-11-13T11:54:21.734;536845663603451410;-142;-1114;192
2021-11-13T11:54:21.754;536845663623221436;33;-984;223
2021-11-13T11:54:21.773;536845663642991462;-107;-900;387
2021-11-13T11:54:21.793;536845663662761488;63;-941;564
2021-11-13T11:54:21.813;536845663682531514;-38;-1035;611
2021-11-13T11:54:21.833;536845663702301540;-31;-951;434
2021-11-13T11:54:21.852;536845663722071566;94;-1025;110
2021-11-13T11:54:21.872;536845663741841592;-74;-1055;131
2021-11-13T11:54:21.892;536845663761611618;115;-954;229
2021-11-13T11:54:21.912;536845663781381644;37;-1079;239
2021-11-13T11:54:21.931;536845663801151670;-20;-1093;266
2021-11-13T11:54:21.951;536845663820921696;-52;-990;415
2021-11-13T11:54:21.971;536845663840691722;-95;-1151;179
2021-11-13T11:54:21.991;536845663860461748;174;-884;225
2021-11-13T11:54:22.011;536845663880231774;22;-1003;334
2021-11-13T11:54:22.030;536845663900001800;-224;-1154;360
2021-11-13T11:54:22.050;536845663919771826;4;-880;419
2021-11-13T11:54:22.070;536845663939541852;-63;-1070;283
2021-11-13T11:54:22.090;536845663959311878;44;-1114;206
2021-11-13T11:54:22.109;536845663979081904;-113;-1006;236
2021-11-13T11:54:22.129;536845663998851930;-97;-1046;209
2021-11-13T11:54:22.149;536845664018621956;75;-1000;79
2021-11-13T11:54:22.169;536845664038391982;71;-1114;221
2021-11-13T11:54:22.188;536845664058162008;-130;-970;450
2021-11-13T11:54:22.208;536845664077932034;-140;-1052;388
2021-11-13T11:54:22.228;536845664097702060;-69;-1028;177
2021-11-13T11:54:22.248;536845664117472086;-21;-985;58
2021-11-13T11:54:22.268;536845664137242112;13;-1096;161
