Phone timestamp;sensor timestamp [ns];X [mg];Y [mg];Z [mg]
2021-11-13T12:00:39.554;536846144128548539;976;883;-203
2021-11-13T12:00:39.573;536846144148239922;966;957;-292
2021-11-13T12:00:39.593;536846144167931305;1122;979;-358
2021-11-13T12:00:39.613;536846144187622688;1204;1050;-318
2021-11-13T12:00:39.632;536846144207314071;1144;1000;-263
2021-11-13T12:00:39.652;536846144227005454;956;968;-212
2021-11-13T12:00:39.672;536846144246696837;939;757;-141
2021-11-13T12:00:39.691;536846144266388220;839;546;-100
2021-11-13T12:00:39.711;536846144286079603;756;493;-125
2021-11-13T12:00:39.731;536846144305770986;697;447;-119
2021-11-13T12:00:39.750;536846144325462369;666;422;-117
2021-11-13T12:00:39.770;536846144345153752;653;403;-99
2021-11-13T12:00:39.790;536846144364845135;622;402;-74
2021-11-13T12:00:39.809;536846144384536518;651;431;-73
2021-11-13T12:00:39.829;536846144404227901;692;439;-70
2021-11-13T12:00:39.849;536846144423919284;712;467;-73
2021-11-13T12:00:39.869;536846144443610667;754;518;-106
2021-11-13T12:00:39.888;536846144463302050;759;574;-108
2021-11-13T12:00:39.908;536846144482993433;747;635;-87
2021-11-13T12:00:39.928;536846144502684816;755;733;-89
2021-11-13T12:00:39.947;536846144522376199;761;750;-105
2021-11-13T12:00:39.967;536846144542067582;762;735;-106
2021-11-13T12:00:39.987;536846144561758965;787;704;-120
2021-11-13T12:00:40.006;536846144581450348;865;675;-132
2021-11-13T12:00:40.026;536846144601141731;894;633;-144
2021-11-13T12:00:40.046;536846144620833114;884;577;-140
2021-11-13T12:00:40.065;536846144640524497;881;530;-140
2021-11-13T12:00:40.085;536846144660215880;889;496;-154
2021-11-13T12:00:40.105;536846144679907263;918;476;-159
2021-11-13T12:00:40.125;536846144699598646;900;475;-173
2021-11-13T12:00:40.144;536846144719290029;880;485;-175
2021-11-13T12:00:40.164;536846144738981412;866;498;-148
2021-11-13T12:00:40.184;536846144758672795;828;521;-130
2021-11-13T12:00:40.203;536846144778364178;822;562;-115
2021-11-13T12:00:40.223;536846144798055561;848;577;-98
2021-11-13T12:00:40.243;536846144817746944;818;589;-76
2021-11-13T12:00:40.262;536846144837438343;828;601;-63
2021-11-13T12:00:40.282;536846144857129726;832;602;-45
2021-11-13T12:00:40.302;536846144876821109;821;612;-31
2021-11-13T12:00:40.321;536846144896512492;811;616;-7
2021-11-13T12:00:40.341;536846144916203875;797;621;-2
2021-11-13T12:00:40.361;536846144935895258;773;620;1
2021-11-13T12:00:40.381;536846144955586641;773;621;7
2021-11-13T12:00:40.400;536846144975278024;762;623;8
2021-11-13T12:00:40.420;536846144994969407;749;632;5
2021-11-13T12:00:40.440;536846145014660790;750;633;0
2021-11-13T12:00:40.459;536846145034352173;756;622;1
2021-11-13T12:00:40.479;536846145054043556;758;609;6
2021-11-13T12:00:40.499;536846145073734939;757;592;10
2021-11-13T12:00:40.518;536846145093426322;763;566;10
2021-11-13T12:00:40.538;536846145113117705;771;553;19
2021-11-13T12:00:40.558;536846145132809088;769;562;26
2021-11-13T12:00:40.577;536846145152500471;791;554;31
2021-11-13T12:00:40.597;536846145172191854;804;545;37
2021-11-13T12:00:40.617;536846145191883237;814;549;36
2021-11-13T12:00:40.637;536846145211574620;866;563;39
2021-11-13T12:00:40.656;536846145231266003;894;563;39
2021-11-13T12:00:40.676;536846145250957386;899;553;43
2021-11-13T12:00:40.696;536846145270648769;915;551;51
2021-11-13T12:00:40.715;536846145290340152;899;551;61
2021-11-13T12:00:40.735;536846145310031535;893;553;62
2021-11-13T12:00:40.755;536846145329722918;895;542;65
2021-11-13T12:00:40.774;536846145349414301;889;531;56
2021-11-13T12:00:40.794;536846145369105684;876;544;48
2021-11-13T12:00:40.814;536846145388797067;875;578;43
2021-11-13T12:00:40.833;536846145408488450;881;586;34
2021-11-13T12:00:40.853;536846145428179833;868;573;36
2021-11-13T12:00:40.873;536846145447871216;851;575;50
2021-11-13T12:00:40.893;536846145467562599;843;569;59
2021-11-13T12:00:40.912;536846145487253982;816;545;76
2021-11-13T12:00:40.932;536846145506945365;796;536;95
2021-11-13T12:00:40.952;536846145526636748;782;539;109
2021-11-13T12:00:40.971;536846145546316500;792;535;114
2021-11-13T12:00:40.991;536846145565996232;802;525;113
2021-11-13T12:00:41.011;536846145585675964;806;517;104
2021-11-13T12:00:41.030;536846145605355696;798;507;91
2021-11-13T12:00:41.050;536846145625035428;809;497;76
2021-11-13T12:00:41.070;536846145644715160;816;494;65
2021-11-13T12:00:41.089;536846145664394892;807;505;73
2021-11-13T12:00:41.109;536846145684074624;789;536;89
2021-11-13T12:00:41.129;536846145703754356;785;573;106
2021-11-13T12:00:41.148;536846145723434088;792;576;100
2021-11-13T12:00:41.168;536846145743113820;791;561;72
2021-11-13T12:00:41.188;536846145762793552;783;534;57
2021-11-13T12:00:41.207;536846145782473284;805;531;46
2021-11-13T12:00:41.227;536846145802153016;825;513;53
2021-11-13T12:00:41.247;536846145821832748;829;490;75
2021-11-13T12:00:41.266;536846145841512480;843;487;87
2021-11-13T12:00:41.286;536846145861192212;879;488;87
2021-11-13T12:00:41.306;536846145880871944;884;487;109
2021-11-13T12:00:41.326;536846145900551676;884;493;135
2021-11-13T12:00:41.345;536846145920231408;889;532;152
2021-11-13T12:00:41.365;536846145939911140;875;555;183
2021-11-13T12:00:41.385;536846145959590872;879;582;189
2021-11-13T12:00:41.404;536846145979270604;852;594;187
2021-11-13T12:00:41.424;536846145998950336;816;598;178
2021-11-13T12:00:41.444;536846146018630068;798;602;170
2021-11-13T12:00:41.463;536846146038309800;796;608;157
2021-11-13T12:00:41.483;536846146057989532;795;613;154
2021-11-13T12:00:41.503;536846146077669264;818;609;159
2021-11-13T12:00:41.522;536846146097348996;820;604;170
2021-11-13T12:00:41.542;536846146117028728;825;603;177
2021-11-13T12:00:41.562;536846146136708460;838;602;181
2021-11-13T12:00:41.581;536846146156388192;853;593;191
2021-11-13T12:00:41.601;536846146176067924;869;583;185
2021-11-13T12:00:41.621;536846146195747656;878;570;170
2021-11-13T12:00:41.640;536846146215427388;877;552;147
2021-11-13T12:00:41.660;536846146235107120;870;542;136
2021-11-13T12:00:41.680;536846146254798523;860;521;125
2021-11-13T12:00:41.699;536846146274489906;832;524;115
2021-11-13T12:00:41.719;536846146294181289;795;549;109
2021-11-13T12:00:41.739;536846146313872672;766;578;108
2021-11-13T12:00:41.759;536846146333564055;750;593;105
2021-11-13T12:00:41.778;536846146353255438;752;577;109
2021-11-13T12:00:41.798;536846146372946821;749;563;115
2021-11-13T12:00:41.818;536846146392638204;735;569;123
2021-11-13T12:00:41.837;536846146412329587;747;561;130
2021-11-13T12:00:41.857;536846146432020970;757;556;136
2021-11-13T12:00:41.877;536846146451712353;762;554;143
2021-11-13T12:00:41.896;536846146471403736;770;563;155
2021-11-13T12:00:41.916;536846146491095119;776;585;170
2021-11-13T12:00:41.936;536846146510786502;786;596;185
2021-11-13T12:00:41.955;536846146530477885;798;597;189
2021-11-13T12:00:41.975;536846146550169268;808;603;183
2021-11-13T12:00:41.995;536846146569860651;826;608;184
2021-11-13T12:00:42.015;536846146589552034;824;608;191
2021-11-13T12:00:42.034;536846146609243417;816;610;194
2021-11-13T12:00:42.054;536846146628934800;809;608;208
2021-11-13T12:00:42.074;536846146648626183;816;608;216
2021-11-13T12:00:42.093;536846146668317566;809;600;219
2021-11-13T12:00:42.113;536846146688008949;804;596;219
2021-11-13T12:00:42.133;536846146707700332;804;581;218
2021-11-13T12:00:42.152;536846146727391715;810;557;213
2021-11-13T12:00:42.172;536846146747083098;821;556;217
2021-11-13T12:00:42.192;536846146766774481;810;557;219
2021-11-13T12:00:42.211;536846146786465864;816;559;209
2021-11-13T12:00:42.231;536846146806157247;829;569;203
2021-11-13T12:00:42.251;536846146825848630;835;586;203
2021-11-13T12:00:42.270;536846146845540013;826;599;207
2021-11-13T12:00:42.290;536846146865231396;839;604;209
2021-11-13T12:00:42.310;536846146884922779;825;604;212
2021-11-13T12:00:42.330;536846146904614162;812;595;210
2021-11-13T12:00:42.349;536846146924305545;801;584;202
2021-11-13T12:00:42.369;536846146943996928;794;567;187
2021-11-13T12:00:42.389;536846146963672307;792;549;179
2021-11-13T12:00:42.408;536846146983347670;790;542;181
2021-11-13T12:00:42.428;536846147003023033;786;530;166
2021-11-13T12:00:42.448;536846147022698396;802;525;161
2021-11-13T12:00:42.467;536846147042373759;794;519;161
2021-11-13T12:00:42.487;536846147062049122;800;510;150
2021-11-13T12:00:42.507;536846147081724485;798;519;151
2021-11-13T12:00:42.526;536846147101399848;794;527;149
2021-11-13T12:00:42.546;536846147121075211;801;526;146
2021-11-13T12:00:42.566;536846147140750574;812;533;140
2021-11-13T12:00:42.585;536846147160425937;843;548;144
2021-11-13T12:00:42.605;536846147180101300;893;585;174
2021-11-13T12:00:42.625;536846147199776663;957;627;204
2021-11-13T12:00:42.644;536846147219452026;1025;690;235
2021-11-13T12:00:42.664;536846147239127389;1086;736;256
2021-11-13T12:00:42.684;536846147258802752;1118;760;276
2021-11-13T12:00:42.703;536846147278478115;1095;766;301
2021-11-13T12:00:42.723;536846147298153478;1095;757;319
2021-11-13T12:00:42.743;536846147317828841;1095;748;344
2021-11-13T12:00:42.762;536846147337504204;1091;735;345
2021-11-13T12:00:42.782;536846147357179567;1057;711;331
2021-11-13T12:00:42.802;536846147376854930;1015;688;317
2021-11-13T12:00:42.821;536846147396530293;986;673;295
2021-11-13T12:00:42.841;536846147416205656;951;638;260
2021-11-13T12:00:42.861;536846147435881019;956;607;252
2021-11-13T12:00:42.881;536846147455556382;968;530;229
2021-11-13T12:00:42.900;536846147475231745;950;442;217
2021-11-13T12:00:42.920;536846147494907108;900;381;204
2021-11-13T12:00:42.940;536846147514582471;880;393;188
2021-11-13T12:00:42.959;536846147534257834;879;447;191
2021-11-13T12:00:42.979;536846147553933197;862;463;209
2021-11-13T12:00:42.999;536846147573608560;795;452;203
2021-11-13T12:00:43.018;536846147593283923;736;479;209
2021-11-13T12:00:43.038;536846147612959286;712;508;203
2021-11-13T12:00:43.058;536846147632634649;738;457;258
2021-11-13T12:00:43.077;536846147652310012;734;445;236
2021-11-13T12:00:43.097;536846147671989768;768;397;242
2021-11-13T12:00:43.117;536846147691669500;764;422;239
2021-11-13T12:00:43.136;536846147711349232;770;448;273
2021-11-13T12:00:43.156;536846147731028964;758;471;275
2021-11-13T12:00:43.176;536846147750708696;707;479;304
2021-11-13T12:00:43.195;536846147770388428;646;485;298
2021-11-13T12:00:43.215;536846147790068160;596;506;301
2021-11-13T12:00:43.235;536846147809747892;635;535;268
2021-11-13T12:00:43.254;536846147829427624;612;517;253
2021-11-13T12:00:43.274;536846147849107356;691;497;243
2021-11-13T12:00:43.294;536846147868787088;739;475;236
2021-11-13T12:00:43.313;536846147888466820;686;465;220
2021-11-13T12:00:43.333;536846147908146552;670;477;208
2021-11-13T12:00:43.353;536846147927826284;629;465;144
2021-11-13T12:00:43.372;536846147947506016;525;438;29
2021-11-13T12:00:43.392;536846147967185748;444;443;-58
2021-11-13T12:00:43.412;536846147986865480;427;393;-112
2021-11-13T12:00:43.431;536846148006545212;404;323;-130
2021-11-13T12:00:43.451;536846148026224944;461;311;-146
2021-11-13T12:00:43.471;536846148045904676;714;395;-182
2021-11-13T12:00:43.491;536846148065584408;751;472;-178
2021-11-13T12:00:43.510;536846148085264140;799;582;-204
2021-11-13T12:00:43.530;536846148104943872;739;687;-196
2021-11-13T12:00:43.550;536846148124623604;679;681;-152
2021-11-13T12:00:43.569;536846148144303336;865;673;-134
2021-11-13T12:00:43.589;536846148163983068;953;680;-129
2021-11-13T12:00:43.609;536846148183662800;997;729;-203
2021-11-13T12:00:43.628;536846148203342532;1003;793;-219
2021-11-13T12:00:43.648;536846148223022264;1011;852;-215
2021-11-13T12:00:43.668;536846148242701996;1010;871;-188
2021-11-13T12:00:43.687;536846148262381728;978;848;-200
2021-11-13T12:00:43.707;536846148282061460;854;756;-213
2021-11-13T12:00:43.727;536846148301741192;761;684;-196
2021-11-13T12:00:43.746;536846148321420924;697;631;-165
2021-11-13T12:00:43.766;536846148341100656;658;593;-136
2021-11-13T12:00:43.786;536846148360780388;645;533;-120
2021-11-13T12:00:43.805;536846148380458676;621;503;-110
2021-11-13T12:00:43.825;536846148400136952;619;490;-102
2021-11-13T12:00:43.845;536846148419815228;635;495;-130
2021-11-13T12:00:43.864;536846148439493504;665;489;-177
2021-11-13T12:00:43.884;536846148459171780;704;491;-196
2021-11-13T12:00:43.904;536846148478850056;724;488;-218
2021-11-13T12:00:43.923;536846148498528332;730;489;-228
2021-11-13T12:00:43.943;536846148518206608;735;500;-247
2021-11-13T12:00:43.963;536846148537884884;721;506;-245
2021-11-13T12:00:43.983;536846148557563160;718;512;-237
2021-11-13T12:00:44.002;536846148577241436;709;552;-243
2021-11-13T12:00:44.022;536846148596919712;651;591;-235
2021-11-13T12:00:44.042;536846148616597988;627;607;-217
2021-11-13T12:00:44.061;536846148636276264;663;661;-181
2021-11-13T12:00:44.081;536846148655954540;753;706;-77
2021-11-13T12:00:44.101;536846148675632816;719;713;-47
2021-11-13T12:00:44.120;536846148695311092;541;708;-63
2021-11-13T12:00:44.140;536846148714989368;565;657;-96
2021-11-13T12:00:44.160;536846148734667644;615;595;-163
2021-11-13T12:00:44.179;536846148754345920;706;545;-207
2021-11-13T12:00:44.199;536846148774024196;818;492;-228
2021-11-13T12:00:44.219;536846148793702472;843;494;-235
2021-11-13T12:00:44.238;536846148813380748;849;540;-253
2021-11-13T12:00:44.258;536846148833059024;859;584;-270
2021-11-13T12:00:44.278;536846148852737300;847;563;-271
2021-11-13T12:00:44.297;536846148872415576;822;527;-272
2021-11-13T12:00:44.317;536846148892093852;807;544;-265
2021-11-13T12:00:44.337;536846148911772128;777;596;-250
2021-11-13T12:00:44.356;536846148931450404;762;629;-224
2021-11-13T12:00:44.376;536846148951128680;764;642;-195
2021-11-13T12:00:44.396;536846148970806956;752;624;-174
2021-11-13T12:00:44.415;536846148990485232;739;613;-158
2021-11-13T12:00:44.435;536846149010163508;731;637;-144
2021-11-13T12:00:44.455;536846149029841784;706;683;-123
2021-11-13T12:00:44.474;536846149049520060;677;676;-105
2021-11-13T12:00:44.494;536846149069198336;687;629;-108
2021-11-13T12:00:44.514;536846149088885358;739;604;-123
2021-11-13T12:00:44.534;536846149108572372;757;608;-148
2021-11-13T12:00:44.553;536846149128259386;763;614;-164
2021-11-13T12:00:44.573;536846149147946400;752;615;-155
2021-11-13T12:00:44.593;536846149167633414;739;627;-156
2021-11-13T12:00:44.612;536846149187320428;756;623;-164
2021-11-13T12:00:44.632;536846149207007442;760;614;-170
2021-11-13T12:00:44.652;536846149226694456;760;622;-169
2021-11-13T12:00:44.671;536846149246381470;759;638;-161
2021-11-13T12:00:44.691;536846149266068484;736;648;-155
2021-11-13T12:00:44.711;536846149285755498;705;621;-145
2021-11-13T12:00:44.730;536846149305442512;706;617;-143
2021-11-13T12:00:44.750;536846149325129526;755;615;-138
2021-11-13T12:00:44.770;536846149344816540;763;618;-130
2021-11-13T12:00:44.789;536846149364503554;760;660;-124
2021-11-13T12:00:44.809;536846149384190568;770;687;-122
2021-11-13T12:00:44.829;536846149403877582;784;681;-125
2021-11-13T12:00:44.849;536846149423564596;792;657;-132
2021-11-13T12:00:44.868;536846149443251610;798;619;-133
2021-11-13T12:00:44.888;536846149462938624;811;608;-138
2021-11-13T12:00:44.908;536846149482625638;812;609;-135
2021-11-13T12:00:44.927;536846149502312652;798;601;-124
2021-11-13T12:00:44.947;536846149521999666;785;589;-114
2021-11-13T12:00:44.967;536846149541686680;805;590;-102
2021-11-13T12:00:44.986;536846149561373694;831;614;-94
2021-11-13T12:00:45.006;536846149581060708;857;623;-78
2021-11-13T12:00:45.026;536846149600747722;850;641;-70
2021-11-13T12:00:45.045;536846149620434736;842;626;-74
2021-11-13T12:00:45.065;536846149640121750;805;604;-65
2021-11-13T12:00:45.085;536846149659808764;816;607;-63
2021-11-13T12:00:45.104;536846149679495778;838;627;-65
2021-11-13T12:00:45.124;536846149699182792;833;631;-47
2021-11-13T12:00:45.144;536846149718869806;836;632;-31
2021-11-13T12:00:45.164;536846149738556820;814;642;-32
2021-11-13T12:00:45.183;536846149758243834;789;645;-26
2021-11-13T12:00:45.203;536846149777930848;776;626;-21
2021-11-13T12:00:45.223;536846149797612041;789;610;-18
2021-11-13T12:00:45.242;536846149817293230;779;587;-8
2021-11-13T12:00:45.262;536846149836974419;762;556;-11
2021-11-13T12:00:45.282;536846149856655608;754;533;-14
2021-11-13T12:00:45.301;536846149876336797;730;502;-7
2021-11-13T12:00:45.321;536846149896017986;727;488;0
2021-11-13T12:00:45.341;536846149915699175;752;482;3
2021-11-13T12:00:45.360;536846149935380364;770;485;-2
2021-11-13T12:00:45.380;536846149955061553;776;496;7
2021-11-13T12:00:45.400;536846149974742742;795;512;30
2021-11-13T12:00:45.419;536846149994423931;802;538;54
2021-11-13T12:00:45.439;536846150014105120;825;573;82
2021-11-13T12:00:45.459;536846150033786309;829;600;102
2021-11-13T12:00:45.478;536846150053467498;819;613;108
2021-11-13T12:00:45.498;536846150073148687;812;631;104
2021-11-13T12:00:45.518;536846150092829876;811;649;96
2021-11-13T12:00:45.537;536846150112511065;797;653;89
2021-11-13T12:00:45.557;536846150132192254;790;632;84
2021-11-13T12:00:45.577;536846150151873443;789;618;84
2021-11-13T12:00:45.597;536846150171554632;797;604;97
2021-11-13T12:00:45.616;536846150191235821;784;587;106
2021-11-13T12:00:45.636;536846150210917010;763;571;114
2021-11-13T12:00:45.656;536846150230598199;741;559;118
2021-11-13T12:00:45.675;536846150250279388;728;543;121
2021-11-13T12:00:45.695;536846150269960577;704;525;129
2021-11-13T12:00:45.715;536846150289641766;717;527;136
2021-11-13T12:00:45.734;536846150309322955;741;542;126
2021-11-13T12:00:45.754;536846150329004144;764;555;120
2021-11-13T12:00:45.774;536846150348685333;785;593;115
2021-11-13T12:00:45.793;536846150368366522;806;625;108
2021-11-13T12:00:45.813;536846150388047711;821;661;114
2021-11-13T12:00:45.833;536846150407728900;832;666;106
2021-11-13T12:00:45.852;536846150427410089;839;672;98
2021-11-13T12:00:45.872;536846150447091278;849;663;100
2021-11-13T12:00:45.892;536846150466772467;870;643;105
2021-11-13T12:00:45.911;536846150486453656;864;649;107
2021-11-13T12:00:45.931;536846150506133408;858;672;115
2021-11-13T12:00:45.951;536846150525813140;840;673;113
2021-11-13T12:00:45.970;536846150545492872;818;659;112
2021-11-13T12:00:45.990;536846150565172604;804;636;118
2021-11-13T12:00:46.010;536846150584852336;794;615;122
2021-11-13T12:00:46.029;536846150604532068;779;606;125
2021-11-13T12:00:46.049;536846150624211800;777;599;126
2021-11-13T12:00:46.069;536846150643891532;790;595;125
2021-11-13T12:00:46.089;536846150663571264;796;590;125
2021-11-13T12:00:46.108;536846150683250996;797;594;123
2021-11-13T12:00:46.128;536846150702930728;815;603;121
2021-11-13T12:00:46.148;536846150722610460;824;610;124
2021-11-13T12:00:46.167;536846150742290192;820;610;121
2021-11-13T12:00:46.187;536846150761969924;811;623;121
2021-11-13T12:00:46.207;536846150781649656;802;643;117
2021-11-13T12:00:46.226;536846150801329388;853;686;114
2021-11-13T12:00:46.246;536846150821009120;924;738;107
2021-11-13T12:00:46.266;536846150840688852;995;775;114
2021-11-13T12:00:46.285;536846150860368584;1077;828;145
2021-11-13T12:00:46.305;536846150880048316;1129;895;196
2021-11-13T12:00:46.325;536846150899728048;1168;958;243
2021-11-13T12:00:46.344;536846150919407780;1094;950;284
2021-11-13T12:00:46.364;536846150939087512;999;915;304
2021-11-13T12:00:46.384;536846150958767244;958;873;298
2021-11-13T12:00:46.403;536846150978446976;912;777;284
2021-11-13T12:00:46.423;536846150998126708;896;695;265
2021-11-13T12:00:46.443;536846151017806440;879;618;243
2021-11-13T12:00:46.462;536846151037486172;862;586;235
2021-11-13T12:00:46.482;536846151057165904;856;553;235
2021-11-13T12:00:46.502;536846151076845636;838;535;232
2021-11-13T12:00:46.521;536846151096525368;811;520;238
2021-11-13T12:00:46.541;536846151116205100;794;515;237
2021-11-13T12:00:46.561;536846151135884832;781;508;224
2021-11-13T12:00:46.581;536846151155564564;827;491;210
2021-11-13T12:00:46.600;536846151175244296;870;486;198
2021-11-13T12:00:46.620;536846151194924028;884;489;202
2021-11-13T12:00:46.640;536846151214599415;884;505;215
2021-11-13T12:00:46.659;536846151234274778;887;495;232
2021-11-13T12:00:46.679;536846151253950141;889;486;230
2021-11-13T12:00:46.699;536846151273625504;882;477;214
2021-11-13T12:00:46.718;536846151293300867;883;474;208
2021-11-13T12:00:46.738;536846151312976230;883;479;200
2021-11-13T12:00:46.758;536846151332651593;856;490;205
2021-11-13T12:00:46.777;536846151352326956;807;488;226
2021-11-13T12:00:46.797;536846151372002319;769;485;236
2021-11-13T12:00:46.817;536846151391677682;749;464;256
2021-11-13T12:00:46.836;536846151411353045;739;440;272
2021-11-13T12:00:46.856;536846151431028408;751;439;287
2021-11-13T12:00:46.876;536846151450703771;763;446;312
2021-11-13T12:00:46.895;536846151470379134;765;458;352
2021-11-13T12:00:46.915;536846151490054497;729;469;376
2021-11-13T12:00:46.935;536846151509729860;727;474;386
2021-11-13T12:00:46.954;536846151529405223;754;465;385
2021-11-13T12:00:46.974;536846151549080586;776;454;390
2021-11-13T12:00:46.994;536846151568755949;806;459;360
2021-11-13T12:00:47.013;536846151588431312;792;479;340
2021-11-13T12:00:47.033;536846151608106675;793;483;318
2021-11-13T12:00:47.053;536846151627782038;778;472;302
2021-11-13T12:00:47.072;536846151647457401;767;442;267
2021-11-13T12:00:47.092;536846151667132764;758;395;242
2021-11-13T12:00:47.112;536846151686808127;779;382;196
2021-11-13T12:00:47.131;536846151706483490;735;380;115
2021-11-13T12:00:47.151;536846151726158853;639;373;68
2021-11-13T12:00:47.171;536846151745834216;534;352;52
2021-11-13T12:00:47.190;536846151765509579;538;350;21
2021-11-13T12:00:47.210;536846151785184942;568;381;-3
2021-11-13T12:00:47.230;536846151804860305;578;326;7
2021-11-13T12:00:47.249;536846151824535668;545;302;-3
2021-11-13T12:00:47.269;536846151844211031;545;292;17
2021-11-13T12:00:47.289;536846151863886394;613;282;78
2021-11-13T12:00:47.309;536846151883561757;618;300;137
2021-11-13T12:00:47.328;536846151903237120;648;336;184
2021-11-13T12:00:47.348;536846151922913971;682;365;198
2021-11-13T12:00:47.368;536846151942590790;648;373;200
2021-11-13T12:00:47.387;536846151962267609;652;401;197
2021-11-13T12:00:47.407;536846151981944428;653;444;193
2021-11-13T12:00:47.427;536846152001621247;735;481;213
2021-11-13T12:00:47.446;536846152021298066;792;499;227
2021-11-13T12:00:47.466;536846152040974885;781;515;210
2021-11-13T12:00:47.486;536846152060651704;819;506;175
2021-11-13T12:00:47.505;536846152080328523;883;509;153
2021-11-13T12:00:47.525;536846152100005342;944;555;133
2021-11-13T12:00:47.545;536846152119682161;969;611;154
2021-11-13T12:00:47.564;536846152139358980;986;665;165
2021-11-13T12:00:47.584;536846152159035799;954;690;153
2021-11-13T12:00:47.604;536846152178712618;902;674;145
2021-11-13T12:00:47.623;536846152198389437;884;666;136
2021-11-13T12:00:47.643;536846152218066256;874;681;145
2021-11-13T12:00:47.663;536846152237743075;841;684;158
2021-11-13T12:00:47.682;536846152257419894;848;637;162
2021-11-13T12:00:47.702;536846152277096713;814;582;137
2021-11-13T12:00:47.722;536846152296773532;781;530;115
2021-11-13T12:00:47.741;536846152316450351;786;506;108
2021-11-13T12:00:47.761;536846152336127170;783;489;110
2021-11-13T12:00:47.781;536846152355803989;772;482;114
2021-11-13T12:00:47.800;536846152375480808;768;473;116
2021-11-13T12:00:47.820;536846152395157627;766;456;113
2021-11-13T12:00:47.840;536846152414834446;769;464;113
2021-11-13T12:00:47.859;536846152434511265;777;484;111
2021-11-13T12:00:47.879;536846152454188084;779;486;108
2021-11-13T12:00:47.899;536846152473864903;770;486;107
2021-11-13T12:00:47.918;536846152493541722;782;486;82
2021-11-13T12:00:47.938;536846152513218541;788;489;58
2021-11-13T12:00:47.958;536846152532895360;811;492;72
2021-11-13T12:00:47.978;536846152552572179;870;500;91
2021-11-13T12:00:47.997;536846152572248998;889;513;114
2021-11-13T12:00:48.017;536846152591925817;867;531;126
2021-11-13T12:00:48.037;536846152611602636;819;541;141
2021-11-13T12:00:48.056;536846152631296936;808;539;163
2021-11-13T12:00:48.076;536846152650991232;831;546;187
2021-11-13T12:00:48.096;536846152670685528;837;562;210
2021-11-13T12:00:48.115;536846152690379824;841;556;217
2021-11-13T12:00:48.135;536846152710074120;871;536;196
2021-11-13T12:00:48.155;536846152729768416;890;511;173
2021-11-13T12:00:48.174;536846152749462712;885;525;164
2021-11-13T12:00:48.194;536846152769157008;888;536;147
2021-11-13T12:00:48.214;536846152788851304;888;531;126
2021-11-13T12:00:48.233;536846152808545600;873;517;109
2021-11-13T12:00:48.253;536846152828239896;860;519;93
2021-11-13T12:00:48.273;536846152847934192;877;533;67
2021-11-13T12:00:48.293;536846152867628488;877;531;53
2021-11-13T12:00:48.312;536846152887322784;880;529;50
2021-11-13T12:00:48.332;536846152907017080;881;537;49
2021-11-13T12:00:48.352;536846152926711376;858;539;53
2021-11-13T12:00:48.371;536846152946405672;825;545;64
2021-11-13T12:00:48.391;536846152966099968;831;550;78
2021-11-13T12:00:48.411;536846152985794264;826;543;95
2021-11-13T12:00:48.430;536846153005488560;826;549;110
2021-11-13T12:00:48.450;536846153025182856;826;556;125
2021-11-13T12:00:48.470;536846153044877152;831;558;139
2021-11-13T12:00:48.490;536846153064571448;815;583;133
2021-11-13T12:00:48.509;536846153084265744;833;591;121
2021-11-13T12:00:48.529;536846153103960040;855;575;108
2021-11-13T12:00:48.549;536846153123654336;831;556;96
2021-11-13T12:00:48.568;536846153143348632;822;564;93
2021-11-13T12:00:48.588;536846153163042928;843;579;100
2021-11-13T12:00:48.608;536846153182737224;838;576;112
2021-11-13T12:00:48.627;536846153202431520;812;566;115
2021-11-13T12:00:48.647;536846153222125816;799;551;110
2021-11-13T12:00:48.667;536846153241820112;802;540;110
2021-11-13T12:00:48.686;536846153261514408;812;534;109
2021-11-13T12:00:48.706;536846153281208704;828;522;106
2021-11-13T12:00:48.726;536846153300903000;831;529;94
2021-11-13T12:00:48.746;536846153320597296;845;544;86
2021-11-13T12:00:48.765;536846153340279953;872;549;82
2021-11-13T12:00:48.785;536846153359962598;858;546;82
2021-11-13T12:00:48.805;536846153379645243;858;556;93
2021-11-13T12:00:48.824;536846153399327888;841;561;106
2021-11-13T12:00:48.844;536846153419010533;809;553;114
2021-11-13T12:00:48.864;536846153438693178;789;554;115
2021-11-13T12:00:48.883;536846153458375823;784;539;118
2021-11-13T12:00:48.903;536846153478058468;789;501;123
2021-11-13T12:00:48.923;536846153497741113;782;486;128
2021-11-13T12:00:48.942;536846153517423758;788;481;129
2021-11-13T12:00:48.962;536846153537106403;810;449;122
2021-11-13T12:00:48.982;536846153556789048;845;450;126
2021-11-13T12:00:49.001;536846153576471693;876;475;129
2021-11-13T12:00:49.021;536846153596154338;888;494;132
2021-11-13T12:00:49.041;536846153615836983;879;526;121
2021-11-13T12:00:49.060;536846153635519628;865;550;107
2021-11-13T12:00:49.080;536846153655202273;861;560;94
2021-11-13T12:00:49.100;536846153674884918;857;562;86
2021-11-13T12:00:49.120;536846153694567563;822;553;83
2021-11-13T12:00:49.139;536846153714250208;812;549;89
2021-11-13T12:00:49.159;536846153733932853;809;545;102
2021-11-13T12:00:49.179;536846153753615498;808;532;122
2021-11-13T12:00:49.198;536846153773298143;805;542;148
2021-11-13T12:00:49.218;536846153792980788;807;560;173
2021-11-13T12:00:49.238;536846153812663433;782;572;183
2021-11-13T12:00:49.257;536846153832346078;783;580;215
2021-11-13T12:00:49.277;536846153852028723;807;573;229
2021-11-13T12:00:49.297;536846153871711368;906;578;227
2021-11-13T12:00:49.316;536846153891394013;927;570;186
2021-11-13T12:00:49.336;536846153911076658;896;544;150
2021-11-13T12:00:49.356;536846153930759303;887;513;147
2021-11-13T12:00:49.375;536846153950441948;844;487;172
2021-11-13T12:00:49.395;536846153970124593;894;480;201
2021-11-13T12:00:49.415;536846153989807238;860;477;196
2021-11-13T12:00:49.434;536846154009489883;849;476;181
2021-11-13T12:00:49.454;536846154029172528;806;476;176
2021-11-13T12:00:49.474;536846154048856653;786;478;173
2021-11-13T12:00:49.493;536846154068540754;771;475;179
2021-11-13T12:00:49.513;536846154088224855;791;476;178
2021-11-13T12:00:49.533;536846154107908956;806;480;172
2021-11-13T12:00:49.553;536846154127593057;813;474;145
2021-11-13T12:00:49.572;536846154147277158;832;472;136
2021-11-13T12:00:49.592;536846154166961259;871;483;140
2021-11-13T12:00:49.612;536846154186645360;890;490;122
2021-11-13T12:00:49.631;536846154206329461;885;491;109
2021-11-13T12:00:49.651;536846154226013562;880;489;100
2021-11-13T12:00:49.671;536846154245697663;869;493;80
2021-11-13T12:00:49.690;536846154265381764;860;494;84
2021-11-13T12:00:49.710;536846154285065865;873;503;91
2021-11-13T12:00:49.730;536846154304749966;852;510;104
2021-11-13T12:00:49.749;536846154324434067;830;505;109
2021-11-13T12:00:49.769;536846154344118168;812;491;125
2021-11-13T12:00:49.789;536846154363802269;811;486;144
2021-11-13T12:00:49.808;536846154383486370;826;486;175
2021-11-13T12:00:49.828;536846154403170471;861;489;195
2021-11-13T12:00:49.848;536846154422854572;880;496;204
2021-11-13T12:00:49.867;536846154442538673;888;503;200
2021-11-13T12:00:49.887;536846154462222774;907;505;194
2021-11-13T12:00:49.907;536846154481906875;925;511;190
2021-11-13T12:00:49.927;536846154501590976;939;519;178
2021-11-13T12:00:49.946;536846154521275077;963;541;172
2021-11-13T12:00:49.966;536846154540959178;954;549;152
2021-11-13T12:00:49.986;536846154560643279;933;540;140
2021-11-13T12:00:50.005;536846154580327380;911;527;137
2021-11-13T12:00:50.025;536846154600011481;888;520;136
2021-11-13T12:00:50.045;536846154619695582;883;510;144
2021-11-13T12:00:50.064;536846154639379683;883;509;158
2021-11-13T12:00:50.084;536846154659063784;879;510;164
2021-11-13T12:00:50.104;536846154678747885;867;507;163
2021-11-13T12:00:50.123;536846154698431986;835;498;151
2021-11-13T12:00:50.143;536846154718116087;830;490;147
2021-11-13T12:00:50.163;536846154737800188;823;488;148
2021-11-13T12:00:50.182;536846154757490123;828;488;154
2021-11-13T12:00:50.202;536846154777180050;816;484;155
2021-11-13T12:00:50.222;536846154796869977;840;486;152
2021-11-13T12:00:50.242;536846154816559904;866;486;157
2021-11-13T12:00:50.261;536846154836249831;884;490;169
2021-11-13T12:00:50.281;536846154855939758;878;504;172
2021-11-13T12:00:50.301;536846154875629685;874;510;167
2021-11-13T12:00:50.320;536846154895319612;872;519;161
2021-11-13T12:00:50.340;536846154915009539;871;533;161
2021-11-13T12:00:50.360;536846154934699466;869;539;149
2021-11-13T12:00:50.379;536846154954389393;859;532;144
2021-11-13T12:00:50.399;536846154974079320;861;520;134
2021-11-13T12:00:50.419;536846154993769247;854;519;132
2021-11-13T12:00:50.438;536846155013459174;844;518;135
2021-11-13T12:00:50.458;536846155033149101;846;509;130
2021-11-13T12:00:50.478;536846155052839028;827;493;124
2021-11-13T12:00:50.497;536846155072528955;848;494;127
2021-11-13T12:00:50.517;536846155092218882;828;492;134
2021-11-13T12:00:50.537;536846155111908809;839;501;145
2021-11-13T12:00:50.557;536846155131598736;842;515;151
2021-11-13T12:00:50.576;536846155151288663;847;510;150
2021-11-13T12:00:50.596;536846155170978590;852;508;146
2021-11-13T12:00:50.616;536846155190668517;857;515;144
2021-11-13T12:00:50.635;536846155210358444;868;506;154
2021-11-13T12:00:50.655;536846155230048371;876;502;169
2021-11-13T12:00:50.675;536846155249738298;875;504;190
2021-11-13T12:00:50.694;536846155269428225;878;506;203
2021-11-13T12:00:50.714;536846155289118152;883;505;212
2021-11-13T12:00:50.734;536846155308808079;893;507;223
2021-11-13T12:00:50.753;536846155328498006;881;508;226
2021-11-13T12:00:50.773;536846155348187933;880;510;232
2021-11-13T12:00:50.793;536846155367877860;866;516;231
2021-11-13T12:00:50.813;536846155387567787;833;518;223
2021-11-13T12:00:50.832;536846155407257714;802;504;205
2021-11-13T12:00:50.852;536846155426947641;781;496;186
2021-11-13T12:00:50.872;536846155446637568;791;497;166
2021-11-13T12:00:50.891;536846155466314419;809;511;153
2021-11-13T12:00:50.911;536846155485991238;846;520;138
2021-11-13T12:00:50.931;536846155505668057;899;523;135
2021-11-13T12:00:50.950;536846155525344876;1010;552;185
2021-11-13T12:00:50.970;536846155545021695;1153;591;260
2021-11-13T12:00:50.990;536846155564698514;1236;617;339
2021-11-13T12:00:51.009;536846155584375333;1377;742;428
2021-11-13T12:00:51.029;536846155604052152;1422;899;504
2021-11-13T12:00:51.049;536846155623728971;1418;1026;566
2021-11-13T12:00:51.068;536846155643405790;1314;1066;559
2021-11-13T12:00:51.088;536846155663082609;1198;1020;501
2021-11-13T12:00:51.108;536846155682759428;1125;988;481
2021-11-13T12:00:51.127;536846155702436247;997;1011;443
2021-11-13T12:00:51.147;536846155722113066;795;1010;378
2021-11-13T12:00:51.167;536846155741789885;677;906;356
2021-11-13T12:00:51.186;536846155761466704;626;686;344
2021-11-13T12:00:51.206;536846155781143523;621;465;307
2021-11-13T12:00:51.226;536846155800820342;572;302;278
2021-11-13T12:00:51.245;536846155820497161;527;223;255
2021-11-13T12:00:51.265;536846155840173980;499;192;245
2021-11-13T12:00:51.285;536846155859850799;492;177;239
2021-11-13T12:00:51.304;536846155879527618;396;117;246
2021-11-13T12:00:51.324;536846155899204437;316;114;266
2021-11-13T12:00:51.344;536846155918881256;294;130;323
2021-11-13T12:00:51.364;536846155938558075;223;201;370
2021-11-13T12:00:51.383;536846155958234894;208;236;383
2021-11-13T12:00:51.403;536846155977911713;230;228;393
2021-11-13T12:00:51.423;536846155997588532;349;242;366
2021-11-13T12:00:51.442;536846156017265351;422;264;379
2021-11-13T12:00:51.462;536846156036942170;525;314;405
2021-11-13T12:00:51.482;536846156056618989;573;379;460
2021-11-13T12:00:51.501;536846156076295808;708;460;512
2021-11-13T12:00:51.521;536846156095972627;765;514;576
2021-11-13T12:00:51.541;536846156115649446;801;540;632
2021-11-13T12:00:51.560;536846156135326265;796;537;703
2021-11-13T12:00:51.580;536846156155003084;759;582;744
2021-11-13T12:00:51.600;536846156174682836;755;629;802
2021-11-13T12:00:51.619;536846156194362568;732;673;834
2021-11-13T12:00:51.639;536846156214042300;688;680;851
2021-11-13T12:00:51.659;536846156233722032;736;625;802
2021-11-13T12:00:51.678;536846156253401764;758;560;748
2021-11-13T12:00:51.698;536846156273081496;760;511;685
2021-11-13T12:00:51.718;536846156292761228;746;509;631
2021-11-13T12:00:51.737;536846156312440960;731;488;603
2021-11-13T12:00:51.757;536846156332120692;697;468;550
2021-11-13T12:00:51.777;536846156351800424;633;398;485
2021-11-13T12:00:51.796;536846156371480156;634;377;456
2021-11-13T12:00:51.816;536846156391159888;644;382;424
2021-11-13T12:00:51.836;536846156410839620;648;366;421
2021-11-13T12:00:51.855;536846156430519352;644;361;394
2021-11-13T12:00:51.875;536846156450199084;620;351;369
2021-11-13T12:00:51.895;536846156469878816;642;358;357
2021-11-13T12:00:51.915;536846156489558548;638;374;371
2021-11-13T12:00:51.934;536846156509238280;654;377;397
2021-11-13T12:00:51.954;536846156528918012;694;389;408
2021-11-13T12:00:51.974;536846156548597744;702;443;433
2021-11-13T12:00:51.993;536846156568277476;699;503;440
2021-11-13T12:00:52.013;536846156587957208;677;530;467
2021-11-13T12:00:52.033;536846156607636940;764;599;465
2021-11-13T12:00:52.052;536846156627316672;753;575;461
2021-11-13T12:00:52.072;536846156646996404;753;568;428
2021-11-13T12:00:52.092;536846156666676136;772;592;421
2021-11-13T12:00:52.111;536846156686355868;752;617;392
2021-11-13T12:00:52.131;536846156706035600;662;623;380
2021-11-13T12:00:52.151;536846156725715332;593;620;361
2021-11-13T12:00:52.170;536846156745395064;561;636;315
2021-11-13T12:00:52.190;536846156765074796;547;662;316
2021-11-13T12:00:52.210;536846156784754528;626;555;291
2021-11-13T12:00:52.229;536846156804434260;574;413;333
2021-11-13T12:00:52.249;536846156824113992;484;373;325
2021-11-13T12:00:52.269;536846156843793724;445;406;324
2021-11-13T12:00:52.288;536846156863473456;476;477;276
2021-11-13T12:00:52.308;536846156883156113;506;458;252
2021-11-13T12:00:52.328;536846156902838758;559;389;240
2021-11-13T12:00:52.347;536846156922521403;606;371;231
2021-11-13T12:00:52.367;536846156942204048;640;373;214
2021-11-13T12:00:52.387;536846156961886693;732;356;205
2021-11-13T12:00:52.407;536846156981569338;758;304;192
2021-11-13T12:00:52.426;536846157001251983;766;281;192
2021-11-13T12:00:52.446;536846157020934628;826;264;224
2021-11-13T12:00:52.466;536846157040617273;859;272;247
2021-11-13T12:00:52.485;536846157060299918;847;301;263
2021-11-13T12:00:52.505;536846157079982563;880;332;302
2021-11-13T12:00:52.525;536846157099665208;874;385;322
2021-11-13T12:00:52.544;536846157119347853;786;465;346
2021-11-13T12:00:52.564;536846157139030498;766;532;397
2021-11-13T12:00:52.584;536846157158713143;837;553;430
2021-11-13T12:00:52.603;536846157178395788;791;583;414
2021-11-13T12:00:52.623;536846157198078433;812;610;347
2021-11-13T12:00:52.643;536846157217761078;858;641;272
2021-11-13T12:00:52.662;536846157237443723;879;625;242
2021-11-13T12:00:52.682;536846157257126368;900;594;222
2021-11-13T12:00:52.702;536846157276809013;970;514;210
2021-11-13T12:00:52.721;536846157296491658;990;470;194
2021-11-13T12:00:52.741;536846157316174303;968;465;169
2021-11-13T12:00:52.761;536846157335856948;920;463;162
2021-11-13T12:00:52.780;536846157355539593;934;480;148
2021-11-13T12:00:52.800;536846157375222238;917;477;151
2021-11-13T12:00:52.820;536846157394904883;913;468;166
2021-11-13T12:00:52.840;536846157414587528;895;476;193
2021-11-13T12:00:52.859;536846157434270173;888;480;218
2021-11-13T12:00:52.879;536846157453952818;874;487;229
2021-11-13T12:00:52.899;536846157473635463;824;505;232
2021-11-13T12:00:52.918;536846157493318108;809;518;246
2021-11-13T12:00:52.938;536846157513000753;832;507;251
2021-11-13T12:00:52.958;536846157532683398;838;508;251
2021-11-13T12:00:52.977;536846157552366043;846;493;244
2021-11-13T12:00:52.997;536846157572048688;846;486;239
2021-11-13T12:00:53.017;536846157591732817;854;481;234
2021-11-13T12:00:53.036;536846157611416918;858;464;233
2021-11-13T12:00:53.056;536846157631101019;845;450;230
2021-11-13T12:00:53.076;536846157650785120;869;440;230
2021-11-13T12:00:53.095;536846157670469221;883;437;231
2021-11-13T12:00:53.115;536846157690153322;849;449;237
2021-11-13T12:00:53.135;536846157709837423;832;458;248
2021-11-13T12:00:53.154;536846157729521524;840;468;255
2021-11-13T12:00:53.174;536846157749205625;851;476;269
2021-11-13T12:00:53.194;536846157768889726;843;456;288
2021-11-13T12:00:53.214;536846157788573827;867;453;296
2021-11-13T12:00:53.233;536846157808257928;810;454;306
2021-11-13T12:00:53.253;536846157827942029;787;445;304
2021-11-13T12:00:53.273;536846157847626130;778;439;304
2021-11-13T12:00:53.292;536846157867310231;820;435;289
2021-11-13T12:00:53.312;536846157886994332;864;461;289
2021-11-13T12:00:53.332;536846157906678433;882;452;295
2021-11-13T12:00:53.351;536846157926362534;882;446;286
2021-11-13T12:00:53.371;536846157946046635;858;452;261
2021-11-13T12:00:53.391;536846157965730736;820;448;250
2021-11-13T12:00:53.410;536846157985414837;788;437;247
2021-11-13T12:00:53.430;536846158005098938;782;427;237
2021-11-13T12:00:53.450;536846158024783039;806;416;227
2021-11-13T12:00:53.469;536846158044467140;859;438;225
2021-11-13T12:00:53.489;536846158064151241;885;481;233
2021-11-13T12:00:53.509;536846158083835342;889;499;242
2021-11-13T12:00:53.528;536846158103519443;890;509;247
2021-11-13T12:00:53.548;536846158123203544;896;497;243
2021-11-13T12:00:53.568;536846158142887645;906;485;234
2021-11-13T12:00:53.588;536846158162571746;904;485;224
2021-11-13T12:00:53.607;536846158182255847;898;503;221
2021-11-13T12:00:53.627;536846158201939948;917;529;224
2021-11-13T12:00:53.647;536846158221624049;903;543;225
2021-11-13T12:00:53.666;536846158241308150;907;519;226
2021-11-13T12:00:53.686;536846158260992251;909;487;218
2021-11-13T12:00:53.706;536846158280676352;910;471;212
2021-11-13T12:00:53.725;536846158300356104;888;471;218
2021-11-13T12:00:53.745;536846158320035836;881;484;232
2021-11-13T12:00:53.765;536846158339715568;869;479;251
2021-11-13T12:00:53.784;536846158359395300;870;456;269
2021-11-13T12:00:53.804;536846158379075032;836;444;272
2021-11-13T12:00:53.824;536846158398754764;806;442;266
2021-11-13T12:00:53.843;536846158418434496;804;447;257
2021-11-13T12:00:53.863;536846158438114228;775;451;261
2021-11-13T12:00:53.883;536846158457793960;799;417;268
2021-11-13T12:00:53.902;536846158477473692;808;396;265
2021-11-13T12:00:53.922;536846158497153424;796;409;261
2021-11-13T12:00:53.942;536846158516833156;821;429;257
2021-11-13T12:00:53.961;536846158536512888;860;467;263
2021-11-13T12:00:53.981;536846158556192620;885;474;283
2021-11-13T12:00:54.001;536846158575872352;911;470;292
2021-11-13T12:00:54.021;536846158595552084;945;483;268
2021-11-13T12:00:54.040;536846158615231816;958;493;249
2021-11-13T12:00:54.060;536846158634911548;971;507;247
2021-11-13T12:00:54.080;536846158654591280;971;523;244
2021-11-13T12:00:54.099;536846158674271012;964;518;236
2021-11-13T12:00:54.119;536846158693950744;948;498;221
2021-11-13T12:00:54.139;536846158713630476;934;505;211
2021-11-13T12:00:54.158;536846158733310208;899;506;208
2021-11-13T12:00:54.178;536846158752989940;885;493;219
2021-11-13T12:00:54.198;536846158772669672;868;487;221
2021-11-13T12:00:54.217;536846158792349404;836;483;225
2021-11-13T12:00:54.237;536846158812029136;819;479;227
2021-11-13T12:00:54.257;536846158831708868;805;477;229
2021-11-13T12:00:54.276;536846158851388600;793;474;228
2021-11-13T12:00:54.296;536846158871068332;800;463;229
2021-11-13T12:00:54.316;536846158890748064;802;446;234
2021-11-13T12:00:54.335;536846158910427796;824;452;240
2021-11-13T12:00:54.355;536846158930107528;843;473;248
2021-11-13T12:00:54.375;536846158949787260;860;485;260
2021-11-13T12:00:54.394;536846158969466992;881;494;271
2021-11-13T12:00:54.414;536846158989146724;905;510;276
2021-11-13T12:00:54.434;536846159008825012;964;532;289
2021-11-13T12:00:54.453;536846159028503288;1013;579;297
2021-11-13T12:00:54.473;536846159048181564;1118;618;304
2021-11-13T12:00:54.493;536846159067859840;1196;682;305
2021-11-13T12:00:54.512;536846159087538116;1211;732;294
2021-11-13T12:00:54.532;536846159107216392;1233;750;279
2021-11-13T12:00:54.552;536846159126894668;1248;760;268
2021-11-13T12:00:54.572;536846159146572944;1268;743;245
2021-11-13T12:00:54.591;536846159166251220;1266;704;229
2021-11-13T12:00:54.611;536846159185929496;1228;660;209
2021-11-13T12:00:54.631;536846159205607772;1170;609;187
2021-11-13T12:00:54.650;536846159225286048;1071;544;173
2021-11-13T12:00:54.670;536846159244964324;1002;487;164
2021-11-13T12:00:54.690;536846159264642600;945;454;169
2021-11-13T12:00:54.709;536846159284320876;921;435;165
2021-11-13T12:00:54.729;536846159303999152;862;432;144
2021-11-13T12:00:54.749;536846159323677428;861;437;140
2021-11-13T12:00:54.768;536846159343355704;844;468;112
2021-11-13T12:00:54.788;536846159363033980;789;532;91
2021-11-13T12:00:54.808;536846159382712256;694;355;209
2021-11-13T12:00:54.827;536846159402390532;754;358;165
2021-11-13T12:00:54.847;536846159422068808;803;238;181
2021-11-13T12:00:54.867;536846159441747084;883;155;182
2021-11-13T12:00:54.886;536846159461425360;891;200;182
2021-11-13T12:00:54.906;536846159481103636;847;216;180
2021-11-13T12:00:54.926;536846159500781912;781;193;196
2021-11-13T12:00:54.945;536846159520460188;717;194;177
2021-11-13T12:00:54.965;536846159540138464;758;188;146
2021-11-13T12:00:54.985;536846159559816740;770;196;72
2021-11-13T12:00:55.004;536846159579495016;766;227;13
2021-11-13T12:00:55.024;536846159599173292;757;257;22
2021-11-13T12:00:55.044;536846159618851568;765;252;55
2021-11-13T12:00:55.063;536846159638529844;806;235;81
2021-11-13T12:00:55.083;536846159658208120;873;172;102
2021-11-13T12:00:55.103;536846159677886396;819;166;129
2021-11-13T12:00:55.123;536846159697564672;877;162;122
2021-11-13T12:00:55.142;536846159717240055;816;143;64
2021-11-13T12:00:55.162;536846159736915418;755;163;11
2021-11-13T12:00:55.182;536846159756590781;732;121;12
2021-11-13T12:00:55.201;536846159776266144;755;187;3
2021-11-13T12:00:55.221;536846159795941507;775;215;-38
2021-11-13T12:00:55.241;536846159815616870;772;189;-82
2021-11-13T12:00:55.260;536846159835292233;746;187;-116
2021-11-13T12:00:55.280;536846159854967596;703;203;-140
2021-11-13T12:00:55.300;536846159874642959;635;255;-187
2021-11-13T12:00:55.319;536846159894318322;740;324;-189
2021-11-13T12:00:55.339;536846159913993685;833;376;-205
2021-11-13T12:00:55.359;536846159933669048;899;394;-238
2021-11-13T12:00:55.378;536846159953344411;997;382;-247
2021-11-13T12:00:55.398;536846159973019774;1078;382;-247
2021-11-13T12:00:55.418;536846159992695137;1025;387;-251
2021-11-13T12:00:55.437;536846160012370500;952;373;-210
2021-11-13T12:00:55.457;536846160032045863;954;292;-150
2021-11-13T12:00:55.477;536846160051721226;907;233;-123
2021-11-13T12:00:55.496;536846160071396589;851;238;-154
2021-11-13T12:00:55.516;536846160091071952;752;303;-182
2021-11-13T12:00:55.536;536846160110747315;710;368;-179
2021-11-13T12:00:55.555;536846160130422678;751;297;-151
2021-11-13T12:00:55.575;536846160150098041;809;301;-141
2021-11-13T12:00:55.595;536846160169773404;868;484;-176
2021-11-13T12:00:55.614;536846160189448767;882;617;-195
2021-11-13T12:00:55.634;536846160209124130;898;581;-142
2021-11-13T12:00:55.654;536846160228799493;955;416;-105
2021-11-13T12:00:55.673;536846160248474856;902;392;-123
2021-11-13T12:00:55.693;536846160268150219;851;427;-182
2021-11-13T12:00:55.713;536846160287825582;775;433;-172
2021-11-13T12:00:55.732;536846160307500945;822;379;-122
2021-11-13T12:00:55.752;536846160327176308;905;301;-119
2021-11-13T12:00:55.772;536846160346851671;949;296;-130
2021-11-13T12:00:55.791;536846160366527034;974;354;-164
2021-11-13T12:00:55.811;536846160386202397;989;384;-189
2021-11-13T12:00:55.831;536846160405877760;996;383;-188
2021-11-13T12:00:55.851;536846160425556044;996;360;-177
2021-11-13T12:00:55.870;536846160445234320;995;353;-181
2021-11-13T12:00:55.890;536846160464912596;985;368;-209
2021-11-13T12:00:55.910;536846160484590872;943;361;-205
2021-11-13T12:00:55.929;536846160504269148;918;304;-201
2021-11-13T12:00:55.949;536846160523947424;924;299;-208
2021-11-13T12:00:55.969;536846160543625700;926;316;-230
2021-11-13T12:00:55.988;536846160563303976;900;350;-226
2021-11-13T12:00:56.008;536846160582982252;855;316;-148
2021-11-13T12:00:56.028;536846160602660528;874;239;-84
2021-11-13T12:00:56.047;536846160622338804;891;275;-100
2021-11-13T12:00:56.067;536846160642017080;886;362;-134
2021-11-13T12:00:56.087;536846160661695356;880;415;-115
2021-11-13T12:00:56.106;536846160681373632;870;409;-42
2021-11-13T12:00:56.126;536846160701051908;887;356;15
2021-11-13T12:00:56.146;536846160720730184;914;360;3
2021-11-13T12:00:56.165;536846160740408460;924;416;-40
2021-11-13T12:00:56.185;536846160760086736;915;457;-51
2021-11-13T12:00:56.205;536846160779765012;920;432;-3
2021-11-13T12:00:56.224;536846160799443288;938;361;41
2021-11-13T12:00:56.244;536846160819121564;965;320;39
2021-11-13T12:00:56.264;536846160838799840;974;352;4
2021-11-13T12:00:56.283;536846160858478116;978;395;-25
2021-11-13T12:00:56.303;536846160878156392;961;391;-13
2021-11-13T12:00:56.323;536846160897834668;970;341;5
2021-11-13T12:00:56.342;536846160917512944;997;292;5
2021-11-13T12:00:56.362;536846160937191220;998;305;-27
2021-11-13T12:00:56.382;536846160956869496;991;371;-53
2021-11-13T12:00:56.401;536846160976547772;983;406;-56
2021-11-13T12:00:56.421;536846160996226048;966;393;-34
2021-11-13T12:00:56.441;536846161015904324;938;359;-7
2021-11-13T12:00:56.461;536846161035582600;919;329;7
2021-11-13T12:00:56.480;536846161055260876;891;345;14
2021-11-13T12:00:56.500;536846161074939152;882;368;23
2021-11-13T12:00:56.520;536846161094617428;885;377;34
2021-11-13T12:00:56.539;536846161114295704;911;372;45
2021-11-13T12:00:56.559;536846161133975456;960;342;50
2021-11-13T12:00:56.579;536846161153655188;992;319;39
2021-11-13T12:00:56.598;536846161173334920;986;335;35
2021-11-13T12:00:56.618;536846161193014652;973;371;35
2021-11-13T12:00:56.638;536846161212694384;968;368;42
2021-11-13T12:00:56.657;536846161232374116;970;351;42
2021-11-13T12:00:56.677;536846161252053848;958;339;50
2021-11-13T12:00:56.697;536846161271733580;953;352;76
2021-11-13T12:00:56.716;536846161291413312;955;374;93
2021-11-13T12:00:56.736;536846161311093044;951;366;95
2021-11-13T12:00:56.756;536846161330772776;959;330;96
2021-11-13T12:00:56.775;536846161350452508;955;310;82
2021-11-13T12:00:56.795;536846161370132240;945;294;85
2021-11-13T12:00:56.815;536846161389811972;944;300;93
2021-11-13T12:00:56.834;536846161409491704;951;317;105
2021-11-13T12:00:56.854;536846161429171436;974;318;114
2021-11-13T12:00:56.874;536846161448851168;993;329;115
2021-11-13T12:00:56.893;536846161468530900;987;341;120
2021-11-13T12:00:56.913;536846161488210632;981;358;118
2021-11-13T12:00:56.933;536846161507890364;960;370;134
2021-11-13T12:00:56.953;536846161527570096;947;372;154
2021-11-13T12:00:56.972;536846161547249828;933;371;162
2021-11-13T12:00:56.992;536846161566929560;915;372;162
2021-11-13T12:00:57.012;536846161586609292;902;349;176
2021-11-13T12:00:57.031;536846161606289024;890;336;182
2021-11-13T12:00:57.051;536846161625968756;889;313;201
2021-11-13T12:00:57.071;536846161645648488;877;291;208
2021-11-13T12:00:57.090;536846161665328220;890;276;224
2021-11-13T12:00:57.110;536846161685007952;916;299;239
2021-11-13T12:00:57.130;536846161704687684;928;308;257
2021-11-13T12:00:57.149;536846161724367416;928;326;282
2021-11-13T12:00:57.169;536846161744047148;958;351;298
2021-11-13T12:00:57.189;536846161763726880;942;370;299
2021-11-13T12:00:57.208;536846161783406612;964;386;269
2021-11-13T12:00:57.228;536846161803086344;961;388;242
2021-11-13T12:00:57.248;536846161822766076;986;395;229
2021-11-13T12:00:57.267;536846161842445832;988;398;217
2021-11-13T12:00:57.287;536846161862125564;993;385;218
2021-11-13T12:00:57.307;536846161881805296;987;375;222
2021-11-13T12:00:57.326;536846161901485028;954;374;237
2021-11-13T12:00:57.346;536846161921164760;939;383;266
2021-11-13T12:00:57.366;536846161940844492;909;387;294
2021-11-13T12:00:57.385;536846161960524224;889;375;334
2021-11-13T12:00:57.405;536846161980203956;899;359;363
2021-11-13T12:00:57.425;536846161999883688;875;329;368
2021-11-13T12:00:57.445;536846162019563420;837;291;356
2021-11-13T12:00:57.464;536846162039243152;816;260;346
2021-11-13T12:00:57.484;536846162058922884;819;244;326
2021-11-13T12:00:57.504;536846162078602616;808;230;311
2021-11-13T12:00:57.523;536846162098282348;816;215;311
2021-11-13T12:00:57.543;536846162117962080;792;205;310
2021-11-13T12:00:57.563;536846162137641812;804;223;318
2021-11-13T12:00:57.582;536846162157321544;797;235;328
2021-11-13T12:00:57.602;536846162177001276;838;257;346
2021-11-13T12:00:57.622;536846162196681008;881;274;362
2021-11-13T12:00:57.641;536846162216360740;895;282;370
2021-11-13T12:00:57.661;536846162236040472;937;303;381
2021-11-13T12:00:57.681;536846162255720204;953;344;385
2021-11-13T12:00:57.700;536846162275399936;978;366;388
2021-11-13T12:00:57.720;536846162295079668;992;377;401
2021-11-13T12:00:57.740;536846162314759400;993;382;405
2021-11-13T12:00:57.759;536846162334439132;996;376;393
2021-11-13T12:00:57.779;536846162354118864;1004;363;377
2021-11-13T12:00:57.799;536846162373798596;1000;358;362
2021-11-13T12:00:57.818;536846162393478328;992;345;349
2021-11-13T12:00:57.838;536846162413158060;967;308;341
2021-11-13T12:00:57.858;536846162432837792;940;290;343
2021-11-13T12:00:57.877;536846162452517524;905;289;355
2021-11-13T12:00:57.897;536846162472197256;886;297;360
2021-11-13T12:00:57.917;536846162491876988;871;305;357
2021-11-13T12:00:57.937;536846162511556720;861;300;344
2021-11-13T12:00:57.956;536846162531236452;838;300;322
2021-11-13T12:00:57.976;536846162550908934;864;296;301
2021-11-13T12:00:57.996;536846162570581384;882;291;282
2021-11-13T12:00:58.015;536846162590253834;899;286;277
2021-11-13T12:00:58.035;536846162609926284;925;296;286
2021-11-13T12:00:58.055;536846162629598734;904;310;307
2021-11-13T12:00:58.074;536846162649271184;895;324;339
2021-11-13T12:00:58.094;536846162668943634;892;336;366
2021-11-13T12:00:58.114;536846162688616084;885;337;370
2021-11-13T12:00:58.133;536846162708288534;884;349;380
2021-11-13T12:00:58.153;536846162727960984;876;332;375
2021-11-13T12:00:58.173;536846162747633434;878;320;363
2021-11-13T12:00:58.192;536846162767305884;857;315;356
2021-11-13T12:00:58.212;536846162786978334;856;304;354
2021-11-13T12:00:58.232;536846162806650784;829;291;362
2021-11-13T12:00:58.251;536846162826323234;859;283;377
2021-11-13T12:00:58.271;536846162845995684;856;277;387
2021-11-13T12:00:58.291;536846162865668134;884;268;395
2021-11-13T12:00:58.310;536846162885340584;895;273;392
2021-11-13T12:00:58.330;536846162905013034;913;286;400
2021-11-13T12:00:58.350;536846162924685484;917;314;393
2021-11-13T12:00:58.369;536846162944357934;910;329;383
2021-11-13T12:00:58.389;536846162964030384;947;346;372
2021-11-13T12:00:58.409;536846162983702834;929;342;358
2021-11-13T12:00:58.428;536846163003375284;958;351;340
2021-11-13T12:00:58.448;536846163023047734;941;342;333
2021-11-13T12:00:58.468;536846163042720184;946;341;333
2021-11-13T12:00:58.487;536846163062392634;928;352;352
2021-11-13T12:00:58.507;536846163082065084;894;362;361
2021-11-13T12:00:58.527;536846163101737534;912;370;365
2021-11-13T12:00:58.546;536846163121409984;897;346;373
2021-11-13T12:00:58.566;536846163141082434;926;310;380
2021-11-13T12:00:58.586;536846163160754884;922;289;391
2021-11-13T12:00:58.605;536846163180427334;899;284;394
2021-11-13T12:00:58.625;536846163200099784;891;260;410
2021-11-13T12:00:58.645;536846163219772234;880;236;412
2021-11-13T12:00:58.664;536846163239444684;853;239;384
2021-11-13T12:00:58.684;536846163259124436;820;239;387
2021-11-13T12:00:58.704;536846163278804168;793;271;367
2021-11-13T12:00:58.723;536846163298483900;765;337;342
2021-11-13T12:00:58.743;536846163318163632;786;386;325
2021-11-13T12:00:58.763;536846163337843364;803;395;285
2021-11-13T12:00:58.782;536846163357523096;836;384;259
2021-11-13T12:00:58.802;536846163377202828;880;393;247
2021-11-13T12:00:58.822;536846163396882560;876;387;236
2021-11-13T12:00:58.842;536846163416562292;959;340;240
2021-11-13T12:00:58.861;536846163436242024;1017;228;309
2021-11-13T12:00:58.881;536846163455921756;1161;102;429
2021-11-13T12:00:58.901;536846163475601488;1241;-10;586
2021-11-13T12:00:58.920;536846163495281220;1250;-30;760
2021-11-13T12:00:58.940;536846163514960952;1291;156;851
2021-11-13T12:00:58.960;536846163534640684;1328;480;853
2021-11-13T12:00:58.979;536846163554320416;1342;642;825
2021-11-13T12:00:58.999;536846163574000148;1197;707;796
2021-11-13T12:00:59.019;536846163593679880;1051;726;760
2021-11-13T12:00:59.038;536846163613359612;921;772;674
2021-11-13T12:00:59.058;536846163633039344;809;763;554
2021-11-13T12:00:59.078;536846163652719076;634;677;554
2021-11-13T12:00:59.097;536846163672398808;714;582;616
2021-11-13T12:00:59.117;536846163692078540;450;413;618
2021-11-13T12:00:59.137;536846163711758272;515;454;386
2021-11-13T12:00:59.156;536846163731438004;478;185;306
2021-11-13T12:00:59.176;536846163751117736;731;3;281
2021-11-13T12:00:59.196;536846163770797468;846;84;208
2021-11-13T12:00:59.215;536846163790477200;835;174;226
2021-11-13T12:00:59.235;536846163810156932;791;248;261
2021-11-13T12:00:59.255;536846163829836664;797;185;255
2021-11-13T12:00:59.274;536846163849516396;718;264;250
2021-11-13T12:00:59.294;536846163869196128;559;309;314
2021-11-13T12:00:59.314;536846163888875860;484;303;369
2021-11-13T12:00:59.334;536846163908555592;502;300;387
2021-11-13T12:00:59.353;536846163928235324;540;349;381
2021-11-13T12:00:59.373;536846163947915056;583;351;409
2021-11-13T12:00:59.393;536846163967594812;588;358;444
2021-11-13T12:00:59.412;536846163987274544;617;368;483
2021-11-13T12:00:59.432;536846164006954276;633;337;514
2021-11-13T12:00:59.452;536846164026634008;677;353;540
2021-11-13T12:00:59.471;536846164046313740;683;382;570
2021-11-13T12:00:59.491;536846164065993472;682;425;588
2021-11-13T12:00:59.511;536846164085673204;734;447;582
2021-11-13T12:00:59.530;536846164105352936;769;445;581
2021-11-13T12:00:59.550;536846164125032668;821;425;584
2021-11-13T12:00:59.570;536846164144712400;812;420;602
2021-11-13T12:00:59.589;536846164164392132;826;454;609
2021-11-13T12:00:59.609;536846164184071864;796;478;604
2021-11-13T12:00:59.629;536846164203751596;786;458;576
2021-11-13T12:00:59.648;536846164223431328;778;437;539
2021-11-13T12:00:59.668;536846164243111060;770;442;513
2021-11-13T12:00:59.688;536846164262790792;767;468;489
2021-11-13T12:00:59.707;536846164282470524;770;450;471
2021-11-13T12:00:59.727;536846164302150256;759;454;460
2021-11-13T12:00:59.747;536846164321829988;763;485;434
2021-11-13T12:00:59.766;536846164341509720;759;507;416
2021-11-13T12:00:59.786;536846164361189452;779;491;377
2021-11-13T12:00:59.806;536846164380869184;776;481;366
2021-11-13T12:00:59.826;536846164400548916;775;420;374
2021-11-13T12:00:59.845;536846164420228648;762;381;399
2021-11-13T12:00:59.865;536846164439908380;758;390;409
2021-11-13T12:00:59.885;536846164459588112;746;424;443
2021-11-13T12:00:59.904;536846164479267844;732;472;452
2021-11-13T12:00:59.924;536846164498947576;736;484;457
2021-11-13T12:00:59.944;536846164518627308;817;438;471
2021-11-13T12:00:59.963;536846164538307040;895;428;488
2021-11-13T12:00:59.983;536846164557986772;934;478;475
2021-11-13T12:01:00.003;536846164577666504;896;483;446
2021-11-13T12:01:00.022;536846164597346236;854;464;412
2021-11-13T12:01:00.042;536846164617025968;793;437;402
2021-11-13T12:01:00.062;536846164636705700;734;471;359
2021-11-13T12:01:00.081;536846164656385432;700;512;235
2021-11-13T12:01:00.101;536846164676072462;753;515;109
2021-11-13T12:01:00.121;536846164695759476;794;399;55
2021-11-13T12:01:00.140;536846164715446490;795;252;53
2021-11-13T12:01:00.160;536846164735133504;719;209;60
2021-11-13T12:01:00.180;536846164754820518;657;239;65
2021-11-13T12:01:00.199;536846164774507532;718;269;54
2021-11-13T12:01:00.219;536846164794194546;754;238;80
2021-11-13T12:01:00.239;536846164813881560;726;193;133
2021-11-13T12:01:00.259;536846164833568574;669;167;176
2021-11-13T12:01:00.278;536846164853255588;747;267;231
2021-11-13T12:01:00.298;536846164872942602;770;460;230
2021-11-13T12:01:00.318;536846164892629616;892;603;234
2021-11-13T12:01:00.337;536846164912316630;1060;697;191
2021-11-13T12:01:00.357;536846164932003644;1125;667;137
2021-11-13T12:01:00.377;536846164951690658;1119;604;121
2021-11-13T12:01:00.396;536846164971377672;1079;560;132
2021-11-13T12:01:00.416;536846164991064686;978;551;186
2021-11-13T12:01:00.436;536846165010751700;902;533;189
2021-11-13T12:01:00.455;536846165030438714;787;518;147
2021-11-13T12:01:00.475;536846165050125728;760;488;98
2021-11-13T12:01:00.495;536846165069812742;782;484;60
2021-11-13T12:01:00.514;536846165089499756;899;496;38
2021-11-13T12:01:00.534;536846165109186770;994;518;8
2021-11-13T12:01:00.554;536846165128873784;961;505;-31
2021-11-13T12:01:00.574;536846165148560798;919;490;-5
2021-11-13T12:01:00.593;536846165168247812;902;485;4
2021-11-13T12:01:00.613;536846165187934826;919;474;-2
2021-11-13T12:01:00.633;536846165207621840;958;485;-26
2021-11-13T12:01:00.652;536846165227308854;1028;485;-35
2021-11-13T12:01:00.672;536846165246995868;999;491;-47
2021-11-13T12:01:00.692;536846165266682882;944;490;-78
2021-11-13T12:01:00.711;536846165286369896;890;486;-114
2021-11-13T12:01:00.731;536846165306056910;871;489;-125
2021-11-13T12:01:00.751;536846165325743924;894;474;-119
2021-11-13T12:01:00.770;536846165345430938;956;468;-132
2021-11-13T12:01:00.790;536846165365117952;917;505;-159
2021-11-13T12:01:00.810;536846165384797704;840;538;-176
2021-11-13T12:01:00.829;536846165404477436;776;510;-193
2021-11-13T12:01:00.849;536846165424157168;787;461;-214
2021-11-13T12:01:00.869;536846165443836900;792;429;-232
2021-11-13T12:01:00.888;536846165463516632;793;406;-254
2021-11-13T12:01:00.908;536846165483196364;719;421;-271
2021-11-13T12:01:00.928;536846165502876096;583;426;-263
2021-11-13T12:01:00.948;536846165522555828;522;387;-241
2021-11-13T12:01:00.967;536846165542235560;525;364;-218
2021-11-13T12:01:00.987;536846165561915292;501;305;-199
2021-11-13T12:01:01.007;536846165581595024;489;288;-177
2021-11-13T12:01:01.026;536846165601274756;523;292;-194
2021-11-13T12:01:01.046;536846165620954488;596;323;-189
2021-11-13T12:01:01.066;536846165640634220;624;368;-157
2021-11-13T12:01:01.085;536846165660313952;651;391;-137
2021-11-13T12:01:01.105;536846165679993684;739;427;-133
2021-11-13T12:01:01.125;536846165699673416;761;463;-166
2021-11-13T12:01:01.144;536846165719353148;848;476;-193
2021-11-13T12:01:01.164;536846165739032880;877;482;-228
2021-11-13T12:01:01.184;536846165758712612;876;489;-242
2021-11-13T12:01:01.203;536846165778392344;875;491;-254
2021-11-13T12:01:01.223;536846165798072076;879;509;-272
2021-11-13T12:01:01.243;536846165817751808;884;539;-302
2021-11-13T12:01:01.262;536846165837431540;841;578;-316
2021-11-13T12:01:01.282;536846165857111272;768;557;-303
2021-11-13T12:01:01.302;536846165876791004;739;562;-305
2021-11-13T12:01:01.321;536846165896470736;717;598;-309
2021-11-13T12:01:01.341;536846165916150468;697;560;-333
2021-11-13T12:01:01.361;536846165935830200;718;526;-378
2021-11-13T12:01:01.380;536846165955509932;707;505;-359
2021-11-13T12:01:01.400;536846165975189664;666;534;-355
2021-11-13T12:01:01.420;536846165994869396;599;573;-357
2021-11-13T12:01:01.440;536846166014549128;542;566;-333
2021-11-13T12:01:01.459;536846166034228860;582;519;-335
2021-11-13T12:01:01.479;536846166053908592;624;485;-360
2021-11-13T12:01:01.499;536846166073588324;691;491;-403
2021-11-13T12:01:01.518;536846166093268080;659;554;-429
2021-11-13T12:01:01.538;536846166112947812;630;607;-400
2021-11-13T12:01:01.558;536846166132627544;675;593;-369
2021-11-13T12:01:01.577;536846166152307276;661;595;-362
2021-11-13T12:01:01.597;536846166171987008;602;624;-401
2021-11-13T12:01:01.617;536846166191666740;629;656;-461
2021-11-13T12:01:01.636;536846166211346472;696;618;-468
2021-11-13T12:01:01.656;536846166231026204;749;585;-447
2021-11-13T12:01:01.676;536846166250705936;701;636;-423
2021-11-13T12:01:01.695;536846166270385668;610;714;-439
2021-11-13T12:01:01.715;536846166290065400;569;753;-481
2021-11-13T12:01:01.735;536846166309745132;565;730;-480
2021-11-13T12:01:01.754;536846166329424864;622;656;-478
2021-11-13T12:01:01.774;536846166349104596;672;652;-493
2021-11-13T12:01:01.794;536846166368784328;608;688;-496
2021-11-13T12:01:01.813;536846166388464060;522;710;-467
2021-11-13T12:01:01.833;536846166408143792;536;735;-420
2021-11-13T12:01:01.853;536846166427823524;628;745;-388
2021-11-13T12:01:01.872;536846166447503256;602;690;-325
2021-11-13T12:01:01.892;536846166467182988;466;709;-339
2021-11-13T12:01:01.912;536846166486862720;406;825;-390
2021-11-13T12:01:01.931;536846166506542452;486;898;-460
2021-11-13T12:01:01.951;536846166526222184;558;852;-471
2021-11-13T12:01:01.971;536846166545901916;509;796;-457
2021-11-13T12:01:01.991;536846166565581648;419;829;-472
2021-11-13T12:01:02.010;536846166585261380;382;860;-495
2021-11-13T12:01:02.030;536846166604941112;394;818;-540
2021-11-13T12:01:02.050;536846166624620844;421;780;-587
2021-11-13T12:01:02.069;536846166644300576;411;751;-569
2021-11-13T12:01:02.089;536846166663980308;368;748;-599
2021-11-13T12:01:02.109;536846166683660040;376;706;-606
2021-11-13T12:01:02.128;536846166703339772;450;735;-628
2021-11-13T12:01:02.148;536846166723019504;458;746;-618
2021-11-13T12:01:02.168;536846166742699236;351;728;-577
2021-11-13T12:01:02.187;536846166762378968;273;731;-574
2021-11-13T12:01:02.207;536846166782058700;293;732;-584
