Phone timestamp;sensor timestamp [ns];X [mg];Y [mg];Z [mg]
2021-11-13T11:46:47.071;536845208902525761;48;801;2
2021-11-13T11:46:47.090;536845208922284136;153;867;-96
2021-11-13T11:46:47.110;536845208942042511;168;825;-42
2021-11-13T11:46:47.130;536845208961800886;198;819;14
2021-11-13T11:46:47.150;536845208981559261;181;872;88
2021-11-13T11:46:47.169;536845209001317636;137;927;157
2021-11-13T11:46:47.189;536845209021076011;71;918;220
2021-11-13T11:46:47.209;536845209040834386;24;889;305
2021-11-13T11:46:47.229;536845209060592761;100;883;315
2021-11-13T11:46:47.248;536845209080351136;155;867;232
2021-11-13T11:46:47.268;536845209100109511;139;869;271
2021-11-13T11:46:47.288;536845209119867886;100;870;358
2021-11-13T11:46:47.308;536845209139626261;84;928;253
2021-11-13T11:46:47.327;536845209159384636;141;972;225
2021-11-13T11:46:47.347;536845209179143011;177;959;241
2021-11-13T11:46:47.367;536845209198901386;167;890;184
2021-11-13T11:46:47.387;536845209218659761;166;935;134
2021-11-13T11:46:47.406;536845209238418136;184;937;206
2021-11-13T11:46:47.426;536845209258176511;183;930;167
2021-11-13T11:46:47.446;536845209277934886;146;972;156
2021-11-13T11:46:47.466;536845209297693261;112;941;224
2021-11-13T11:46:47.485;536845209317451636;147;924;196
2021-11-13T11:46:47.505;536845209337210011;151;938;167
2021-11-13T11:46:47.525;536845209356968386;191;950;141
2021-11-13T11:46:47.545;536845209376726761;144;943;226
2021-11-13T11:46:47.564;536845209396485136;98;902;287
2021-11-13T11:46:47.584;536845209416243511;124;925;213
2021-11-13T11:46:47.604;536845209436001886;145;961;125
2021-11-13T11:46:47.624;536845209455760261;207;951;92
2021-11-13T11:46:47.643;536845209475518636;142;899;166
2021-11-13T11:46:47.663;536845209495277011;169;881;227
2021-11-13T11:46:47.683;536845209515035386;137;897;220
2021-11-13T11:46:47.703;536845209534793761;94;909;116
2021-11-13T11:46:47.723;536845209554552136;108;904;83
2021-11-13T11:46:47.742;536845209574310511;126;846;106
2021-11-13T11:46:47.762;536845209594068886;137;808;153
2021-11-13T11:46:47.782;536845209613827293;147;774;150
2021-11-13T11:46:47.802;536845209633585668;163;775;72
2021-11-13T11:46:47.821;536845209653344043;127;747;17
2021-11-13T11:46:47.841;536845209673102418;124;746;33
2021-11-13T11:46:47.861;536845209692860793;141;725;-28
2021-11-13T11:46:47.881;536845209712619168;97;796;-89
2021-11-13T11:46:47.900;536845209732377543;29;749;-15
2021-11-13T11:46:47.920;536845209752135918;107;728;119
2021-11-13T11:46:47.940;536845209771894293;151;693;120
2021-11-13T11:46:47.960;536845209791652668;197;729;-11
2021-11-13T11:46:47.979;536845209811411043;99;900;-54
2021-11-13T11:46:47.999;536845209831169418;133;990;-23
2021-11-13T11:46:48.019;536845209850927793;133;1023;20
2021-11-13T11:46:48.039;536845209870686168;159;1010;17
2021-11-13T11:46:48.058;536845209890444543;168;974;33
2021-11-13T11:46:48.078;536845209910202918;138;976;86
2021-11-13T11:46:48.098;536845209929961293;277;1045;-111
2021-11-13T11:46:48.118;536845209949719668;159;1064;-191
2021-11-13T11:46:48.137;536845209969478043;119;940;-14
2021-11-13T11:46:48.157;536845209989236418;132;944;89
2021-11-13T11:46:48.177;536845210008994793;170;967;55
2021-11-13T11:46:48.197;536845210028753168;103;953;3
2021-11-13T11:46:48.216;536845210048511543;89;989;-120
2021-11-13T11:46:48.236;536845210068269918;194;954;-125
2021-11-13T11:46:48.256;536845210088028293;207;1008;-42
2021-11-13T11:46:48.276;536845210107786668;126;783;-267
2021-11-13T11:46:48.296;536845210127545043;166;1109;81
2021-11-13T11:46:48.315;536845210147303418;103;846;-200
2021-11-13T11:46:48.335;536845210167061793;142;1114;-37
2021-11-13T11:46:48.355;536845210186820168;130;842;-207
2021-11-13T11:46:48.375;536845210206578543;199;973;-8
2021-11-13T11:46:48.394;536845210226336918;233;973;-111
2021-11-13T11:46:48.414;536845210246095293;177;1031;-74
2021-11-13T11:46:48.434;536845210265853668;135;1026;-109
2021-11-13T11:46:48.454;536845210285612043;186;1023;-78
2021-11-13T11:46:48.473;536845210305370418;239;1010;-132
2021-11-13T11:46:48.493;536845210325121545;212;1002;-115
2021-11-13T11:46:48.513;536845210344872638;223;1093;-124
2021-11-13T11:46:48.533;536845210364623731;184;1116;-82
2021-11-13T11:46:48.552;536845210384374824;164;1103;-105
2021-11-13T11:46:48.572;536845210404125917;186;1099;75
2021-11-13T11:46:48.592;536845210423877010;214;1008;-190
2021-11-13T11:46:48.612;536845210443628103;229;1175;-58
2021-11-13T11:46:48.631;536845210463379196;184;1020;-209
2021-11-13T11:46:48.651;536845210483130289;179;1042;-12
2021-11-13T11:46:48.671;536845210502881382;218;1034;-174
2021-11-13T11:46:48.691;536845210522632475;213;1017;-98
2021-11-13T11:46:48.710;536845210542383568;166;1019;-122
2021-11-13T11:46:48.730;536845210562134661;195;1098;-73
2021-11-13T11:46:48.750;536845210581885754;191;1061;-143
2021-11-13T11:46:48.770;536845210601636847;151;1011;-92
2021-11-13T11:46:48.789;536845210621387940;178;1035;-136
2021-11-13T11:46:48.809;536845210641139033;229;1093;-182
2021-11-13T11:46:48.829;536845210660890126;193;1104;-148
2021-11-13T11:46:48.849;536845210680641219;140;1128;-42
2021-11-13T11:46:48.868;536845210700392312;194;1052;-138
2021-11-13T11:46:48.888;536845210720143405;204;1077;-83
2021-11-13T11:46:48.908;536845210739894498;248;1089;-227
2021-11-13T11:46:48.928;536845210759645591;239;1069;-164
2021-11-13T11:46:48.947;536845210779396684;202;1062;-108
2021-11-13T11:46:48.967;536845210799147777;171;1024;-92
2021-11-13T11:46:48.987;536845210818898870;177;1012;-131
2021-11-13T11:46:49.007;536845210838649963;262;1098;-148
2021-11-13T11:46:49.026;536845210858401056;190;1025;-259
2021-11-13T11:46:49.046;536845210878152149;232;975;-207
2021-11-13T11:46:49.066;536845210897903242;77;918;-109
2021-11-13T11:46:49.086;536845210917654335;128;943;-36
2021-11-13T11:46:49.105;536845210937405428;206;945;-151
2021-11-13T11:46:49.125;536845210957156521;216;916;-148
2021-11-13T11:46:49.145;536845210976907614;233;964;-203
2021-11-13T11:46:49.165;536845210996658707;239;997;-233
2021-11-13T11:46:49.184;536845211016409800;183;986;-142
2021-11-13T11:46:49.204;536845211036163838;174;924;-176
2021-11-13T11:46:49.224;536845211055917844;254;1020;-148
2021-11-13T11:46:49.244;536845211075671850;442;1392;-31
2021-11-13T11:46:49.263;536845211095425856;185;1062;-341
2021-11-13T11:46:49.283;536845211115179862;56;978;-201
2021-11-13T11:46:49.303;536845211134933868;40;1011;-106
2021-11-13T11:46:49.323;536845211154687874;149;961;-53
2021-11-13T11:46:49.342;536845211174441880;234;1055;-201
2021-11-13T11:46:49.362;536845211194195886;280;1088;-166
2021-11-13T11:46:49.382;536845211213949892;262;1105;-217
2021-11-13T11:46:49.402;536845211233703898;251;1173;-250
2021-11-13T11:46:49.421;536845211253457904;291;1154;-308
2021-11-13T11:46:49.441;536845211273211910;367;1210;-294
2021-11-13T11:46:49.461;536845211292965916;201;1207;-125
2021-11-13T11:46:49.481;536845211312719922;160;1149;47
2021-11-13T11:46:49.500;536845211332473928;189;1105;-78
2021-11-13T11:46:49.520;536845211352227934;187;1125;-141
2021-11-13T11:46:49.540;536845211371981940;289;1259;-292
2021-11-13T11:46:49.560;536845211391735946;303;1142;-259
2021-11-13T11:46:49.579;536845211411489952;272;1185;-227
2021-11-13T11:46:49.599;536845211431243958;232;1191;-163
2021-11-13T11:46:49.619;536845211450997964;213;1066;-166
2021-11-13T11:46:49.639;536845211470751970;186;1109;-162
2021-11-13T11:46:49.658;536845211490505976;169;1116;-177
2021-11-13T11:46:49.678;536845211510259982;203;1136;-165
2021-11-13T11:46:49.698;536845211530013988;229;1070;-214
2021-11-13T11:46:49.718;536845211549767994;203;1062;-183
2021-11-13T11:46:49.737;536845211569522000;234;1039;-173
2021-11-13T11:46:49.757;536845211589276006;213;1019;-237
2021-11-13T11:46:49.777;536845211609030012;220;1082;-204
2021-11-13T11:46:49.797;536845211628784018;199;1002;-173
2021-11-13T11:46:49.817;536845211648538024;224;1028;-203
2021-11-13T11:46:49.836;536845211668292030;213;962;-228
2021-11-13T11:46:49.856;536845211688046036;202;1023;-183
2021-11-13T11:46:49.876;536845211707800042;132;969;-24
2021-11-13T11:46:49.896;536845211727554048;196;960;-146
2021-11-13T11:46:49.915;536845211747309544;61;883;4
2021-11-13T11:46:49.935;536845211767065006;304;1036;-38
2021-11-13T11:46:49.955;536845211786820468;105;810;-388
2021-11-13T11:46:49.975;536845211806575930;301;1149;-69
2021-11-13T11:46:49.994;536845211826331392;135;803;-377
2021-11-13T11:46:50.014;536845211846086854;233;1104;96
2021-11-13T11:46:50.034;536845211865842316;98;736;-212
2021-11-13T11:46:50.054;536845211885597778;187;962;120
2021-11-13T11:46:50.073;536845211905353240;147;785;-212
2021-11-13T11:46:50.093;536845211925108702;209;921;-55
2021-11-13T11:46:50.113;536845211944864164;224;846;-137
2021-11-13T11:46:50.133;536845211964619626;165;845;-94
2021-11-13T11:46:50.152;536845211984375088;103;868;12
2021-11-13T11:46:50.172;536845212004130550;257;705;-69
2021-11-13T11:46:50.192;536845212023886012;75;780;-82
2021-11-13T11:46:50.212;536845212043641474;127;821;-26
2021-11-13T11:46:50.231;536845212063396936;209;690;-151
2021-11-13T11:46:50.251;536845212083152398;173;763;-56
2021-11-13T11:46:50.271;536845212102907860;123;742;-26
2021-11-13T11:46:50.291;536845212122663322;107;734;24
2021-11-13T11:46:50.310;536845212142418784;20;720;40
2021-11-13T11:46:50.330;536845212162174246;72;728;78
2021-11-13T11:46:50.350;536845212181929708;176;694;35
2021-11-13T11:46:50.370;536845212201685170;162;760;14
2021-11-13T11:46:50.389;536845212221440632;195;804;18
2021-11-13T11:46:50.409;536845212241196094;96;848;42
2021-11-13T11:46:50.429;536845212260951556;85;898;95
2021-11-13T11:46:50.449;536845212280707018;114;825;164
2021-11-13T11:46:50.468;536845212300462480;52;852;374
2021-11-13T11:46:50.488;536845212320217942;87;868;274
2021-11-13T11:46:50.508;536845212339973404;163;973;200
2021-11-13T11:46:50.528;536845212359728866;75;990;286
2021-11-13T11:46:50.547;536845212379484328;-2;927;407
2021-11-13T11:46:50.567;536845212399239790;10;925;381
2021-11-13T11:46:50.587;536845212418995252;93;960;252
2021-11-13T11:46:50.607;536845212438750714;150;951;203
2021-11-13T11:46:50.626;536845212458506187;150;956;195
2021-11-13T11:46:50.646;536845212478261650;140;918;161
2021-11-13T11:46:50.666;536845212498017113;132;943;281
2021-11-13T11:46:50.686;536845212517772576;76;876;308
2021-11-13T11:46:50.706;536845212537528039;60;916;295
2021-11-13T11:46:50.725;536845212557283502;106;967;235
2021-11-13T11:46:50.745;536845212577038965;180;912;262
2021-11-13T11:46:50.765;536845212596794428;129;876;294
2021-11-13T11:46:50.785;536845212616549891;124;911;269
2021-11-13T11:46:50.804;536845212636305354;120;959;261
2021-11-13T11:46:50.824;536845212656060817;169;957;232
2021-11-13T11:46:50.844;536845212675816280;134;942;280
2021-11-13T11:46:50.864;536845212695571743;88;894;291
2021-11-13T11:46:50.883;536845212715327206;171;916;216
2021-11-13T11:46:50.903;536845212735082669;99;950;224
2021-11-13T11:46:50.923;536845212754838132;153;910;175
2021-11-13T11:46:50.943;536845212774593595;135;935;220
2021-11-13T11:46:50.962;536845212794349058;111;906;258
2021-11-13T11:46:50.982;536845212814104521;112;883;219
2021-11-13T11:46:51.002;536845212833859984;115;912;167
2021-11-13T11:46:51.022;536845212853615447;165;893;137
2021-11-13T11:46:51.041;536845212873370910;120;872;236
2021-11-13T11:46:51.061;536845212893126373;154;860;208
2021-11-13T11:46:51.081;536845212912881836;98;874;178
2021-11-13T11:46:51.101;536845212932637299;120;851;110
2021-11-13T11:46:51.120;536845212952392762;71;851;136
2021-11-13T11:46:51.140;536845212972148225;131;770;127
2021-11-13T11:46:51.160;536845212991903688;109;759;83
2021-11-13T11:46:51.180;536845213011659151;114;769;22
2021-11-13T11:46:51.199;536845213031414614;114;816;-31
2021-11-13T11:46:51.219;536845213051170077;82;812;35
2021-11-13T11:46:51.239;536845213070925540;99;830;23
2021-11-13T11:46:51.259;536845213090681003;112;828;-8
2021-11-13T11:46:51.278;536845213110436466;139;822;-21
2021-11-13T11:46:51.298;536845213130191929;96;841;88
2021-11-13T11:46:51.318;536845213149947392;171;913;37
2021-11-13T11:46:51.338;536845213169699956;217;969;-105
2021-11-13T11:46:51.357;536845213189452506;186;957;-41
2021-11-13T11:46:51.377;536845213209205056;127;876;31
2021-11-13T11:46:51.397;536845213228957606;137;965;59
2021-11-13T11:46:51.417;536845213248710156;153;931;-50
2021-11-13T11:46:51.436;536845213268462706;93;972;-113
2021-11-13T11:46:51.456;536845213288215256;64;950;-72
2021-11-13T11:46:51.476;536845213307967806;122;868;-104
2021-11-13T11:46:51.496;536845213327720356;171;877;-80
2021-11-13T11:46:51.515;536845213347472906;241;928;-86
2021-11-13T11:46:51.535;536845213367225456;183;966;-206
2021-11-13T11:46:51.555;536845213386978006;166;941;-121
2021-11-13T11:46:51.575;536845213406730556;34;955;10
2021-11-13T11:46:51.594;536845213426483106;130;953;27
2021-11-13T11:46:51.614;536845213446235656;243;966;-119
2021-11-13T11:46:51.634;536845213465988206;174;909;-210
2021-11-13T11:46:51.654;536845213485740756;137;982;-110
2021-11-13T11:46:51.673;536845213505493306;241;959;-195
2021-11-13T11:46:51.693;536845213525245856;267;980;-237
2021-11-13T11:46:51.713;536845213544998406;129;1054;-233
2021-11-13T11:46:51.733;536845213564750956;133;974;-26
2021-11-13T11:46:51.752;536845213584503506;163;954;-15
2021-11-13T11:46:51.772;536845213604256056;228;918;-139
2021-11-13T11:46:51.792;536845213624008606;272;972;-167
2021-11-13T11:46:51.812;536845213643761156;203;1029;-264
2021-11-13T11:46:51.831;536845213663513706;227;1072;-252
2021-11-13T11:46:51.851;536845213683266256;93;971;-157
2021-11-13T11:46:51.871;536845213703018806;126;1004;-100
2021-11-13T11:46:51.891;536845213722771356;212;978;-106
2021-11-13T11:46:51.910;536845213742523906;219;1018;-139
2021-11-13T11:46:51.930;536845213762276456;212;1046;-174
2021-11-13T11:46:51.950;536845213782029006;240;1090;-204
2021-11-13T11:46:51.970;536845213801781556;198;1069;-260
2021-11-13T11:46:51.990;536845213821534106;189;1087;-186
2021-11-13T11:46:52.009;536845213841286656;144;1050;-84
2021-11-13T11:46:52.029;536845213861039206;268;1091;-91
2021-11-13T11:46:52.049;536845213880791766;246;1107;-223
2021-11-13T11:46:52.069;536845213900544316;260;1106;-244
2021-11-13T11:46:52.088;536845213920296866;210;1161;-248
2021-11-13T11:46:52.108;536845213940049416;215;1116;-95
2021-11-13T11:46:52.128;536845213959801966;83;1016;-115
2021-11-13T11:46:52.148;536845213979554516;220;1100;-204
2021-11-13T11:46:52.167;536845213999307066;245;1090;-257
2021-11-13T11:46:52.187;536845214019059616;229;1006;-240
2021-11-13T11:46:52.207;536845214038812166;238;1032;-229
2021-11-13T11:46:52.227;536845214058564716;282;1018;-215
2021-11-13T11:46:52.246;536845214078317266;161;1001;-143
2021-11-13T11:46:52.266;536845214098069816;153;1001;-106
2021-11-13T11:46:52.286;536845214117822366;118;1021;-199
2021-11-13T11:46:52.306;536845214137574916;255;1075;-204
2021-11-13T11:46:52.325;536845214157327466;275;955;-249
2021-11-13T11:46:52.345;536845214177080016;227;986;-193
2021-11-13T11:46:52.365;536845214196832566;119;1027;-166
2021-11-13T11:46:52.385;536845214216585116;196;1081;-108
2021-11-13T11:46:52.404;536845214236337666;285;1076;-111
2021-11-13T11:46:52.424;536845214256090216;171;966;-179
2021-11-13T11:46:52.444;536845214275842766;224;1102;-122
2021-11-13T11:46:52.464;536845214295595316;229;1498;-162
2021-11-13T11:46:52.483;536845214315347866;59;872;-335
2021-11-13T11:46:52.503;536845214335100416;116;927;-155
2021-11-13T11:46:52.523;536845214354852966;132;865;-63
2021-11-13T11:46:52.543;536845214374605516;275;888;-97
2021-11-13T11:46:52.562;536845214394358066;218;889;-153
2021-11-13T11:46:52.582;536845214414110616;262;989;-280
2021-11-13T11:46:52.602;536845214433863166;192;1100;-202
2021-11-13T11:46:52.622;536845214453615716;194;875;-295
2021-11-13T11:46:52.641;536845214473368266;182;1015;-88
2021-11-13T11:46:52.661;536845214493120816;266;906;-167
2021-11-13T11:46:52.681;536845214512873366;169;1020;-63
2021-11-13T11:46:52.701;536845214532625916;92;935;-203
2021-11-13T11:46:52.720;536845214552378466;168;995;-107
2021-11-13T11:46:52.740;536845214572131016;196;939;-121
2021-11-13T11:46:52.760;536845214591886487;212;1041;-163
2021-11-13T11:46:52.780;536845214611641950;278;1063;-308
2021-11-13T11:46:52.799;536845214631397413;250;1133;-143
2021-11-13T11:46:52.819;536845214651152876;189;1058;-165
2021-11-13T11:46:52.839;536845214670908339;187;1154;-184
2021-11-13T11:46:52.859;536845214690663802;258;1155;-248
2021-11-13T11:46:52.878;536845214710419265;334;1192;-218
2021-11-13T11:46:52.898;536845214730174728;238;1220;-139
2021-11-13T11:46:52.918;536845214749930191;235;1126;-131
2021-11-13T11:46:52.938;536845214769685654;245;1092;-235
2021-11-13T11:46:52.957;536845214789441117;278;1230;-219
2021-11-13T11:46:52.977;536845214809196580;281;1206;-219
2021-11-13T11:46:52.997;536845214828952043;283;1218;-244
2021-11-13T11:46:53.017;536845214848707506;199;1160;-259
2021-11-13T11:46:53.036;536845214868462969;225;1160;-197
2021-11-13T11:46:53.056;536845214888218432;224;1131;-136
2021-11-13T11:46:53.076;536845214907973895;241;1110;-127
2021-11-13T11:46:53.096;536845214927729358;200;1063;-190
2021-11-13T11:46:53.115;536845214947484821;241;1132;-249
2021-11-13T11:46:53.135;536845214967240284;267;1078;-239
2021-11-13T11:46:53.155;536845214986995747;216;1065;-262
2021-11-13T11:46:53.175;536845215006751210;208;1078;-156
2021-11-13T11:46:53.194;536845215026506673;241;1045;-134
2021-11-13T11:46:53.214;536845215046262136;229;1019;-119
2021-11-13T11:46:53.234;536845215066017599;203;986;-205
2021-11-13T11:46:53.254;536845215085773062;190;1020;-272
2021-11-13T11:46:53.274;536845215105528525;194;982;-170
2021-11-13T11:46:53.293;536845215125283988;207;970;-161
2021-11-13T11:46:53.313;536845215145039451;161;937;-113
2021-11-13T11:46:53.333;536845215164794914;150;935;-116
2021-11-13T11:46:53.353;536845215184550377;213;926;-106
2021-11-13T11:46:53.372;536845215204305840;214;932;-126
2021-11-13T11:46:53.392;536845215224061303;198;917;-188
2021-11-13T11:46:53.412;536845215243816766;153;930;-173
2021-11-13T11:46:53.432;536845215263572229;136;943;-128
2021-11-13T11:46:53.451;536845215283327692;131;948;-32
2021-11-13T11:46:53.471;536845215303074450;205;920;-69
2021-11-13T11:46:53.491;536845215322821174;222;894;-107
2021-11-13T11:46:53.511;536845215342567898;250;891;-118
2021-11-13T11:46:53.530;536845215362314622;204;875;-113
2021-11-13T11:46:53.550;536845215382061346;177;929;-133
2021-11-13T11:46:53.570;536845215401808070;150;911;-170
2021-11-13T11:46:53.590;536845215421554794;143;877;-71
2021-11-13T11:46:53.609;536845215441301518;188;800;27
2021-11-13T11:46:53.629;536845215461048242;180;729;4
2021-11-13T11:46:53.649;536845215480794966;136;770;-54
2021-11-13T11:46:53.669;536845215500541690;170;772;-134
2021-11-13T11:46:53.688;536845215520288414;169;779;-97
2021-11-13T11:46:53.708;536845215540035138;127;783;-87
2021-11-13T11:46:53.728;536845215559781862;129;752;-34
2021-11-13T11:46:53.748;536845215579528586;117;694;-3
2021-11-13T11:46:53.767;536845215599275310;128;728;57
2021-11-13T11:46:53.787;536845215619022034;149;779;23
2021-11-13T11:46:53.807;536845215638768758;126;774;-11
2021-11-13T11:46:53.826;536845215658515482;93;754;-68
2021-11-13T11:46:53.846;536845215678262206;149;832;-50
2021-11-13T11:46:53.866;536845215698008930;175;831;-27
2021-11-13T11:46:53.886;536845215717755654;206;883;10
2021-11-13T11:46:53.905;536845215737502378;202;848;39
2021-11-13T11:46:53.925;536845215757249102;96;872;125
2021-11-13T11:46:53.945;536845215776995826;86;886;155
2021-11-13T11:46:53.965;536845215796742550;93;899;193
2021-11-13T11:46:53.984;536845215816489274;126;951;172
2021-11-13T11:46:54.004;536845215836235998;137;977;202
2021-11-13T11:46:54.024;536845215855982722;45;972;262
2021-11-13T11:46:54.044;536845215875729446;-10;869;411
2021-11-13T11:46:54.063;536845215895476170;-9;959;355
2021-11-13T11:46:54.083;536845215915222894;158;1004;198
2021-11-13T11:46:54.103;536845215934969618;203;1002;170
2021-11-13T11:46:54.123;536845215954716342;147;965;223
2021-11-13T11:46:54.142;536845215974463066;103;945;250
2021-11-13T11:46:54.162;536845215994209790;155;931;178
2021-11-13T11:46:54.182;536845216013956515;148;942;104
2021-11-13T11:46:54.202;536845216033703240;168;941;109
2021-11-13T11:46:54.221;536845216053449965;103;927;212
2021-11-13T11:46:54.241;536845216073196690;21;891;235
2021-11-13T11:46:54.261;536845216092943415;94;884;166
2021-11-13T11:46:54.281;536845216112690140;107;882;160
2021-11-13T11:46:54.300;536845216132436865;125;932;118
2021-11-13T11:46:54.320;536845216152183590;138;971;152
2021-11-13T11:46:54.340;536845216171930315;119;943;213
2021-11-13T11:46:54.360;536845216191677040;165;940;173
2021-11-13T11:46:54.379;536845216211423765;94;938;175
2021-11-13T11:46:54.399;536845216231170490;111;945;175
2021-11-13T11:46:54.419;536845216250917215;115;950;142
2021-11-13T11:46:54.439;536845216270663940;109;918;152
2021-11-13T11:46:54.458;536845216290410665;118;888;121
2021-11-13T11:46:54.478;536845216310157390;113;864;109
2021-11-13T11:46:54.498;536845216329904115;94;866;96
2021-11-13T11:46:54.518;536845216349650840;130;857;27
2021-11-13T11:46:54.537;536845216369397565;166;826;16
2021-11-13T11:46:54.557;536845216389144290;157;770;68
2021-11-13T11:46:54.577;536845216408891015;53;786;103
2021-11-13T11:46:54.597;536845216428637740;95;851;5
2021-11-13T11:46:54.616;536845216448384465;106;784;-42
2021-11-13T11:46:54.636;536845216468131190;133;751;54
2021-11-13T11:46:54.656;536845216487877915;103;816;53
2021-11-13T11:46:54.676;536845216507624640;96;867;52
2021-11-13T11:46:54.695;536845216527371365;97;846;-54
2021-11-13T11:46:54.715;536845216547118090;150;860;-41
2021-11-13T11:46:54.735;536845216566864815;119;876;-25
2021-11-13T11:46:54.755;536845216586611540;224;979;-53
2021-11-13T11:46:54.774;536845216606358265;123;979;-32
2021-11-13T11:46:54.794;536845216626104990;39;933;54
2021-11-13T11:46:54.814;536845216645851715;74;955;60
2021-11-13T11:46:54.834;536845216665598440;174;928;-18
2021-11-13T11:46:54.853;536845216685345165;230;924;-53
2021-11-13T11:46:54.873;536845216705091890;176;940;-75
2021-11-13T11:46:54.893;536845216724847357;137;948;-73
2021-11-13T11:46:54.913;536845216744602820;82;899;-66
2021-11-13T11:46:54.932;536845216764358283;29;953;-68
2021-11-13T11:46:54.952;536845216784113746;151;942;10
2021-11-13T11:46:54.972;536845216803869209;275;861;-62
2021-11-13T11:46:54.992;536845216823624672;243;877;-181
2021-11-13T11:46:55.011;536845216843380135;92;959;-253
2021-11-13T11:46:55.031;536845216863135598;225;1020;-240
2021-11-13T11:46:55.051;536845216882891061;194;983;-188
2021-11-13T11:46:55.071;536845216902646524;85;860;-51
2021-11-13T11:46:55.090;536845216922401987;110;943;-36
2021-11-13T11:46:55.110;536845216942157450;193;964;0
2021-11-13T11:46:55.130;536845216961912913;201;935;-96
2021-11-13T11:46:55.150;536845216981668376;246;985;-188
2021-11-13T11:46:55.169;536845217001423839;199;980;-215
2021-11-13T11:46:55.189;536845217021179302;206;976;-159
2021-11-13T11:46:55.209;536845217040934765;166;977;-172
2021-11-13T11:46:55.229;536845217060690228;197;1005;-219
2021-11-13T11:46:55.248;536845217080445691;162;1119;-3
2021-11-13T11:46:55.268;536845217100201154;242;894;-86
2021-11-13T11:46:55.288;536845217119956617;153;975;-211
2021-11-13T11:46:55.308;536845217139712080;210;1170;-16
2021-11-13T11:46:55.327;536845217159467543;368;977;-358
2021-11-13T11:46:55.347;536845217179223006;106;1100;-18
2021-11-13T11:46:55.367;536845217198978469;217;997;-223
2021-11-13T11:46:55.387;536845217218733932;94;1155;-45
2021-11-13T11:46:55.406;536845217238489395;203;1054;-209
2021-11-13T11:46:55.426;536845217258244858;197;1013;-154
2021-11-13T11:46:55.446;536845217278000321;223;985;-289
2021-11-13T11:46:55.466;536845217297755784;272;1085;-183
2021-11-13T11:46:55.485;536845217317511247;236;1131;-228
2021-11-13T11:46:55.505;536845217337266710;153;1120;-175
2021-11-13T11:46:55.525;536845217357022173;205;1013;-111
2021-11-13T11:46:55.545;536845217376777636;138;1018;-72
2021-11-13T11:46:55.565;536845217396533099;173;1108;-262
2021-11-13T11:46:55.584;536845217416288562;272;1096;-302
2021-11-13T11:46:55.604;536845217436046963;179;1085;-194
2021-11-13T11:46:55.624;536845217455805338;163;1051;-166
2021-11-13T11:46:55.644;536845217475563713;443;1284;-60
2021-11-13T11:46:55.663;536845217495322088;589;1915;-145
2021-11-13T11:46:55.683;536845217515080463;430;1316;-694
2021-11-13T11:46:55.703;536845217534838838;-414;498;-532
2021-11-13T11:46:55.723;536845217554597213;28;945;-73
2021-11-13T11:46:55.742;536845217574355588;79;913;-116
2021-11-13T11:46:55.762;536845217594113963;296;1056;116
2021-11-13T11:46:55.782;536845217613872338;312;948;-15
2021-11-13T11:46:55.802;536845217633630713;257;1079;-192
2021-11-13T11:46:55.821;536845217653389088;144;900;-377
2021-11-13T11:46:55.841;536845217673147463;204;957;-322
2021-11-13T11:46:55.861;536845217692905838;107;934;-299
2021-11-13T11:46:55.881;536845217712664213;258;1053;-126
2021-11-13T11:46:55.900;536845217732422588;106;958;-112
2021-11-13T11:46:55.920;536845217752180963;126;1011;-127
2021-11-13T11:46:55.940;536845217771939338;94;972;-152
2021-11-13T11:46:55.960;536845217791697713;214;907;-206
2021-11-13T11:46:55.979;536845217811456088;240;921;-216
2021-11-13T11:46:55.999;536845217831214463;216;959;-193
2021-11-13T11:46:56.019;536845217850972838;192;962;-213
2021-11-13T11:46:56.039;536845217870731213;134;980;-234
2021-11-13T11:46:56.058;536845217890489588;113;985;-231
2021-11-13T11:46:56.078;536845217910247963;202;937;-138
2021-11-13T11:46:56.098;536845217930006338;223;922;-144
2021-11-13T11:46:56.118;536845217949764713;217;959;-220
2021-11-13T11:46:56.137;536845217969523088;175;977;-226
2021-11-13T11:46:56.157;536845217989281463;227;974;-244
2021-11-13T11:46:56.177;536845218009039838;217;956;-252
2021-11-13T11:46:56.197;536845218028798213;223;946;-222
2021-11-13T11:46:56.217;536845218048556588;166;951;-152
2021-11-13T11:46:56.236;536845218068314963;140;964;-164
2021-11-13T11:46:56.256;536845218088073338;195;961;-205
2021-11-13T11:46:56.276;536845218107831713;165;967;-214
2021-11-13T11:46:56.296;536845218127590088;220;972;-223
2021-11-13T11:46:56.315;536845218147338285;208;980;-215
2021-11-13T11:46:56.335;536845218167086466;210;958;-163
2021-11-13T11:46:56.355;536845218186834647;156;935;-178
2021-11-13T11:46:56.375;536845218206582828;217;981;-194
2021-11-13T11:46:56.394;536845218226331009;179;1021;-133
2021-11-13T11:46:56.414;536845218246079190;205;968;-386
2021-11-13T11:46:56.434;536845218265827371;274;1003;-438
2021-11-13T11:46:56.454;536845218285575552;222;1032;-277
2021-11-13T11:46:56.473;536845218305323733;219;1080;-198
2021-11-13T11:46:56.493;536845218325071914;330;1157;-257
2021-11-13T11:46:56.513;536845218344820095;302;1241;-222
2021-11-13T11:46:56.533;536845218364568276;442;1205;-317
2021-11-13T11:46:56.552;536845218384316457;305;1203;-337
2021-11-13T11:46:56.572;536845218404064638;228;1207;-367
2021-11-13T11:46:56.592;536845218423812819;288;1274;-301
2021-11-13T11:46:56.612;536845218443561000;186;1158;-117
2021-11-13T11:46:56.631;536845218463309181;209;1158;-113
2021-11-13T11:46:56.651;536845218483057362;119;1064;-157
2021-11-13T11:46:56.671;536845218502805543;369;1142;-419
2021-11-13T11:46:56.691;536845218522553724;244;1064;-275
2021-11-13T11:46:56.710;536845218542301905;332;1191;-392
2021-11-13T11:46:56.730;536845218562050086;230;1217;-154
2021-11-13T11:46:56.750;536845218581798267;309;1066;-294
2021-11-13T11:46:56.770;536845218601546448;241;1078;-88
2021-11-13T11:46:56.789;536845218621294629;172;1066;-260
2021-11-13T11:46:56.809;536845218641042810;242;1139;-173
2021-11-13T11:46:56.829;536845218660790991;179;1047;-275
2021-11-13T11:46:56.849;536845218680539172;266;1109;-221
2021-11-13T11:46:56.868;536845218700287353;133;1008;-249
2021-11-13T11:46:56.888;536845218720035534;220;989;-175
2021-11-13T11:46:56.908;536845218739783715;191;1015;-193
2021-11-13T11:46:56.928;536845218759531896;245;1019;-199
2021-11-13T11:46:56.947;536845218779280077;259;983;-261
2021-11-13T11:46:56.967;536845218799028258;200;992;-248
2021-11-13T11:46:56.987;536845218818776439;236;985;-126
2021-11-13T11:46:57.006;536845218838524620;193;887;-77
2021-11-13T11:46:57.026;536845218858271374;223;950;-153
2021-11-13T11:46:57.046;536845218878018098;136;944;-212
2021-11-13T11:46:57.066;536845218897764822;137;975;-144
2021-11-13T11:46:57.085;536845218917511546;120;885;-135
2021-11-13T11:46:57.105;536845218937258270;189;771;-40
2021-11-13T11:46:57.125;536845218957004994;155;776;-102
2021-11-13T11:46:57.145;536845218976751718;212;852;-47
2021-11-13T11:46:57.164;536845218996498442;201;800;-74
2021-11-13T11:46:57.184;536845219016245166;119;795;-152
2021-11-13T11:46:57.204;536845219035991890;-32;760;-74
2021-11-13T11:46:57.224;536845219055738614;279;706;41
2021-11-13T11:46:57.243;536845219075485338;252;610;-94
2021-11-13T11:46:57.263;536845219095232062;54;718;-130
2021-11-13T11:46:57.283;536845219114978786;69;727;-89
2021-11-13T11:46:57.303;536845219134725510;85;766;53
2021-11-13T11:46:57.322;536845219154472234;159;663;-66
2021-11-13T11:46:57.342;536845219174218958;179;730;-14
2021-11-13T11:46:57.362;536845219193965682;228;742;-39
2021-11-13T11:46:57.382;536845219213712406;119;737;-23
2021-11-13T11:46:57.401;536845219233459130;104;810;-67
2021-11-13T11:46:57.421;536845219253205854;181;896;-46
2021-11-13T11:46:57.441;536845219272952578;165;842;56
2021-11-13T11:46:57.461;536845219292699302;146;756;80
2021-11-13T11:46:57.480;536845219312446026;145;785;35
2021-11-13T11:46:57.500;536845219332192750;137;826;-4
2021-11-13T11:46:57.520;536845219351939474;118;910;136
2021-11-13T11:46:57.540;536845219371686198;64;875;219
2021-11-13T11:46:57.559;536845219391432922;63;905;254
2021-11-13T11:46:57.579;536845219411179646;23;901;310
2021-11-13T11:46:57.599;536845219430926370;65;986;319
2021-11-13T11:46:57.619;536845219450673094;133;1024;270
2021-11-13T11:46:57.638;536845219470419818;-20;992;358
2021-11-13T11:46:57.658;536845219490166542;59;990;281
2021-11-13T11:46:57.678;536845219509913266;209;980;87
2021-11-13T11:46:57.698;536845219529659990;211;1020;66
2021-11-13T11:46:57.717;536845219549406714;103;992;151
2021-11-13T11:46:57.737;536845219569146169;88;929;187
2021-11-13T11:46:57.757;536845219588885612;97;871;145
2021-11-13T11:46:57.777;536845219608625055;116;882;114
2021-11-13T11:46:57.796;536845219628364498;125;899;114
2021-11-13T11:46:57.816;536845219648103941;111;908;155
2021-11-13T11:46:57.836;536845219667843384;97;898;168
2021-11-13T11:46:57.856;536845219687582827;123;916;147
2021-11-13T11:46:57.875;536845219707322270;113;932;195
2021-11-13T11:46:57.895;536845219727061713;111;950;234
2021-11-13T11:46:57.915;536845219746801156;85;964;202
2021-11-13T11:46:57.935;536845219766540599;152;947;128
2021-11-13T11:46:57.954;536845219786280042;193;941;128
2021-11-13T11:46:57.974;536845219806019485;130;940;149
2021-11-13T11:46:57.994;536845219825758928;115;951;73
2021-11-13T11:46:58.013;536845219845498371;178;935;35
2021-11-13T11:46:58.033;536845219865237814;125;881;60
2021-11-13T11:46:58.053;536845219884977257;119;868;77
2021-11-13T11:46:58.073;536845219904716700;49;846;77
2021-11-13T11:46:58.092;536845219924456143;98;865;69
2021-11-13T11:46:58.112;536845219944195586;134;812;7
2021-11-13T11:46:58.132;536845219963935029;196;802;35
2021-11-13T11:46:58.152;536845219983674472;104;798;-19
2021-11-13T11:46:58.171;536845220003413915;132;799;34
2021-11-13T11:46:58.191;536845220023153358;223;829;-41
2021-11-13T11:46:58.211;536845220042892801;125;780;-44
2021-11-13T11:46:58.231;536845220062632244;66;777;-18
2021-11-13T11:46:58.250;536845220082371687;98;799;4
2021-11-13T11:46:58.270;536845220102111130;64;786;22
2021-11-13T11:46:58.290;536845220121850573;36;806;66
2021-11-13T11:46:58.310;536845220141590016;120;872;-15
2021-11-13T11:46:58.329;536845220161329459;192;938;-91
2021-11-13T11:46:58.349;536845220181068902;153;887;-53
2021-11-13T11:46:58.369;536845220200808345;135;950;-36
2021-11-13T11:46:58.389;536845220220547788;162;966;-118
2021-11-13T11:46:58.408;536845220240287231;196;944;-188
2021-11-13T11:46:58.428;536845220260026674;125;955;-106
2021-11-13T11:46:58.448;536845220279773399;200;915;-19
2021-11-13T11:46:58.467;536845220299520124;261;980;-104
2021-11-13T11:46:58.487;536845220319266849;177;934;-247
2021-11-13T11:46:58.507;536845220339013574;166;974;-189
2021-11-13T11:46:58.527;536845220358760299;133;949;-44
2021-11-13T11:46:58.546;536845220378507024;170;956;15
2021-11-13T11:46:58.566;536845220398253749;146;956;-204
2021-11-13T11:46:58.586;536845220418000474;156;914;-145
2021-11-13T11:46:58.606;536845220437747199;69;951;-79
2021-11-13T11:46:58.625;536845220457493924;230;913;-28
2021-11-13T11:46:58.645;536845220477240649;200;993;-244
2021-11-13T11:46:58.665;536845220496987374;290;972;-236
2021-11-13T11:46:58.685;536845220516734099;134;908;-147
2021-11-13T11:46:58.704;536845220536480824;132;1033;-204
2021-11-13T11:46:58.724;536845220556227549;272;947;-148
2021-11-13T11:46:58.744;536845220575974274;209;843;-151
2021-11-13T11:46:58.764;536845220595720999;153;987;-125
2021-11-13T11:46:58.783;536845220615467724;214;1031;-129
2021-11-13T11:46:58.803;536845220635214449;219;1071;-236
2021-11-13T11:46:58.823;536845220654961174;186;1025;-277
2021-11-13T11:46:58.843;536845220674707899;157;976;-80
2021-11-13T11:46:58.862;536845220694454624;174;960;-58
2021-11-13T11:46:58.882;536845220714201349;263;1075;-185
2021-11-13T11:46:58.902;536845220733948074;292;1090;-335
2021-11-13T11:46:58.922;536845220753694799;158;1075;-224
2021-11-13T11:46:58.941;536845220773441524;207;1044;-71
2021-11-13T11:46:58.961;536845220793188249;248;1099;-129
2021-11-13T11:46:58.981;536845220812934974;265;1058;-180
2021-11-13T11:46:59.001;536845220832681699;216;1082;-212
2021-11-13T11:46:59.020;536845220852428424;156;1149;-160
2021-11-13T11:46:59.040;536845220872175149;205;1120;-217
2021-11-13T11:46:59.060;536845220891921874;408;1142;-154
2021-11-13T11:46:59.080;536845220911668599;291;1039;-188
2021-11-13T11:46:59.099;536845220931415324;265;1075;-224
2021-11-13T11:46:59.119;536845220951162049;123;1129;-241
2021-11-13T11:46:59.139;536845220970908774;161;1106;-218
2021-11-13T11:46:59.159;536845220990661334;233;1063;-222
2021-11-13T11:46:59.178;536845221010413884;339;1201;-96
2021-11-13T11:46:59.198;536845221030166434;253;1116;-381
2021-11-13T11:46:59.218;536845221049918984;204;1099;-266
2021-11-13T11:46:59.238;536845221069671534;49;967;-54
2021-11-13T11:46:59.257;536845221089424084;143;770;-114
2021-11-13T11:46:59.277;536845221109176634;97;746;-100
2021-11-13T11:46:59.297;536845221128929184;309;960;-271
2021-11-13T11:46:59.317;536845221148681734;346;1077;-335
2021-11-13T11:46:59.336;536845221168434284;751;1802;-452
2021-11-13T11:46:59.356;536845221188186834;32;998;-593
2021-11-13T11:46:59.376;536845221207939384;37;853;-188
2021-11-13T11:46:59.396;536845221227691934;-43;731;70
2021-11-13T11:46:59.415;536845221247444484;7;733;148
2021-11-13T11:46:59.435;536845221267197034;61;774;10
2021-11-13T11:46:59.455;536845221286949584;391;1162;-204
2021-11-13T11:46:59.475;536845221306702134;487;1138;-452
2021-11-13T11:46:59.494;536845221326454684;106;895;-550
2021-11-13T11:46:59.514;536845221346207234;464;1275;-291
2021-11-13T11:46:59.534;536845221365959784;33;940;-244
2021-11-13T11:46:59.554;536845221385712334;98;916;-34
2021-11-13T11:46:59.573;536845221405464884;-16;832;8
2021-11-13T11:46:59.593;536845221425217434;137;937;-74
2021-11-13T11:46:59.613;536845221444969984;205;886;-249
2021-11-13T11:46:59.633;536845221464722534;355;977;-329
2021-11-13T11:46:59.652;536845221484475084;351;939;-445
2021-11-13T11:46:59.672;536845221504227634;282;980;-255
2021-11-13T11:46:59.692;536845221523980184;183;975;-245
2021-11-13T11:46:59.712;536845221543732734;125;971;-185
2021-11-13T11:46:59.731;536845221563485284;135;922;-157
2021-11-13T11:46:59.751;536845221583237834;159;928;-150
2021-11-13T11:46:59.771;536845221602990384;206;936;-238
2021-11-13T11:46:59.791;536845221622742934;226;974;-259
2021-11-13T11:46:59.810;536845221642495484;277;956;-284
2021-11-13T11:46:59.830;536845221662248034;233;956;-298
2021-11-13T11:46:59.850;536845221682000584;235;970;-195
2021-11-13T11:46:59.870;536845221701756055;149;920;-246
2021-11-13T11:46:59.889;536845221721511518;171;959;-169
2021-11-13T11:46:59.909;536845221741266981;118;941;-84
2021-11-13T11:46:59.929;536845221761022444;187;945;-198
2021-11-13T11:46:59.949;536845221780777907;280;952;-300
2021-11-13T11:46:59.969;536845221800533370;296;948;-270
2021-11-13T11:46:59.988;536845221820288833;226;947;-226
2021-11-13T11:47:00.008;536845221840044296;232;950;-216
2021-11-13T11:47:00.028;536845221859799759;190;961;-247
2021-11-13T11:47:00.048;536845221879555222;213;954;-261
2021-11-13T11:47:00.067;536845221899310685;226;944;-241
2021-11-13T11:47:00.087;536845221919066148;185;998;-238
2021-11-13T11:47:00.107;536845221938821611;161;993;-147
2021-11-13T11:47:00.127;536845221958577074;137;960;-51
2021-11-13T11:47:00.146;536845221978332537;90;999;-115
2021-11-13T11:47:00.166;536845221998088000;199;1051;-355
2021-11-13T11:47:00.186;536845222017843463;326;1068;-481
2021-11-13T11:47:00.206;536845222037598926;339;1083;-414
2021-11-13T11:47:00.225;536845222057354389;398;1199;-323
2021-11-13T11:47:00.245;536845222077109852;365;1200;-274
2021-11-13T11:47:00.265;536845222096865315;340;1250;-216
2021-11-13T11:47:00.285;536845222116620778;227;1355;-225
2021-11-13T11:47:00.304;536845222136376241;312;1332;-291
2021-11-13T11:47:00.324;536845222156131704;281;1263;-275
2021-11-13T11:47:00.344;536845222175887167;312;1247;-289
2021-11-13T11:47:00.364;536845222195642630;287;1160;-271
2021-11-13T11:47:00.383;536845222215398093;290;1156;-251
2021-11-13T11:47:00.403;536845222235153556;243;1206;-279
2021-11-13T11:47:00.423;536845222254909019;248;1154;-237
2021-11-13T11:47:00.443;536845222274664482;177;1169;-292
2021-11-13T11:47:00.462;536845222294419945;294;1117;-260
2021-11-13T11:47:00.482;536845222314175408;365;1084;-206
2021-11-13T11:47:00.502;536845222333930871;186;1076;-161
2021-11-13T11:47:00.522;536845222353686334;185;1122;-209
2021-11-13T11:47:00.541;536845222373441797;206;1046;-214
2021-11-13T11:47:00.561;536845222393197260;354;1016;-260
2021-11-13T11:47:00.581;536845222412951288;300;1014;-287
2021-11-13T11:47:00.601;536845222432705294;191;1041;-207
2021-11-13T11:47:00.620;536845222452459300;141;1001;-118
2021-11-13T11:47:00.640;536845222472213306;219;975;-115
2021-11-13T11:47:00.660;536845222491967312;235;953;-139
2021-11-13T11:47:00.680;536845222511721318;218;904;-134
2021-11-13T11:47:00.699;536845222531475324;219;943;-209
2021-11-13T11:47:00.719;536845222551229330;221;904;-206
2021-11-13T11:47:00.739;536845222570983336;116;908;-120
2021-11-13T11:47:00.759;536845222590737342;133;885;-63
2021-11-13T11:47:00.778;536845222610491348;204;781;-128
2021-11-13T11:47:00.798;536845222630245354;123;785;-34
2021-11-13T11:47:00.818;536845222649999360;119;763;-47
2021-11-13T11:47:00.838;536845222669753366;198;787;-57
2021-11-13T11:47:00.857;536845222689507372;182;723;-172
2021-11-13T11:47:00.877;536845222709261378;135;775;-43
2021-11-13T11:47:00.897;536845222729015384;89;681;18
2021-11-13T11:47:00.917;536845222748769390;23;734;13
2021-11-13T11:47:00.936;536845222768523396;145;705;-157
2021-11-13T11:47:00.956;536845222788277402;167;742;-151
2021-11-13T11:47:00.976;536845222808031408;205;713;8
2021-11-13T11:47:00.996;536845222827785414;23;704;104
2021-11-13T11:47:01.016;536845222847539420;14;733;57
2021-11-13T11:47:01.035;536845222867293426;93;744;-19
2021-11-13T11:47:01.055;536845222887047432;70;787;28
2021-11-13T11:47:01.075;536845222906801438;90;762;3
2021-11-13T11:47:01.095;536845222926555444;150;800;8
2021-11-13T11:47:01.114;536845222946309450;175;798;-56
2021-11-13T11:47:01.134;536845222966063456;151;874;-8
2021-11-13T11:47:01.154;536845222985817462;133;788;77
2021-11-13T11:47:01.174;536845223005571468;57;864;175
2021-11-13T11:47:01.193;536845223025325474;104;818;199
2021-11-13T11:47:01.213;536845223045079480;80;856;213
2021-11-13T11:47:01.233;536845223064833486;97;886;117
2021-11-13T11:47:01.253;536845223084587492;37;967;232
2021-11-13T11:47:01.272;536845223104341498;70;957;300
2021-11-13T11:47:01.292;536845223124088227;42;977;273
2021-11-13T11:47:01.312;536845223143834952;30;979;264
2021-11-13T11:47:01.332;536845223163581677;137;1045;218
2021-11-13T11:47:01.351;536845223183328402;195;1042;121
2021-11-13T11:47:01.371;536845223203075127;188;983;62
2021-11-13T11:47:01.391;536845223222821852;115;979;110
2021-11-13T11:47:01.411;536845223242568577;82;924;197
2021-11-13T11:47:01.430;536845223262315302;59;887;185
2021-11-13T11:47:01.450;536845223282062027;43;879;197
2021-11-13T11:47:01.470;536845223301808752;86;891;153
2021-11-13T11:47:01.490;536845223321555477;91;908;189
2021-11-13T11:47:01.509;536845223341302202;131;922;188
2021-11-13T11:47:01.529;536845223361048927;157;953;162
2021-11-13T11:47:01.549;536845223380795652;138;971;106
2021-11-13T11:47:01.569;536845223400542377;113;974;139
2021-11-13T11:47:01.588;536845223420289102;132;952;224
2021-11-13T11:47:01.608;536845223440035827;155;929;157
2021-11-13T11:47:01.628;536845223459782552;102;978;133
2021-11-13T11:47:01.648;536845223479529277;135;953;72
2021-11-13T11:47:01.667;536845223499276002;145;943;101
2021-11-13T11:47:01.687;536845223519022727;136;873;117
2021-11-13T11:47:01.707;536845223538769452;116;861;93
2021-11-13T11:47:01.726;536845223558516177;47;878;142
2021-11-13T11:47:01.746;536845223578262902;97;860;101
2021-11-13T11:47:01.766;536845223598009627;98;809;121
2021-11-13T11:47:01.786;536845223617756352;112;797;77
2021-11-13T11:47:01.805;536845223637503077;150;847;67
2021-11-13T11:47:01.825;536845223657249802;115;865;0
2021-11-13T11:47:01.845;536845223676996527;174;822;13
2021-11-13T11:47:01.865;536845223696743252;180;811;7
2021-11-13T11:47:01.884;536845223716489977;137;796;33
2021-11-13T11:47:01.904;536845223736236702;114;840;-9
2021-11-13T11:47:01.924;536845223755983427;130;864;21
2021-11-13T11:47:01.944;536845223775730152;178;856;77
2021-11-13T11:47:01.963;536845223795476877;186;871;-56
2021-11-13T11:47:01.983;536845223815223602;163;936;-59
2021-11-13T11:47:02.003;536845223834977636;116;894;-36
2021-11-13T11:47:02.023;536845223854731642;179;960;112
2021-11-13T11:47:02.042;536845223874485648;170;937;32
2021-11-13T11:47:02.062;536845223894239654;144;918;26
2021-11-13T11:47:02.082;536845223913993660;112;855;36
2021-11-13T11:47:02.102;536845223933747666;153;859;28
2021-11-13T11:47:02.121;536845223953501672;139;942;-163
2021-11-13T11:47:02.141;536845223973255678;199;872;-167
2021-11-13T11:47:02.161;536845223993009684;223;919;-71
2021-11-13T11:47:02.181;536845224012763690;68;838;-37
2021-11-13T11:47:02.200;536845224032517696;59;913;-84
2021-11-13T11:47:02.220;536845224052271702;153;925;-127
2021-11-13T11:47:02.240;536845224072025708;287;1005;-111
2021-11-13T11:47:02.260;536845224091779714;195;895;-93
2021-11-13T11:47:02.280;536845224111533720;99;1070;-38
2021-11-13T11:47:02.299;536845224131287726;228;895;-299
2021-11-13T11:47:02.319;536845224151041732;218;1207;83
2021-11-13T11:47:02.339;536845224170795738;127;623;-240
2021-11-13T11:47:02.359;536845224190549744;141;1203;37
2021-11-13T11:47:02.378;536845224210303750;272;838;-403
2021-11-13T11:47:02.398;536845224230057756;287;1073;-29
2021-11-13T11:47:02.418;536845224249811762;187;814;-329
2021-11-13T11:47:02.438;536845224269565768;117;1016;48
2021-11-13T11:47:02.457;536845224289319774;165;894;-268
2021-11-13T11:47:02.477;536845224309073780;89;1106;67
2021-11-13T11:47:02.497;536845224328827786;208;948;-243
2021-11-13T11:47:02.517;536845224348581792;184;1018;-34
2021-11-13T11:47:02.536;536845224368335798;251;854;-128
2021-11-13T11:47:02.556;536845224388089804;224;1036;-224
2021-11-13T11:47:02.576;536845224407843810;125;1134;-114
2021-11-13T11:47:02.596;536845224427597816;198;1040;-216
2021-11-13T11:47:02.615;536845224447351822;75;1132;31
2021-11-13T11:47:02.635;536845224467105828;304;943;-167
2021-11-13T11:47:02.655;536845224486859834;277;1080;-118
2021-11-13T11:47:02.675;536845224506613840;220;1109;-255
2021-11-13T11:47:02.694;536845224526367846;228;1187;-157
2021-11-13T11:47:02.714;536845224546114604;283;1069;-328
2021-11-13T11:47:02.734;536845224565861328;225;1132;-22
2021-11-13T11:47:02.754;536845224585608052;179;1095;-94
2021-11-13T11:47:02.773;536845224605354776;247;1195;-174
2021-11-13T11:47:02.793;536845224625101500;199;1139;-334
2021-11-13T11:47:02.813;536845224644848224;329;1031;-268
2021-11-13T11:47:02.833;536845224664594948;292;1075;-151
2021-11-13T11:47:02.852;536845224684341672;189;1068;-112
2021-11-13T11:47:02.872;536845224704088396;134;1013;-142
2021-11-13T11:47:02.892;536845224723835120;231;1053;-146
2021-11-13T11:47:02.912;536845224743581844;338;1093;-303
2021-11-13T11:47:02.931;536845224763328568;226;893;-424
2021-11-13T11:47:02.951;536845224783075292;178;1166;-270
2021-11-13T11:47:02.971;536845224802822016;521;2009;-253
2021-11-13T11:47:02.991;536845224822568740;207;804;-294
2021-11-13T11:47:03.010;536845224842315464;-330;437;296
2021-11-13T11:47:03.030;536845224862062188;439;1020;-198
2021-11-13T11:47:03.050;536845224881808912;110;1191;-391
2021-11-13T11:47:03.070;536845224901555636;445;833;-275
2021-11-13T11:47:03.089;536845224921302360;187;1062;-170
2021-11-13T11:47:03.109;536845224941049084;312;953;-326
2021-11-13T11:47:03.129;536845224960795808;45;959;-153
2021-11-13T11:47:03.149;536845224980542532;245;948;-86
2021-11-13T11:47:03.168;536845225000289256;67;940;-141
2021-11-13T11:47:03.188;536845225020035980;194;924;-217
2021-11-13T11:47:03.208;536845225039782704;224;979;-199
2021-11-13T11:47:03.228;536845225059529428;268;952;-226
2021-11-13T11:47:03.247;536845225079276152;233;961;-231
2021-11-13T11:47:03.267;536845225099022876;267;937;-216
2021-11-13T11:47:03.287;536845225118769600;220;968;-236
2021-11-13T11:47:03.306;536845225138516324;187;957;-192
2021-11-13T11:47:03.326;536845225158263048;165;968;-168
2021-11-13T11:47:03.346;536845225178009772;206;962;-175
2021-11-13T11:47:03.366;536845225197756496;256;929;-217
2021-11-13T11:47:03.385;536845225217503220;214;953;-214
2021-11-13T11:47:03.405;536845225237249944;212;954;-183
2021-11-13T11:47:03.425;536845225257003978;218;950;-207
2021-11-13T11:47:03.445;536845225276757984;234;963;-255
2021-11-13T11:47:03.464;536845225296511990;243;941;-219
2021-11-13T11:47:03.484;536845225316265996;218;940;-135
2021-11-13T11:47:03.504;536845225336020002;212;948;-192
2021-11-13T11:47:03.524;536845225355774008;233;963;-221
2021-11-13T11:47:03.544;536845225375528014;204;958;-235
2021-11-13T11:47:03.563;536845225395282020;235;962;-188
2021-11-13T11:47:03.583;536845225415036026;237;977;-187
2021-11-13T11:47:03.603;536845225434790032;219;962;-222
2021-11-13T11:47:03.623;536845225454544038;225;964;-250
2021-11-13T11:47:03.642;536845225474298044;238;961;-238
2021-11-13T11:47:03.662;536845225494052050;216;985;-142
2021-11-13T11:47:03.682;536845225513806056;233;1039;-122
2021-11-13T11:47:03.702;536845225533560062;106;999;-86
2021-11-13T11:47:03.721;536845225553314068;165;840;-265
2021-11-13T11:47:03.741;536845225573068074;313;1072;-338
2021-11-13T11:47:03.761;536845225592822080;243;1093;-219
2021-11-13T11:47:03.781;536845225612576086;307;891;-374
2021-11-13T11:47:03.800;536845225632330092;283;1058;-244
2021-11-13T11:47:03.820;536845225652084098;296;1178;-330
2021-11-13T11:47:03.840;536845225671838104;308;1282;-334
2021-11-13T11:47:03.860;536845225691592110;331;1347;-375
2021-11-13T11:47:03.879;536845225711346116;379;1253;-245
2021-11-13T11:47:03.899;536845225731100122;297;1150;-102
2021-11-13T11:47:03.919;536845225750854128;305;1202;-150
2021-11-13T11:47:03.939;536845225770608134;264;1251;-257
2021-11-13T11:47:03.958;536845225790362140;339;1321;-487
2021-11-13T11:47:03.978;536845225810116146;430;1236;-459
2021-11-13T11:47:03.998;536845225829870152;287;1150;-224
2021-11-13T11:47:04.018;536845225849624158;211;1104;-178
2021-11-13T11:47:04.037;536845225869378164;186;1233;-89
2021-11-13T11:47:04.057;536845225889132170;182;1122;-214
2021-11-13T11:47:04.077;536845225908886176;333;1126;-307
2021-11-13T11:47:04.097;536845225928640182;332;1065;-404
2021-11-13T11:47:04.116;536845225948394188;259;1063;-297
2021-11-13T11:47:04.136;536845225968148216;241;1087;-207
2021-11-13T11:47:04.156;536845225987902222;146;1071;-183
2021-11-13T11:47:04.176;536845226007656228;162;1049;-151
2021-11-13T11:47:04.195;536845226027410234;154;932;-89
2021-11-13T11:47:04.215;536845226047164240;285;969;-213
2021-11-13T11:47:04.235;536845226066918246;301;1011;-322
2021-11-13T11:47:04.255;536845226086672252;216;960;-152
2021-11-13T11:47:04.274;536845226106426258;211;983;-122
2021-11-13T11:47:04.294;536845226126180264;149;962;-62
2021-11-13T11:47:04.314;536845226145934270;177;928;-61
2021-11-13T11:47:04.334;536845226165688276;220;889;-183
2021-11-13T11:47:04.353;536845226185442282;252;848;-235
2021-11-13T11:47:04.373;536845226205196288;260;770;-254
2021-11-13T11:47:04.393;536845226224950294;250;864;-202
2021-11-13T11:47:04.413;536845226244704300;202;795;-134
2021-11-13T11:47:04.432;536845226264458306;107;774;42
2021-11-13T11:47:04.452;536845226284212312;60;654;54
2021-11-13T11:47:04.472;536845226303966318;22;640;14
2021-11-13T11:47:04.492;536845226323720324;-4;740;-34
2021-11-13T11:47:04.511;536845226343474330;212;650;-96
2021-11-13T11:47:04.531;536845226363228336;56;666;-63
2021-11-13T11:47:04.551;536845226382982342;-14;598;-72
2021-11-13T11:47:04.571;536845226402736348;92;638;114
2021-11-13T11:47:04.590;536845226422490354;-16;643;31
2021-11-13T11:47:04.610;536845226442244360;98;710;69
2021-11-13T11:47:04.630;536845226461998366;120;669;47
2021-11-13T11:47:04.650;536845226481752372;6;733;62
2021-11-13T11:47:04.669;536845226501506378;84;723;35
2021-11-13T11:47:04.689;536845226521260384;47;843;8
2021-11-13T11:47:04.709;536845226541014390;31;827;86
2021-11-13T11:47:04.729;536845226560768396;135;829;117
2021-11-13T11:47:04.748;536845226580522402;166;851;82
2021-11-13T11:47:04.768;536845226600276408;101;891;108
2021-11-13T11:47:04.788;536845226620030414;104;948;125
2021-11-13T11:47:04.808;536845226639784420;104;991;168
2021-11-13T11:47:04.828;536845226659538426;11;926;356
2021-11-13T11:47:04.847;536845226679285155;44;991;369
2021-11-13T11:47:04.867;536845226699031880;-31;999;425
2021-11-13T11:47:04.887;536845226718778605;-2;1005;380
2021-11-13T11:47:04.906;536845226738525330;35;1014;323
2021-11-13T11:47:04.926;536845226758272055;76;963;315
2021-11-13T11:47:04.946;536845226778018780;97;940;266
2021-11-13T11:47:04.966;536845226797765505;45;936;231
2021-11-13T11:47:04.985;536845226817512230;-7;889;232
2021-11-13T11:47:05.005;536845226837258955;-7;913;283
2021-11-13T11:47:05.025;536845226857005680;70;911;263
2021-11-13T11:47:05.045;536845226876752405;30;906;228
2021-11-13T11:47:05.064;536845226896499130;112;866;182
2021-11-13T11:47:05.084;536845226916245855;133;929;163
2021-11-13T11:47:05.104;536845226935992580;113;950;196
2021-11-13T11:47:05.124;536845226955739305;56;951;263
2021-11-13T11:47:05.143;536845226975486030;69;938;230
2021-11-13T11:47:05.163;536845226995232755;87;977;248
2021-11-13T11:47:05.183;536845227014979480;83;982;254
2021-11-13T11:47:05.203;536845227034726205;110;990;222
2021-11-13T11:47:05.222;536845227054472930;84;975;215
2021-11-13T11:47:05.242;536845227074219655;154;969;241
2021-11-13T11:47:05.262;536845227093966380;108;943;162
2021-11-13T11:47:05.282;536845227113713105;68;941;155
2021-11-13T11:47:05.301;536845227133459830;65;922;222
2021-11-13T11:47:05.321;536845227153206555;62;935;194
2021-11-13T11:47:05.341;536845227172953280;168;882;48
2021-11-13T11:47:05.361;536845227192700005;148;908;133
2021-11-13T11:47:05.380;536845227212446730;80;903;151
2021-11-13T11:47:05.400;536845227232193455;67;907;116
2021-11-13T11:47:05.420;536845227251940180;73;886;109
2021-11-13T11:47:05.440;536845227271686905;143;864;31
2021-11-13T11:47:05.459;536845227291433630;137;867;63
2021-11-13T11:47:05.479;536845227311180355;117;857;107
2021-11-13T11:47:05.499;536845227330927080;97;809;81
2021-11-13T11:47:05.519;536845227350673805;113;814;-14
2021-11-13T11:47:05.538;536845227370420530;181;876;-44
2021-11-13T11:47:05.558;536845227390173094;107;797;-36
2021-11-13T11:47:05.578;536845227409925644;29;814;46
2021-11-13T11:47:05.598;536845227429678194;114;814;8
2021-11-13T11:47:05.617;536845227449430744;154;790;-8
2021-11-13T11:47:05.637;536845227469183294;140;819;-43
2021-11-13T11:47:05.657;536845227488935844;113;875;-34
2021-11-13T11:47:05.677;536845227508688394;213;831;-30
2021-11-13T11:47:05.696;536845227528440944;110;774;2
2021-11-13T11:47:05.716;536845227548193494;126;893;-108
2021-11-13T11:47:05.736;536845227567946044;114;923;-84
2021-11-13T11:47:05.756;536845227587698594;87;873;-78
2021-11-13T11:47:05.775;536845227607451144;83;906;34
2021-11-13T11:47:05.795;536845227627203694;178;851;-81
2021-11-13T11:47:05.815;536845227646956244;208;912;-86
2021-11-13T11:47:05.835;536845227666708794;180;830;-134
2021-11-13T11:47:05.854;536845227686461344;78;964;-150
2021-11-13T11:47:05.874;536845227706213894;161;973;-215
2021-11-13T11:47:05.894;536845227725966444;136;909;-59
2021-11-13T11:47:05.914;536845227745718994;12;928;13
2021-11-13T11:47:05.933;536845227765471544;160;910;-44
2021-11-13T11:47:05.953;536845227785224094;305;922;-231
2021-11-13T11:47:05.973;536845227804976644;331;985;-310
2021-11-13T11:47:05.993;536845227824729194;232;977;-242
2021-11-13T11:47:06.012;536845227844481744;167;971;-126
2021-11-13T11:47:06.032;536845227864234294;126;938;-74
2021-11-13T11:47:06.052;536845227883986844;79;954;-71
2021-11-13T11:47:06.072;536845227903739394;195;1031;-175
2021-11-13T11:47:06.091;536845227923491944;243;1116;-291
2021-11-13T11:47:06.111;536845227943244494;235;964;-198
2021-11-13T11:47:06.131;536845227962997044;59;897;-98
2021-11-13T11:47:06.151;536845227982749594;241;1028;-166
2021-11-13T11:47:06.170;536845228002502144;338;1053;-261
2021-11-13T11:47:06.190;536845228022254694;202;1096;-223
2021-11-13T11:47:06.210;536845228042007244;114;1055;-106
2021-11-13T11:47:06.230;536845228061759794;84;996;-121
2021-11-13T11:47:06.249;536845228081512344;202;986;-237
2021-11-13T11:47:06.269;536845228101260537;265;1000;-235
2021-11-13T11:47:06.289;536845228121008718;305;1031;-166
2021-11-13T11:47:06.309;536845228140756899;214;1104;-187
2021-11-13T11:47:06.328;536845228160505080;151;1071;-183
2021-11-13T11:47:06.348;536845228180253261;94;990;-140
2021-11-13T11:47:06.368;536845228200001442;189;1083;-183
2021-11-13T11:47:06.388;536845228219749623;199;1109;-253
2021-11-13T11:47:06.407;536845228239497804;273;1127;-180
2021-11-13T11:47:06.427;536845228259245985;208;1038;-97
2021-11-13T11:47:06.447;536845228278994166;226;1126;-186
2021-11-13T11:47:06.467;536845228298742347;246;1014;-229
2021-11-13T11:47:06.486;536845228318490528;229;1118;-325
2021-11-13T11:47:06.506;536845228338238709;247;1137;-184
2021-11-13T11:47:06.526;536845228357986890;170;1141;-169
2021-11-13T11:47:06.546;536845228377735071;281;981;-230
2021-11-13T11:47:06.565;536845228397483252;207;955;-136
2021-11-13T11:47:06.585;536845228417231433;219;1052;-252
2021-11-13T11:47:06.605;536845228436979614;234;1208;-255
2021-11-13T11:47:06.625;536845228456727795;622;1897;-244
2021-11-13T11:47:06.644;536845228476475976;136;962;-576
2021-11-13T11:47:06.664;536845228496224157;45;758;-278
2021-11-13T11:47:06.684;536845228515972338;104;738;-94
2021-11-13T11:47:06.704;536845228535720519;137;1099;-13
2021-11-13T11:47:06.723;536845228555468700;160;935;90
2021-11-13T11:47:06.743;536845228575216881;132;777;-296
2021-11-13T11:47:06.763;536845228594965062;396;1022;-343
2021-11-13T11:47:06.783;536845228614713243;251;970;-400
2021-11-13T11:47:06.802;536845228634461424;403;962;-326
2021-11-13T11:47:06.822;536845228654209605;117;1066;-153
2021-11-13T11:47:06.842;536845228673957786;197;962;-183
2021-11-13T11:47:06.862;536845228693705967;105;973;-166
2021-11-13T11:47:06.881;536845228713454148;181;941;-216
2021-11-13T11:47:06.901;536845228733202329;201;948;-231
2021-11-13T11:47:06.921;536845228752950510;286;945;-217
2021-11-13T11:47:06.941;536845228772698691;251;917;-259
2021-11-13T11:47:06.960;536845228792446872;254;925;-294
2021-11-13T11:47:06.980;536845228812196533;200;961;-234
2021-11-13T11:47:07.000;536845228831946170;248;947;-246
2021-11-13T11:47:07.020;536845228851695807;229;960;-212
2021-11-13T11:47:07.039;536845228871445444;173;911;-208
2021-11-13T11:47:07.059;536845228891195081;180;948;-182
2021-11-13T11:47:07.079;536845228910944718;232;958;-234
2021-11-13T11:47:07.099;536845228930694355;214;954;-229
2021-11-13T11:47:07.118;536845228950443992;192;947;-232
2021-11-13T11:47:07.138;536845228970193629;205;916;-253
2021-11-13T11:47:07.158;536845228989943266;233;957;-235
2021-11-13T11:47:07.178;536845229009692903;202;992;-221
2021-11-13T11:47:07.197;536845229029442540;209;964;-236
2021-11-13T11:47:07.217;536845229049192177;220;982;-228
2021-11-13T11:47:07.237;536845229068941814;231;954;-196
2021-11-13T11:47:07.257;536845229088691451;210;963;-218
2021-11-13T11:47:07.276;536845229108441088;211;952;-209
2021-11-13T11:47:07.296;536845229128190725;179;956;-177
2021-11-13T11:47:07.316;536845229147940362;197;967;-145
2021-11-13T11:47:07.336;536845229167689999;129;960;-169
2021-11-13T11:47:07.355;536845229187439636;184;979;-263
2021-11-13T11:47:07.375;536845229207189273;205;1074;-177
2021-11-13T11:47:07.395;536845229226938910;191;1004;-377
2021-11-13T11:47:07.415;536845229246688547;294;1115;-461
2021-11-13T11:47:07.434;536845229266438184;335;1065;-255
2021-11-13T11:47:07.454;536845229286187821;281;1080;-48
2021-11-13T11:47:07.474;536845229305937458;305;1131;-260
2021-11-13T11:47:07.494;536845229325687095;332;1225;-397
2021-11-13T11:47:07.513;536845229345436732;366;1342;-494
2021-11-13T11:47:07.533;536845229365186369;296;1448;-379
2021-11-13T11:47:07.553;536845229384936006;207;1186;-53
2021-11-13T11:47:07.573;536845229404685643;159;1020;-38
2021-11-13T11:47:07.592;536845229424435280;276;1188;-149
2021-11-13T11:47:07.612;536845229444184917;340;1248;-410
2021-11-13T11:47:07.632;536845229463934554;362;1162;-513
2021-11-13T11:47:07.652;536845229483684191;353;1220;-521
2021-11-13T11:47:07.671;536845229503433828;322;1266;-99
2021-11-13T11:47:07.691;536845229523184955;214;1134;-148
2021-11-13T11:47:07.711;536845229542936048;208;1168;-81
2021-11-13T11:47:07.731;536845229562687141;183;1045;-226
2021-11-13T11:47:07.750;536845229582438234;325;1070;-325
2021-11-13T11:47:07.770;536845229602189327;269;1076;-404
2021-11-13T11:47:07.790;536845229621940420;338;1099;-330
2021-11-13T11:47:07.810;536845229641691513;196;988;-193
2021-11-13T11:47:07.829;536845229661442606;164;985;-73
2021-11-13T11:47:07.849;536845229681193699;184;976;-208
2021-11-13T11:47:07.869;536845229700944792;213;968;-172
2021-11-13T11:47:07.889;536845229720695885;227;982;-276
2021-11-13T11:47:07.908;536845229740446978;190;991;-180
2021-11-13T11:47:07.928;536845229760198071;203;907;-145
2021-11-13T11:47:07.948;536845229779949164;137;843;-66
2021-11-13T11:47:07.968;536845229799700257;178;878;-127
2021-11-13T11:47:07.987;536845229819451350;141;874;-188
2021-11-13T11:47:08.007;536845229839202443;174;897;-176
2021-11-13T11:47:08.027;536845229858953536;214;853;-176
2021-11-13T11:47:08.047;536845229878704629;152;793;-121
2021-11-13T11:47:08.066;536845229898455722;133;741;-94
2021-11-13T11:47:08.086;536845229918206815;-4;749;-56
2021-11-13T11:47:08.106;536845229937957908;156;746;-3
2021-11-13T11:47:08.126;536845229957709001;213;682;9
2021-11-13T11:47:08.145;536845229977460094;180;690;-79
2021-11-13T11:47:08.165;536845229997211187;191;691;-212
2021-11-13T11:47:08.185;536845230016962280;95;739;-137
2021-11-13T11:47:08.205;536845230036713373;94;706;-52
2021-11-13T11:47:08.224;536845230056464466;52;730;30
2021-11-13T11:47:08.244;536845230076215559;141;717;-51
2021-11-13T11:47:08.264;536845230095966652;146;742;3
2021-11-13T11:47:08.284;536845230115717745;41;755;68
2021-11-13T11:47:08.303;536845230135468838;104;763;42
2021-11-13T11:47:08.323;536845230155219931;165;796;-1
2021-11-13T11:47:08.343;536845230174971024;191;878;-42
2021-11-13T11:47:08.363;536845230194722117;194;891;-31
2021-11-13T11:47:08.382;536845230214473210;72;862;140
2021-11-13T11:47:08.402;536845230234227248;198;837;6
2021-11-13T11:47:08.422;536845230253981254;33;830;24
2021-11-13T11:47:08.442;536845230273735260;93;853;143
2021-11-13T11:47:08.461;536845230293489266;72;818;170
2021-11-13T11:47:08.481;536845230313243272;42;930;187
2021-11-13T11:47:08.501;536845230332997278;60;926;224
2021-11-13T11:47:08.521;536845230352751284;138;876;322
2021-11-13T11:47:08.540;536845230372505290;83;971;302
2021-11-13T11:47:08.560;536845230392259296;62;1073;323
2021-11-13T11:47:08.580;536845230412013302;-8;1067;348
2021-11-13T11:47:08.600;536845230431767308;51;961;254
2021-11-13T11:47:08.619;536845230451521314;137;956;181
2021-11-13T11:47:08.639;536845230471275320;145;963;157
2021-11-13T11:47:08.659;536845230491029326;107;967;203
2021-11-13T11:47:08.679;536845230510783332;38;948;185
2021-11-13T11:47:08.699;536845230530537338;44;912;180
2021-11-13T11:47:08.718;536845230550291344;82;896;211
2021-11-13T11:47:08.738;536845230570045350;111;911;208
2021-11-13T11:47:08.758;536845230589799356;102;900;232
2021-11-13T11:47:08.778;536845230609553362;103;909;224
2021-11-13T11:47:08.797;536845230629307368;93;968;191
2021-11-13T11:47:08.817;536845230649061374;141;975;195
2021-11-13T11:47:08.837;536845230668815380;126;947;212
2021-11-13T11:47:08.857;536845230688569386;90;944;239
2021-11-13T11:47:08.876;536845230708323392;113;948;215
2021-11-13T11:47:08.896;536845230728077398;107;963;160
2021-11-13T11:47:08.916;536845230747831404;129;949;139
2021-11-13T11:47:08.936;536845230767585410;150;912;169
2021-11-13T11:47:08.955;536845230787339416;101;908;184
2021-11-13T11:47:08.975;536845230807093422;84;904;191
2021-11-13T11:47:08.995;536845230826847428;63;915;180
2021-11-13T11:47:09.015;536845230846601434;132;912;135
2021-11-13T11:47:09.034;536845230866355440;97;887;96
2021-11-13T11:47:09.054;536845230886109446;118;901;69
2021-11-13T11:47:09.074;536845230905863452;119;884;95
2021-11-13T11:47:09.094;536845230925617458;140;877;86
2021-11-13T11:47:09.113;536845230945364183;141;857;80
2021-11-13T11:47:09.133;536845230965110908;110;833;25
2021-11-13T11:47:09.153;536845230984857633;99;864;-4
2021-11-13T11:47:09.173;536845231004604358;107;880;24
2021-11-13T11:47:09.192;536845231024351083;126;820;15
2021-11-13T11:47:09.212;536845231044097808;150;830;-32
2021-11-13T11:47:09.232;536845231063844533;109;799;-46
2021-11-13T11:47:09.252;536845231083591258;105;822;25
2021-11-13T11:47:09.271;536845231103337983;119;817;5
2021-11-13T11:47:09.291;536845231123084708;159;873;-43
2021-11-13T11:47:09.311;536845231142831433;140;883;-102
2021-11-13T11:47:09.331;536845231162578158;104;869;-17
2021-11-13T11:47:09.350;536845231182324883;113;926;62
2021-11-13T11:47:09.370;536845231202071608;136;850;71
2021-11-13T11:47:09.390;536845231221818333;118;853;-130
2021-11-13T11:47:09.410;536845231241565058;129;860;-156
2021-11-13T11:47:09.429;536845231261311783;114;879;-36
2021-11-13T11:47:09.449;536845231281058508;249;956;-93
2021-11-13T11:47:09.469;536845231300805233;122;877;-149
2021-11-13T11:47:09.489;536845231320551958;27;887;-63
2021-11-13T11:47:09.508;536845231340298683;100;824;-50
2021-11-13T11:47:09.528;536845231360045408;228;889;-155
2021-11-13T11:47:09.548;536845231379792133;168;877;-167
2021-11-13T11:47:09.568;536845231399538858;91;1045;-196
2021-11-13T11:47:09.587;536845231419285583;235;1053;-126
2021-11-13T11:47:09.607;536845231439032308;242;1082;-34
2021-11-13T11:47:09.627;536845231458779033;183;735;-130
2021-11-13T11:47:09.646;536845231478525758;149;1229;-5
2021-11-13T11:47:09.666;536845231498272483;185;801;-432
2021-11-13T11:47:09.686;536845231518019208;268;1137;-147
2021-11-13T11:47:09.706;536845231537765933;122;916;-356
2021-11-13T11:47:09.725;536845231557512658;165;1058;66
2021-11-13T11:47:09.745;536845231577259383;245;815;-320
2021-11-13T11:47:09.765;536845231597006108;155;1002;11
2021-11-13T11:47:09.785;536845231616752833;60;974;-290
2021-11-13T11:47:09.804;536845231636499558;199;990;-42
