Phone timestamp;sensor timestamp [ns];X [mg];Y [mg];Z [mg]
2021-11-13T11:44:48.094;536845192650010365;40;970;-61
2021-11-13T11:44:48.113;536845192669707574;33;968;-83
2021-11-13T11:44:48.133;536845192689404783;41;984;-101
2021-11-13T11:44:48.153;536845192709101992;75;988;-124
2021-11-13T11:44:48.172;536845192728799201;93;989;-115
2021-11-13T11:44:48.192;536845192748496410;108;970;-103
2021-11-13T11:44:48.212;536845192768193619;126;984;-110
2021-11-13T11:44:48.231;536845192787890828;127;969;-96
2021-11-13T11:44:48.251;536845192807588037;100;984;-75
2021-11-13T11:44:48.271;536845192827285246;116;986;-97
2021-11-13T11:44:48.290;536845192846982455;88;977;-60
2021-11-13T11:44:48.310;536845192866679664;89;956;-1
2021-11-13T11:44:48.330;536845192886376873;-19;1056;-33
2021-11-13T11:44:48.350;536845192906074082;364;827;49
2021-11-13T11:44:48.369;536845192925771291;179;943;39
2021-11-13T11:44:48.389;536845192945468500;-19;1027;-3
2021-11-13T11:44:48.409;536845192965165709;-52;1011;-28
2021-11-13T11:44:48.428;536845192984862918;50;960;-6
2021-11-13T11:44:48.448;536845193004560127;23;1047;-69
2021-11-13T11:44:48.468;536845193024257336;33;1018;-62
2021-11-13T11:44:48.487;536845193043954545;20;986;-51
2021-11-13T11:44:48.507;536845193063651754;30;973;-49
2021-11-13T11:44:48.527;536845193083348963;13;982;-91
2021-11-13T11:44:48.547;536845193103046172;72;969;-37
2021-11-13T11:44:48.566;536845193122743381;37;977;-6
2021-11-13T11:44:48.586;536845193142440590;9;979;-7
2021-11-13T11:44:48.606;536845193162137799;24;970;-26
2021-11-13T11:44:48.625;536845193181835008;15;970;-77
2021-11-13T11:44:48.645;536845193201532217;1;974;-114
2021-11-13T11:44:48.665;536845193221229426;30;980;-89
2021-11-13T11:44:48.684;536845193240926635;8;965;-62
2021-11-13T11:44:48.704;536845193260623844;-16;995;-98
2021-11-13T11:44:48.724;536845193280321053;-1;986;-119
2021-11-13T11:44:48.744;536845193300018262;-47;988;-117
2021-11-13T11:44:48.763;536845193319715471;-49;980;-191
2021-11-13T11:44:48.783;536845193339412680;-21;928;-252
2021-11-13T11:44:48.803;536845193359109889;-113;958;-248
2021-11-13T11:44:48.822;536845193378807098;-165;928;-229
2021-11-13T11:44:48.842;536845193398504307;-189;939;-254
2021-11-13T11:44:48.862;536845193418201516;-169;946;-272
2021-11-13T11:44:48.881;536845193437898725;-236;930;-352
2021-11-13T11:44:48.901;536845193457595934;-175;949;-354
2021-11-13T11:44:48.921;536845193477293143;-192;922;-316
2021-11-13T11:44:48.940;536845193496990352;-169;939;-281
2021-11-13T11:44:48.960;536845193516687561;-225;942;-287
2021-11-13T11:44:48.980;536845193536384770;-256;912;-337
2021-11-13T11:44:49.000;536845193556081979;-248;902;-308
2021-11-13T11:44:49.019;536845193575779188;-259;924;-257
2021-11-13T11:44:49.039;536845193595476397;-250;913;-286
2021-11-13T11:44:49.059;536845193615173606;-213;941;-249
2021-11-13T11:44:49.078;536845193634870815;-191;933;-238
2021-11-13T11:44:49.098;536845193654568024;-261;908;-304
2021-11-13T11:44:49.118;536845193674265233;-277;934;-284
2021-11-13T11:44:49.137;536845193693962442;-294;896;-244
2021-11-13T11:44:49.157;536845193713659651;-265;936;-276
2021-11-13T11:44:49.177;536845193733356860;-304;885;-318
2021-11-13T11:44:49.197;536845193753054069;-269;886;-289
2021-11-13T11:44:49.216;536845193772751278;-238;899;-301
2021-11-13T11:44:49.236;536845193792448487;-211;956;-270
2021-11-13T11:44:49.256;536845193812145696;-261;928;-235
2021-11-13T11:44:49.275;536845193831842905;-263;916;-240
2021-11-13T11:44:49.295;536845193851540114;-245;885;-274
2021-11-13T11:44:49.315;536845193871237323;-233;904;-275
2021-11-13T11:44:49.334;536845193890934532;-199;960;-265
2021-11-13T11:44:49.354;536845193910631741;-222;913;-267
2021-11-13T11:44:49.374;536845193930328950;-270;912;-254
2021-11-13T11:44:49.394;536845193950026159;-272;909;-312
2021-11-13T11:44:49.413;536845193969723368;-225;879;-355
2021-11-13T11:44:49.433;536845193989420577;-224;916;-337
2021-11-13T11:44:49.453;536845194009117786;-250;955;-278
2021-11-13T11:44:49.472;536845194028814995;-275;911;-285
2021-11-13T11:44:49.492;536845194048512204;-227;942;-267
2021-11-13T11:44:49.512;536845194068206504;-235;933;-272
2021-11-13T11:44:49.531;536845194087900800;-238;932;-276
2021-11-13T11:44:49.551;536845194107595096;-228;940;-255
2021-11-13T11:44:49.571;536845194127289392;-192;942;-190
2021-11-13T11:44:49.590;536845194146983688;-198;939;-176
2021-11-13T11:44:49.610;536845194166677984;-221;927;-206
2021-11-13T11:44:49.630;536845194186372280;-216;935;-221
2021-11-13T11:44:49.650;536845194206066576;-213;932;-248
2021-11-13T11:44:49.669;536845194225760872;-219;937;-253
2021-11-13T11:44:49.689;536845194245455168;-214;944;-241
2021-11-13T11:44:49.709;536845194265149464;-234;951;-228
2021-11-13T11:44:49.728;536845194284843760;-243;924;-244
2021-11-13T11:44:49.748;536845194304538056;-242;923;-269
2021-11-13T11:44:49.768;536845194324232352;-238;931;-269
2021-11-13T11:44:49.787;536845194343926648;-232;933;-248
2021-11-13T11:44:49.807;536845194363620944;-233;940;-233
2021-11-13T11:44:49.827;536845194383315240;-240;933;-231
2021-11-13T11:44:49.846;536845194403009536;-238;934;-232
2021-11-13T11:44:49.866;536845194422703832;-231;941;-230
2021-11-13T11:44:49.886;536845194442398128;-221;936;-248
2021-11-13T11:44:49.906;536845194462092424;-231;928;-249
2021-11-13T11:44:49.925;536845194481786720;-238;936;-245
2021-11-13T11:44:49.945;536845194501481016;-240;935;-245
2021-11-13T11:44:49.965;536845194521175312;-235;939;-252
2021-11-13T11:44:49.984;536845194540869608;-232;931;-260
2021-11-13T11:44:50.004;536845194560563904;-235;936;-244
2021-11-13T11:44:50.024;536845194580258200;-231;947;-242
2021-11-13T11:44:50.043;536845194599952496;-216;944;-236
2021-11-13T11:44:50.063;536845194619646792;-212;939;-221
2021-11-13T11:44:50.083;536845194639341088;-189;947;-233
2021-11-13T11:44:50.103;536845194659035384;-182;963;-212
2021-11-13T11:44:50.122;536845194678729680;-156;949;-188
2021-11-13T11:44:50.142;536845194698423976;-114;950;-150
2021-11-13T11:44:50.162;536845194718118272;-182;936;-222
2021-11-13T11:44:50.181;536845194737812568;-161;954;-302
2021-11-13T11:44:50.201;536845194757506864;-188;948;-258
2021-11-13T11:44:50.221;536845194777208442;-105;978;-111
2021-11-13T11:44:50.240;536845194796910020;-118;972;-190
2021-11-13T11:44:50.260;536845194816611598;-114;943;-291
2021-11-13T11:44:50.280;536845194836313176;-95;959;-295
2021-11-13T11:44:50.300;536845194856014754;-52;962;-232
2021-11-13T11:44:50.319;536845194875716332;-90;951;-156
2021-11-13T11:44:50.339;536845194895417910;-80;991;-177
2021-11-13T11:44:50.359;536845194915119488;-99;967;-250
2021-11-13T11:44:50.378;536845194934821066;-90;965;-269
2021-11-13T11:44:50.398;536845194954522644;-72;935;-246
2021-11-13T11:44:50.418;536845194974224222;-106;967;-198
2021-11-13T11:44:50.437;536845194993925800;-113;949;-207
2021-11-13T11:44:50.457;536845195013627378;-105;965;-217
2021-11-13T11:44:50.477;536845195033328956;-67;981;-228
2021-11-13T11:44:50.497;536845195053030534;-66;980;-202
2021-11-13T11:44:50.516;536845195072732112;-109;965;-229
2021-11-13T11:44:50.536;536845195092433690;-83;980;-254
2021-11-13T11:44:50.556;536845195112135268;-113;938;-245
2021-11-13T11:44:50.575;536845195131836846;-177;961;-324
2021-11-13T11:44:50.595;536845195151538424;-175;927;-319
2021-11-13T11:44:50.615;536845195171240002;-188;902;-333
2021-11-13T11:44:50.634;536845195190941580;-191;923;-372
2021-11-13T11:44:50.654;536845195210643158;-147;910;-346
2021-11-13T11:44:50.674;536845195230344736;-163;934;-264
2021-11-13T11:44:50.694;536845195250046314;-169;934;-242
2021-11-13T11:44:50.713;536845195269747892;-105;990;-197
2021-11-13T11:44:50.733;536845195289449470;-108;963;-212
2021-11-13T11:44:50.753;536845195309151048;-57;967;-180
2021-11-13T11:44:50.772;536845195328852626;-32;978;-125
2021-11-13T11:44:50.792;536845195348554204;-73;938;-103
2021-11-13T11:44:50.812;536845195368255782;47;949;-212
2021-11-13T11:44:50.831;536845195387957360;-42;1016;-294
2021-11-13T11:44:50.851;536845195407658938;11;977;-259
2021-11-13T11:44:50.871;536845195427360516;-24;951;-232
2021-11-13T11:44:50.891;536845195447062094;-17;1000;-169
2021-11-13T11:44:50.910;536845195466763672;-108;944;-181
2021-11-13T11:44:50.930;536845195486457972;-94;963;-145
2021-11-13T11:44:50.950;536845195506152268;-42;986;-119
2021-11-13T11:44:50.969;536845195525846564;-17;955;-117
2021-11-13T11:44:50.989;536845195545540860;12;964;-114
2021-11-13T11:44:51.009;536845195565235156;11;977;-121
2021-11-13T11:44:51.028;536845195584929452;35;989;-86
2021-11-13T11:44:51.048;536845195604623748;13;976;-84
2021-11-13T11:44:51.068;536845195624318044;44;975;-43
2021-11-13T11:44:51.088;536845195644012340;40;978;-9
2021-11-13T11:44:51.107;536845195663706636;66;974;12
2021-11-13T11:44:51.127;536845195683400932;63;983;-20
2021-11-13T11:44:51.147;536845195703095228;56;990;-34
2021-11-13T11:44:51.166;536845195722789524;49;979;-26
2021-11-13T11:44:51.186;536845195742483820;56;971;-85
2021-11-13T11:44:51.206;536845195762178116;26;949;-134
2021-11-13T11:44:51.225;536845195781872412;76;973;-133
2021-11-13T11:44:51.245;536845195801566708;100;1008;-94
2021-11-13T11:44:51.265;536845195821261004;113;1017;12
2021-11-13T11:44:51.284;536845195840955300;44;990;-4
2021-11-13T11:44:51.304;536845195860649596;61;979;-19
2021-11-13T11:44:51.324;536845195880343892;105;971;-45
2021-11-13T11:44:51.344;536845195900038188;185;942;-72
2021-11-13T11:44:51.363;536845195919732484;128;1026;-2
2021-11-13T11:44:51.383;536845195939426780;82;971;-40
2021-11-13T11:44:51.403;536845195959121076;50;1042;41
2021-11-13T11:44:51.422;536845195978815372;-9;1052;70
2021-11-13T11:44:51.442;536845195998509668;-11;1102;86
2021-11-13T11:44:51.462;536845196018203964;6;1099;78
2021-11-13T11:44:51.481;536845196037898260;31;999;-35
2021-11-13T11:44:51.501;536845196057592556;112;891;-40
2021-11-13T11:44:51.521;536845196077286852;250;696;-294
2021-11-13T11:44:51.540;536845196096981148;314;657;-476
2021-11-13T11:44:51.560;536845196116675444;291;778;-262
2021-11-13T11:44:51.580;536845196136369740;106;895;-113
2021-11-13T11:44:51.600;536845196156064036;179;1351;323
2021-11-13T11:44:51.619;536845196175758332;-399;1255;250
2021-11-13T11:44:51.639;536845196195449731;156;769;-172
2021-11-13T11:44:51.659;536845196215141114;-24;1066;-61
2021-11-13T11:44:51.678;536845196234832497;-9;981;28
2021-11-13T11:44:51.698;536845196254523880;104;999;10
2021-11-13T11:44:51.718;536845196274215263;94;959;-50
2021-11-13T11:44:51.737;536845196293906646;95;967;-117
2021-11-13T11:44:51.757;536845196313598029;97;990;-84
2021-11-13T11:44:51.777;536845196333289412;62;971;-65
2021-11-13T11:44:51.796;536845196352980795;60;988;-48
2021-11-13T11:44:51.816;536845196372672178;46;986;-5
2021-11-13T11:44:51.836;536845196392363561;48;984;-1
2021-11-13T11:44:51.856;536845196412054944;62;987;-9
2021-11-13T11:44:51.875;536845196431746327;71;984;-39
2021-11-13T11:44:51.895;536845196451437710;69;987;-108
2021-11-13T11:44:51.915;536845196471129093;94;1012;-124
2021-11-13T11:44:51.934;536845196490820476;43;984;-41
2021-11-13T11:44:51.954;536845196510511859;76;968;-27
2021-11-13T11:44:51.974;536845196530203242;24;938;-8
2021-11-13T11:44:51.993;536845196549894625;42;937;22
2021-11-13T11:44:52.013;536845196569586008;42;937;7
2021-11-13T11:44:52.033;536845196589277391;56;978;-61
2021-11-13T11:44:52.052;536845196608968774;62;968;-59
2021-11-13T11:44:52.072;536845196628660157;47;985;-115
2021-11-13T11:44:52.092;536845196648351540;58;991;-112
2021-11-13T11:44:52.112;536845196668042923;44;984;-110
2021-11-13T11:44:52.131;536845196687734306;42;983;-100
2021-11-13T11:44:52.151;536845196707425689;38;981;-113
2021-11-13T11:44:52.171;536845196727117072;28;983;-106
2021-11-13T11:44:52.190;536845196746808455;40;984;-86
2021-11-13T11:44:52.210;536845196766499838;36;979;-83
2021-11-13T11:44:52.230;536845196786191221;36;969;-105
2021-11-13T11:44:52.249;536845196805882604;54;994;-139
2021-11-13T11:44:52.269;536845196825573987;120;998;19
2021-11-13T11:44:52.289;536845196845265370;-174;908;-149
2021-11-13T11:44:52.308;536845196864956753;63;1062;-28
2021-11-13T11:44:52.328;536845196884648136;20;953;65
2021-11-13T11:44:52.348;536845196904332265;12;975;-19
2021-11-13T11:44:52.368;536845196924016366;-8;991;-6
2021-11-13T11:44:52.387;536845196943700467;11;981;-55
2021-11-13T11:44:52.407;536845196963384568;-12;986;-85
2021-11-13T11:44:52.427;536845196983068669;17;979;-118
2021-11-13T11:44:52.446;536845197002752770;18;976;-113
2021-11-13T11:44:52.466;536845197022436871;19;992;-92
2021-11-13T11:44:52.486;536845197042120972;29;1046;-33
2021-11-13T11:44:52.505;536845197061805073;-120;1137;-46
2021-11-13T11:44:52.525;536845197081489174;20;1026;-37
2021-11-13T11:44:52.545;536845197101173275;351;575;84
2021-11-13T11:44:52.564;536845197120857376;-20;880;-16
2021-11-13T11:44:52.584;536845197140541477;-167;1234;-110
2021-11-13T11:44:52.604;536845197160225578;-41;969;-71
2021-11-13T11:44:52.623;536845197179909679;6;952;-84
2021-11-13T11:44:52.643;536845197199593780;-67;996;-131
2021-11-13T11:44:52.663;536845197219277881;-62;1010;-163
2021-11-13T11:44:52.682;536845197238961982;-86;1103;-116
2021-11-13T11:44:52.702;536845197258646083;-73;1029;-69
2021-11-13T11:44:52.722;536845197278330184;329;574;36
2021-11-13T11:44:52.742;536845197298014285;-57;1015;-113
2021-11-13T11:44:52.761;536845197317698386;-340;1399;-262
2021-11-13T11:44:52.781;536845197337382487;320;433;-21
2021-11-13T11:44:52.801;536845197357066588;-122;1100;-196
2021-11-13T11:44:52.820;536845197376750689;-200;1200;-213
2021-11-13T11:44:52.840;536845197396434790;-64;874;-154
2021-11-13T11:44:52.860;536845197416118891;-91;962;-150
2021-11-13T11:44:52.879;536845197435802992;-77;1040;-114
2021-11-13T11:44:52.899;536845197455487093;-690;2141;-356
2021-11-13T11:44:52.919;536845197475171194;1405;-1052;270
2021-11-13T11:44:52.938;536845197494855295;-534;1039;-339
2021-11-13T11:44:52.958;536845197514539396;-667;2137;-529
2021-11-13T11:44:52.978;536845197534223497;3;518;-89
2021-11-13T11:44:52.997;536845197553907598;11;822;-120
2021-11-13T11:44:53.017;536845197573591699;-212;1100;-311
2021-11-13T11:44:53.037;536845197593275800;-191;984;-336
2021-11-13T11:44:53.056;536845197612976675;-88;890;-309
2021-11-13T11:44:53.076;536845197632677524;-176;906;-324
2021-11-13T11:44:53.096;536845197652378373;-234;953;-362
2021-11-13T11:44:53.116;536845197672079222;-214;979;-284
2021-11-13T11:44:53.135;536845197691780071;-36;876;-609
2021-11-13T11:44:53.155;536845197711480920;128;929;-533
2021-11-13T11:44:53.175;536845197731181769;-182;963;-109
2021-11-13T11:44:53.194;536845197750882618;-413;927;-63
2021-11-13T11:44:53.214;536845197770583467;-328;953;-139
2021-11-13T11:44:53.234;536845197790284316;-246;937;-65
2021-11-13T11:44:53.253;536845197809985165;-236;893;37
2021-11-13T11:44:53.273;536845197829686014;-179;751;-138
2021-11-13T11:44:53.293;536845197849386863;-201;835;-439
2021-11-13T11:44:53.313;536845197869087712;-309;1066;-518
2021-11-13T11:44:53.332;536845197888788561;-347;988;-336
2021-11-13T11:44:53.352;536845197908489410;-259;880;-314
2021-11-13T11:44:53.372;536845197928190259;-215;932;-272
2021-11-13T11:44:53.391;536845197947891108;-161;973;-239
2021-11-13T11:44:53.411;536845197967591957;-159;938;-166
2021-11-13T11:44:53.431;536845197987292806;-239;891;-183
2021-11-13T11:44:53.450;536845198006993655;-321;872;-244
2021-11-13T11:44:53.470;536845198026694504;-334;871;-372
2021-11-13T11:44:53.490;536845198046395353;-209;919;-391
2021-11-13T11:44:53.510;536845198066096202;-154;995;-337
2021-11-13T11:44:53.529;536845198085797051;-209;950;-305
2021-11-13T11:44:53.549;536845198105497900;-275;896;-321
2021-11-13T11:44:53.569;536845198125198749;-319;893;-352
2021-11-13T11:44:53.588;536845198144899598;-247;920;-362
2021-11-13T11:44:53.608;536845198164600447;-241;904;-346
2021-11-13T11:44:53.628;536845198184301296;-266;920;-282
2021-11-13T11:44:53.647;536845198204002145;-244;912;-234
2021-11-13T11:44:53.667;536845198223702994;-202;926;-206
2021-11-13T11:44:53.687;536845198243403843;-192;934;-218
2021-11-13T11:44:53.707;536845198263104692;-195;935;-238
2021-11-13T11:44:53.726;536845198282805541;-222;928;-256
2021-11-13T11:44:53.746;536845198302506390;-241;922;-286
2021-11-13T11:44:53.766;536845198322204329;-236;913;-332
2021-11-13T11:44:53.785;536845198341902266;-221;916;-339
2021-11-13T11:44:53.805;536845198361600203;-225;922;-335
2021-11-13T11:44:53.825;536845198381298140;-234;926;-309
2021-11-13T11:44:53.844;536845198400996077;-236;926;-308
2021-11-13T11:44:53.864;536845198420694014;-217;921;-290
2021-11-13T11:44:53.884;536845198440391951;-220;920;-285
2021-11-13T11:44:53.904;536845198460089888;-230;915;-282
2021-11-13T11:44:53.923;536845198479787825;-230;917;-282
2021-11-13T11:44:53.943;536845198499485762;-227;917;-285
2021-11-13T11:44:53.963;536845198519183699;-234;921;-285
2021-11-13T11:44:53.982;536845198538881636;-233;919;-297
2021-11-13T11:44:54.002;536845198558579573;-228;917;-307
2021-11-13T11:44:54.022;536845198578277510;-224;923;-299
2021-11-13T11:44:54.041;536845198597975447;-231;922;-299
2021-11-13T11:44:54.061;536845198617673384;-234;919;-294
2021-11-13T11:44:54.081;536845198637371321;-232;921;-287
2021-11-13T11:44:54.101;536845198657069258;-216;924;-285
2021-11-13T11:44:54.120;536845198676767195;-223;920;-285
2021-11-13T11:44:54.140;536845198696465132;-234;910;-283
2021-11-13T11:44:54.160;536845198716163069;-239;915;-289
2021-11-13T11:44:54.179;536845198735861006;-229;920;-303
2021-11-13T11:44:54.199;536845198755558943;-209;930;-298
2021-11-13T11:44:54.219;536845198775256880;-227;918;-291
2021-11-13T11:44:54.238;536845198794954817;-247;923;-289
2021-11-13T11:44:54.258;536845198814652754;-250;915;-306
2021-11-13T11:44:54.278;536845198834350691;-251;925;-353
2021-11-13T11:44:54.298;536845198854048628;-245;937;-364
2021-11-13T11:44:54.317;536845198873746565;-239;907;-321
2021-11-13T11:44:54.337;536845198893444502;-224;895;-249
2021-11-13T11:44:54.357;536845198913142439;-143;923;-178
2021-11-13T11:44:54.376;536845198932840376;-124;942;-191
2021-11-13T11:44:54.396;536845198952538313;-120;973;-226
2021-11-13T11:44:54.416;536845198972236250;-147;950;-258
2021-11-13T11:44:54.435;536845198991934187;-143;941;-254
2021-11-13T11:44:54.455;536845199011632124;-131;959;-220
2021-11-13T11:44:54.475;536845199031323527;-139;957;-233
2021-11-13T11:44:54.495;536845199051014910;-178;955;-268
2021-11-13T11:44:54.514;536845199070706293;-126;951;-324
2021-11-13T11:44:54.534;536845199090397676;-102;904;-334
2021-11-13T11:44:54.554;536845199110089059;-122;952;-253
2021-11-13T11:44:54.573;536845199129780442;-93;930;-269
2021-11-13T11:44:54.593;536845199149471825;-91;973;-236
2021-11-13T11:44:54.613;536845199169163208;-100;968;-239
2021-11-13T11:44:54.632;536845199188854591;-83;963;-235
2021-11-13T11:44:54.652;536845199208545974;-89;972;-229
2021-11-13T11:44:54.672;536845199228237357;-132;957;-252
2021-11-13T11:44:54.691;536845199247928740;-148;927;-267
2021-11-13T11:44:54.711;536845199267620123;-155;909;-280
2021-11-13T11:44:54.731;536845199287311506;-70;954;-237
2021-11-13T11:44:54.750;536845199307002889;-82;984;-211
2021-11-13T11:44:54.770;536845199326694272;-136;980;-238
2021-11-13T11:44:54.790;536845199346385655;-209;948;-307
2021-11-13T11:44:54.810;536845199366077038;-246;937;-353
2021-11-13T11:44:54.829;536845199385768421;-139;877;-328
2021-11-13T11:44:54.849;536845199405459804;-181;955;-316
2021-11-13T11:44:54.869;536845199425151187;-215;861;-391
2021-11-13T11:44:54.888;536845199444842570;-208;920;-344
2021-11-13T11:44:54.908;536845199464533953;-201;883;-387
2021-11-13T11:44:54.928;536845199484225336;-89;964;-258
2021-11-13T11:44:54.947;536845199503916719;-124;970;-262
2021-11-13T11:44:54.967;536845199523608102;-116;959;-277
2021-11-13T11:44:54.987;536845199543299485;-115;943;-311
2021-11-13T11:44:55.006;536845199562990868;-43;926;-240
2021-11-13T11:44:55.026;536845199582682251;-2;932;-88
2021-11-13T11:44:55.046;536845199602373634;-125;1010;-134
2021-11-13T11:44:55.066;536845199622065017;-138;934;-271
2021-11-13T11:44:55.085;536845199641756400;297;988;-101
2021-11-13T11:44:55.105;536845199661447783;-279;969;-398
2021-11-13T11:44:55.125;536845199681139166;166;939;-143
2021-11-13T11:44:55.144;536845199700830549;10;1057;-166
2021-11-13T11:44:55.164;536845199720521932;-238;870;-378
2021-11-13T11:44:55.184;536845199740222807;53;1036;-123
2021-11-13T11:44:55.203;536845199759923656;2;913;-186
2021-11-13T11:44:55.223;536845199779624505;-34;948;-151
2021-11-13T11:44:55.243;536845199799325354;7;1014;-95
2021-11-13T11:44:55.263;536845199819026203;36;977;-120
2021-11-13T11:44:55.282;536845199838727052;79;976;-117
2021-11-13T11:44:55.302;536845199858427901;94;957;-94
2021-11-13T11:44:55.322;536845199878128750;53;983;-84
2021-11-13T11:44:55.341;536845199897829599;26;992;-102
2021-11-13T11:44:55.361;536845199917530448;86;962;-86
2021-11-13T11:44:55.381;536845199937231297;76;941;-131
2021-11-13T11:44:55.400;536845199956932146;89;987;-97
2021-11-13T11:44:55.420;536845199976632995;101;982;-82
2021-11-13T11:44:55.440;536845199996333844;91;988;-61
2021-11-13T11:44:55.460;536845200016034693;8;1010;-59
2021-11-13T11:44:55.479;536845200035735542;104;1006;-11
2021-11-13T11:44:55.499;536845200055436391;154;925;-39
2021-11-13T11:44:55.519;536845200075137240;104;1021;-40
2021-11-13T11:44:55.538;536845200094838089;109;1008;-21
2021-11-13T11:44:55.558;536845200114538938;11;1101;1
2021-11-13T11:44:55.578;536845200134239787;-3;1056;46
2021-11-13T11:44:55.597;536845200153940636;63;981;-76
2021-11-13T11:44:55.617;536845200173641485;210;769;-279
2021-11-13T11:44:55.637;536845200193342334;294;751;-289
2021-11-13T11:44:55.657;536845200213043183;103;927;-129
2021-11-13T11:44:55.676;536845200232744032;31;1069;14
2021-11-13T11:44:55.696;536845200252444881;21;870;-177
2021-11-13T11:44:55.716;536845200272145730;185;1064;-85
2021-11-13T11:44:55.735;536845200291846579;-14;1115;103
2021-11-13T11:44:55.755;536845200311547428;110;907;-163
2021-11-13T11:44:55.775;536845200331248277;95;988;-114
2021-11-13T11:44:55.794;536845200350949126;45;985;-17
2021-11-13T11:44:55.814;536845200370649975;56;984;-30
2021-11-13T11:44:55.834;536845200390350824;67;981;3
2021-11-13T11:44:55.854;536845200410051673;59;1004;22
2021-11-13T11:44:55.873;536845200429752522;77;973;-54
2021-11-13T11:44:55.893;536845200449454100;100;978;-80
2021-11-13T11:44:55.913;536845200469155678;67;977;-78
2021-11-13T11:44:55.932;536845200488857256;63;972;-102
2021-11-13T11:44:55.952;536845200508558834;91;983;-81
2021-11-13T11:44:55.972;536845200528260412;58;973;-39
2021-11-13T11:44:55.991;536845200547961990;62;966;-38
2021-11-13T11:44:56.011;536845200567663568;66;985;-26
2021-11-13T11:44:56.031;536845200587365146;82;979;-86
2021-11-13T11:44:56.051;536845200607066724;69;987;-57
2021-11-13T11:44:56.070;536845200626768302;69;990;-15
2021-11-13T11:44:56.090;536845200646469880;70;975;5
2021-11-13T11:44:56.110;536845200666171458;49;987;25
2021-11-13T11:44:56.129;536845200685873036;39;982;34
2021-11-13T11:44:56.149;536845200705574614;44;985;22
2021-11-13T11:44:56.169;536845200725276192;50;984;-15
2021-11-13T11:44:56.188;536845200744977770;57;987;-62
2021-11-13T11:44:56.208;536845200764679348;21;986;-22
2021-11-13T11:44:56.228;536845200784380926;-6;985;-20
2021-11-13T11:44:56.248;536845200804082504;-54;1063;-50
2021-11-13T11:44:56.267;536845200823784082;-684;1827;-36
2021-11-13T11:44:56.287;536845200843485660;309;504;30
2021-11-13T11:44:56.307;536845200863187238;560;486;-116
2021-11-13T11:44:56.326;536845200882888816;680;646;-9
2021-11-13T11:44:56.346;536845200902590394;-206;775;-77
2021-11-13T11:44:56.366;536845200922291972;-532;1672;-306
2021-11-13T11:44:56.385;536845200941993550;-199;977;-169
2021-11-13T11:44:56.405;536845200961695128;-44;788;-167
2021-11-13T11:44:56.425;536845200981396706;-125;1033;-232
2021-11-13T11:44:56.445;536845201001098284;-117;976;-263
2021-11-13T11:44:56.464;536845201020799862;-113;909;-265
2021-11-13T11:44:56.484;536845201040501440;-33;927;-212
2021-11-13T11:44:56.504;536845201060203018;-60;1011;-84
2021-11-13T11:44:56.523;536845201079904596;-90;1021;-61
2021-11-13T11:44:56.543;536845201099606174;-136;991;-94
2021-11-13T11:44:56.563;536845201119307752;-857;2315;-518
2021-11-13T11:44:56.582;536845201139009330;1794;-1475;444
2021-11-13T11:44:56.602;536845201158702927;-733;1058;-642
2021-11-13T11:44:56.622;536845201178396494;-940;2603;-616
2021-11-13T11:44:56.642;536845201198090061;223;411;53
2021-11-13T11:44:56.661;536845201217783628;184;379;-205
2021-11-13T11:44:56.681;536845201237477195;-261;1033;-376
2021-11-13T11:44:56.701;536845201257170762;-446;1251;-432
2021-11-13T11:44:56.720;536845201276864329;-195;913;-358
2021-11-13T11:44:56.740;536845201296557896;-93;831;-352
2021-11-13T11:44:56.760;536845201316251463;-151;975;-282
2021-11-13T11:44:56.779;536845201335945030;-197;958;-244
2021-11-13T11:44:56.799;536845201355638597;-165;967;-244
2021-11-13T11:44:56.819;536845201375332164;-153;956;-278
2021-11-13T11:44:56.839;536845201395025731;-171;901;-280
2021-11-13T11:44:56.858;536845201414719298;-210;909;-300
2021-11-13T11:44:56.878;536845201434412865;-183;939;-271
2021-11-13T11:44:56.898;536845201454106432;-229;939;-279
2021-11-13T11:44:56.917;536845201473799999;-349;925;-291
2021-11-13T11:44:56.937;536845201493493566;-417;869;-293
2021-11-13T11:44:56.957;536845201513187133;-384;816;-343
2021-11-13T11:44:56.976;536845201532880700;-262;845;-379
2021-11-13T11:44:56.996;536845201552574267;-198;935;-335
2021-11-13T11:44:57.016;536845201572267834;-164;960;-292
2021-11-13T11:44:57.035;536845201591961401;-214;951;-216
2021-11-13T11:44:57.055;536845201611654968;-237;901;-161
2021-11-13T11:44:57.075;536845201631348535;-262;886;-246
2021-11-13T11:44:57.095;536845201651042102;-282;907;-303
2021-11-13T11:44:57.114;536845201670735669;-354;876;-365
2021-11-13T11:44:57.134;536845201690429236;-310;899;-351
2021-11-13T11:44:57.154;536845201710122803;-214;940;-318
2021-11-13T11:44:57.173;536845201729816370;-214;952;-284
2021-11-13T11:44:57.193;536845201749509937;-245;937;-268
2021-11-13T11:44:57.213;536845201769203504;-249;935;-282
2021-11-13T11:44:57.232;536845201788897071;-224;913;-307
2021-11-13T11:44:57.252;536845201808590638;-224;916;-287
2021-11-13T11:44:57.272;536845201828284205;-244;903;-279
2021-11-13T11:44:57.291;536845201847977772;-239;917;-248
2021-11-13T11:44:57.311;536845201867672814;-233;928;-235
2021-11-13T11:44:57.331;536845201887367838;-238;913;-262
2021-11-13T11:44:57.351;536845201907062862;-246;906;-298
2021-11-13T11:44:57.370;536845201926757886;-243;903;-310
2021-11-13T11:44:57.390;536845201946452910;-238;927;-301
2021-11-13T11:44:57.410;536845201966147934;-231;918;-313
2021-11-13T11:44:57.429;536845201985842958;-240;918;-307
2021-11-13T11:44:57.449;536845202005537982;-247;912;-308
2021-11-13T11:44:57.469;536845202025233006;-245;911;-310
2021-11-13T11:44:57.488;536845202044928030;-230;925;-295
2021-11-13T11:44:57.508;536845202064623054;-230;919;-291
2021-11-13T11:44:57.528;536845202084318078;-241;918;-274
2021-11-13T11:44:57.548;536845202104013102;-243;910;-267
2021-11-13T11:44:57.567;536845202123708126;-243;911;-269
2021-11-13T11:44:57.587;536845202143403150;-244;916;-277
2021-11-13T11:44:57.607;536845202163098174;-241;916;-295
2021-11-13T11:44:57.626;536845202182793198;-240;917;-283
2021-11-13T11:44:57.646;536845202202488222;-242;914;-267
2021-11-13T11:44:57.666;536845202222183246;-250;923;-262
2021-11-13T11:44:57.685;536845202241878270;-239;927;-268
2021-11-13T11:44:57.705;536845202261573294;-233;925;-266
2021-11-13T11:44:57.725;536845202281268318;-242;923;-263
2021-11-13T11:44:57.744;536845202300963342;-256;915;-273
2021-11-13T11:44:57.764;536845202320658366;-249;913;-283
2021-11-13T11:44:57.784;536845202340353390;-247;905;-295
2021-11-13T11:44:57.804;536845202360048414;-247;917;-288
2021-11-13T11:44:57.823;536845202379743438;-244;925;-282
2021-11-13T11:44:57.843;536845202399438462;-244;922;-277
2021-11-13T11:44:57.863;536845202419133486;-245;930;-259
2021-11-13T11:44:57.882;536845202438828510;-264;953;-253
2021-11-13T11:44:57.902;536845202458523534;-261;966;-260
2021-11-13T11:44:57.922;536845202478218558;-241;921;-260
2021-11-13T11:44:57.941;536845202497913582;-248;913;-258
2021-11-13T11:44:57.961;536845202517608606;-230;935;-191
2021-11-13T11:44:57.981;536845202537303630;-230;946;-193
2021-11-13T11:44:58.000;536845202556998654;-141;934;-226
2021-11-13T11:44:58.020;536845202576700232;-163;927;-230
2021-11-13T11:44:58.040;536845202596401810;-120;945;-212
2021-11-13T11:44:58.060;536845202616103388;-110;946;-230
2021-11-13T11:44:58.079;536845202635804966;-90;969;-186
2021-11-13T11:44:58.099;536845202655506544;-43;956;-106
2021-11-13T11:44:58.119;536845202675208122;-104;960;-185
2021-11-13T11:44:58.138;536845202694909700;-78;984;-234
2021-11-13T11:44:58.158;536845202714611278;-86;984;-241
2021-11-13T11:44:58.178;536845202734312856;-37;976;-188
2021-11-13T11:44:58.198;536845202754014434;-49;968;-210
2021-11-13T11:44:58.217;536845202773716012;-99;976;-211
2021-11-13T11:44:58.237;536845202793417590;-115;938;-248
2021-11-13T11:44:58.257;536845202813119168;-90;947;-228
2021-11-13T11:44:58.276;536845202832820746;-111;986;-188
2021-11-13T11:44:58.296;536845202852522324;-110;963;-241
2021-11-13T11:44:58.316;536845202872223902;-21;953;-198
2021-11-13T11:44:58.335;536845202891925480;-90;987;-181
2021-11-13T11:44:58.355;536845202911627058;-86;1020;-170
2021-11-13T11:44:58.375;536845202931328636;-162;952;-280
2021-11-13T11:44:58.395;536845202951030214;-212;917;-399
2021-11-13T11:44:58.414;536845202970731792;-130;884;-302
2021-11-13T11:44:58.434;536845202990433370;-189;929;-317
2021-11-13T11:44:58.454;536845203010134948;-133;923;-350
2021-11-13T11:44:58.473;536845203029836526;-157;934;-312
2021-11-13T11:44:58.493;536845203049538104;-127;938;-328
2021-11-13T11:44:58.513;536845203069239682;-125;927;-264
2021-11-13T11:44:58.532;536845203088941260;-118;983;-188
2021-11-13T11:44:58.552;536845203108642838;-135;958;-204
2021-11-13T11:44:58.572;536845203128344416;-117;977;-183
2021-11-13T11:44:58.592;536845203148045994;-99;984;-187
2021-11-13T11:44:58.611;536845203167747572;-63;965;-224
2021-11-13T11:44:58.631;536845203187449150;0;943;-235
2021-11-13T11:44:58.651;536845203207150728;-81;933;-246
2021-11-13T11:44:58.670;536845203226852306;-85;975;-191
2021-11-13T11:44:58.690;536845203246553884;11;952;-157
2021-11-13T11:44:58.710;536845203266255462;214;1000;97
2021-11-13T11:44:58.729;536845203285949762;-172;887;-174
2021-11-13T11:44:58.749;536845203305644058;-113;1071;-438
2021-11-13T11:44:58.769;536845203325338354;168;1044;-30
2021-11-13T11:44:58.789;536845203345032650;-187;958;-212
2021-11-13T11:44:58.808;536845203364726946;81;927;-143
2021-11-13T11:44:58.828;536845203384421242;105;937;-76
2021-11-13T11:44:58.848;536845203404115538;69;988;-103
2021-11-13T11:44:58.867;536845203423809834;24;968;-96
2021-11-13T11:44:58.887;536845203443504130;14;979;-76
2021-11-13T11:44:58.907;536845203463198426;102;986;-54
2021-11-13T11:44:58.926;536845203482892722;118;971;-29
2021-11-13T11:44:58.946;536845203502587018;78;976;-33
2021-11-13T11:44:58.966;536845203522281314;56;986;-60
2021-11-13T11:44:58.985;536845203541975610;91;974;-113
2021-11-13T11:44:59.005;536845203561669906;55;999;-95
2021-11-13T11:44:59.025;536845203581364202;131;968;-51
2021-11-13T11:44:59.045;536845203601058498;197;973;-122
2021-11-13T11:44:59.064;536845203620752794;90;1004;-136
2021-11-13T11:44:59.084;536845203640447090;256;976;89
2021-11-13T11:44:59.104;536845203660141386;299;1019;-147
2021-11-13T11:44:59.123;536845203679835682;-36;780;-309
2021-11-13T11:44:59.143;536845203699529978;135;1147;-36
2021-11-13T11:44:59.163;536845203719224274;122;912;-27
2021-11-13T11:44:59.182;536845203738918570;104;1016;15
2021-11-13T11:44:59.202;536845203758612866;-26;995;8
2021-11-13T11:44:59.222;536845203778307162;48;968;-52
2021-11-13T11:44:59.241;536845203798001458;96;962;-140
2021-11-13T11:44:59.261;536845203817695754;162;982;-212
2021-11-13T11:44:59.281;536845203837390050;127;956;-187
2021-11-13T11:44:59.301;536845203857084346;116;981;-183
2021-11-13T11:44:59.320;536845203876778642;48;967;-120
2021-11-13T11:44:59.340;536845203896472938;58;974;-108
2021-11-13T11:44:59.360;536845203916167234;61;979;-89
2021-11-13T11:44:59.379;536845203935861530;97;982;-89
2021-11-13T11:44:59.399;536845203955555826;102;979;-106
2021-11-13T11:44:59.419;536845203975250122;110;977;-117
2021-11-13T11:44:59.438;536845203994946628;107;974;-104
2021-11-13T11:44:59.458;536845204014643108;104;982;-112
2021-11-13T11:44:59.478;536845204034339588;82;973;-94
2021-11-13T11:44:59.498;536845204054036068;97;984;-109
2021-11-13T11:44:59.517;536845204073732548;107;978;-107
2021-11-13T11:44:59.537;536845204093429028;130;976;-123
2021-11-13T11:44:59.557;536845204113125508;118;981;-80
2021-11-13T11:44:59.576;536845204132821988;120;958;-69
2021-11-13T11:44:59.596;536845204152518468;97;979;-108
2021-11-13T11:44:59.616;536845204172214948;107;980;-93
2021-11-13T11:44:59.635;536845204191911428;106;990;-38
2021-11-13T11:44:59.655;536845204211607908;81;982;-29
2021-11-13T11:44:59.675;536845204231304388;45;981;8
2021-11-13T11:44:59.694;536845204251000868;13;982;-16
2021-11-13T11:44:59.714;536845204270697348;26;986;-69
2021-11-13T11:44:59.734;536845204290393828;46;986;-99
2021-11-13T11:44:59.754;536845204310090308;43;988;-123
2021-11-13T11:44:59.773;536845204329786788;-22;1049;-101
2021-11-13T11:44:59.793;536845204349483268;-566;1568;-28
2021-11-13T11:44:59.813;536845204369179748;159;834;23
2021-11-13T11:44:59.832;536845204388876228;913;298;83
2021-11-13T11:44:59.852;536845204408572708;498;629;82
2021-11-13T11:44:59.872;536845204428269188;-432;1476;-242
2021-11-13T11:44:59.891;536845204447965668;-294;1222;-329
2021-11-13T11:44:59.911;536845204467662148;39;781;-217
2021-11-13T11:44:59.931;536845204487358628;13;902;-285
2021-11-13T11:44:59.951;536845204507055108;-33;980;-303
2021-11-13T11:44:59.970;536845204526751588;-68;947;-288
2021-11-13T11:44:59.990;536845204546448068;-34;893;-304
2021-11-13T11:45:00.010;536845204566144548;-52;941;-227
2021-11-13T11:45:00.029;536845204585841028;-86;1009;-206
2021-11-13T11:45:00.049;536845204605537508;-105;970;-244
2021-11-13T11:45:00.069;536845204625233988;-91;931;-268
2021-11-13T11:45:00.088;536845204644930468;-92;958;-253
2021-11-13T11:45:00.108;536845204664626948;-105;968;-254
2021-11-13T11:45:00.128;536845204684323428;-124;939;-251
2021-11-13T11:45:00.148;536845204704029406;-148;909;-274
2021-11-13T11:45:00.167;536845204723735352;-168;956;-245
2021-11-13T11:45:00.187;536845204743441298;-173;934;-302
2021-11-13T11:45:00.207;536845204763147244;-130;906;-370
2021-11-13T11:45:00.226;536845204782853190;-182;897;-358
2021-11-13T11:45:00.246;536845204802559136;-247;900;-389
2021-11-13T11:45:00.266;536845204822265082;-235;864;-417
2021-11-13T11:45:00.285;536845204841971028;-181;898;-410
2021-11-13T11:45:00.305;536845204861676974;-238;923;-382
2021-11-13T11:45:00.325;536845204881382920;-267;885;-391
2021-11-13T11:45:00.345;536845204901088866;-245;906;-374
2021-11-13T11:45:00.364;536845204920794812;-175;914;-342
2021-11-13T11:45:00.384;536845204940500758;-194;904;-271
2021-11-13T11:45:00.404;536845204960206704;-177;965;-207
2021-11-13T11:45:00.423;536845204979912650;-205;961;-239
2021-11-13T11:45:00.443;536845204999618596;-210;937;-287
2021-11-13T11:45:00.463;536845205019324542;-241;886;-380
2021-11-13T11:45:00.483;536845205039030488;-253;856;-444
2021-11-13T11:45:00.502;536845205058736434;-240;865;-417
2021-11-13T11:45:00.522;536845205078442380;-357;875;-400
2021-11-13T11:45:00.542;536845205098148326;-452;843;-414
2021-11-13T11:45:00.561;536845205117854272;-456;816;-430
2021-11-13T11:45:00.581;536845205137560218;-372;861;-395
2021-11-13T11:45:00.601;536845205157266164;-248;913;-312
2021-11-13T11:45:00.620;536845205176972110;-152;974;-202
2021-11-13T11:45:00.640;536845205196678056;-151;936;-260
2021-11-13T11:45:00.660;536845205216384002;-173;911;-237
2021-11-13T11:45:00.680;536845205236089948;-237;921;-239
2021-11-13T11:45:00.699;536845205255795894;-311;887;-306
2021-11-13T11:45:00.719;536845205275501840;-360;874;-370
2021-11-13T11:45:00.739;536845205295207786;-378;866;-387
2021-11-13T11:45:00.758;536845205314913732;-315;863;-420
2021-11-13T11:45:00.778;536845205334619678;-227;891;-424
2021-11-13T11:45:00.798;536845205354325624;-205;931;-364
2021-11-13T11:45:00.818;536845205374031570;-249;912;-310
2021-11-13T11:45:00.837;536845205393737516;-305;906;-320
2021-11-13T11:45:00.857;536845205413436193;-276;887;-334
2021-11-13T11:45:00.877;536845205433134858;-236;885;-348
2021-11-13T11:45:00.896;536845205452833523;-240;905;-321
2021-11-13T11:45:00.916;536845205472532188;-257;913;-269
2021-11-13T11:45:00.936;536845205492230853;-241;904;-272
2021-11-13T11:45:00.955;536845205511929518;-229;916;-300
2021-11-13T11:45:00.975;536845205531628183;-220;912;-306
2021-11-13T11:45:00.995;536845205551326848;-243;901;-315
2021-11-13T11:45:01.015;536845205571025513;-255;905;-328
2021-11-13T11:45:01.034;536845205590724178;-254;909;-330
2021-11-13T11:45:01.054;536845205610422843;-243;901;-350
2021-11-13T11:45:01.074;536845205630121508;-241;906;-333
2021-11-13T11:45:01.093;536845205649820173;-249;908;-331
2021-11-13T11:45:01.113;536845205669518838;-247;905;-303
2021-11-13T11:45:01.133;536845205689217503;-244;900;-297
2021-11-13T11:45:01.152;536845205708916168;-240;905;-283
2021-11-13T11:45:01.172;536845205728614833;-239;911;-280
2021-11-13T11:45:01.192;536845205748313498;-241;909;-276
2021-11-13T11:45:01.212;536845205768012163;-250;905;-279
2021-11-13T11:45:01.231;536845205787710828;-252;914;-289
2021-11-13T11:45:01.251;536845205807409493;-251;908;-303
2021-11-13T11:45:01.271;536845205827108158;-250;905;-316
2021-11-13T11:45:01.290;536845205846806823;-250;910;-312
2021-11-13T11:45:01.310;536845205866505488;-245;915;-286
2021-11-13T11:45:01.330;536845205886204153;-242;922;-279
2021-11-13T11:45:01.349;536845205905902818;-242;908;-287
2021-11-13T11:45:01.369;536845205925601483;-246;903;-300
2021-11-13T11:45:01.389;536845205945300148;-250;905;-295
2021-11-13T11:45:01.408;536845205964998813;-248;909;-302
2021-11-13T11:45:01.428;536845205984697478;-243;906;-298
2021-11-13T11:45:01.448;536845206004396143;-244;906;-289
2021-11-13T11:45:01.468;536845206024094808;-242;916;-283
2021-11-13T11:45:01.487;536845206043793473;-242;919;-281
2021-11-13T11:45:01.507;536845206063492138;-240;917;-282
2021-11-13T11:45:01.527;536845206083190803;-243;913;-287
2021-11-13T11:45:01.546;536845206102889468;-246;914;-283
2021-11-13T11:45:01.566;536845206122594720;-248;916;-279
2021-11-13T11:45:01.586;536845206142299938;-244;912;-287
2021-11-13T11:45:01.605;536845206162005156;-241;916;-284
2021-11-13T11:45:01.625;536845206181710374;-245;919;-275
2021-11-13T11:45:01.645;536845206201415592;-244;918;-276
2021-11-13T11:45:01.665;536845206221120810;-241;919;-279
2021-11-13T11:45:01.684;536845206240826028;-242;921;-271
2021-11-13T11:45:01.704;536845206260531246;-242;927;-261
2021-11-13T11:45:01.724;536845206280236464;-248;931;-273
2021-11-13T11:45:01.743;536845206299941682;-263;918;-303
2021-11-13T11:45:01.763;536845206319646900;-270;937;-294
2021-11-13T11:45:01.783;536845206339352118;-262;951;-294
2021-11-13T11:45:01.803;536845206359057336;-222;934;-287
2021-11-13T11:45:01.822;536845206378762554;-198;893;-253
2021-11-13T11:45:01.842;536845206398467772;-215;910;-207
2021-11-13T11:45:01.862;536845206418172990;-228;929;-215
2021-11-13T11:45:01.881;536845206437878208;-214;927;-265
2021-11-13T11:45:01.901;536845206457583426;-174;940;-263
2021-11-13T11:45:01.921;536845206477288644;-136;960;-212
2021-11-13T11:45:01.940;536845206496993862;-110;970;-152
2021-11-13T11:45:01.960;536845206516699080;-106;956;-185
2021-11-13T11:45:01.980;536845206536404298;-122;969;-230
2021-11-13T11:45:02.000;536845206556109516;-162;972;-236
2021-11-13T11:45:02.019;536845206575814734;-208;939;-263
2021-11-13T11:45:02.039;536845206595519952;-125;937;-229
2021-11-13T11:45:02.059;536845206615225170;-140;916;-223
2021-11-13T11:45:02.078;536845206634930388;-113;969;-209
2021-11-13T11:45:02.098;536845206654635606;-126;982;-238
2021-11-13T11:45:02.118;536845206674340824;-107;955;-213
2021-11-13T11:45:02.138;536845206694046042;-104;961;-193
2021-11-13T11:45:02.157;536845206713751260;-114;983;-164
2021-11-13T11:45:02.177;536845206733456478;-124;976;-219
2021-11-13T11:45:02.197;536845206753161696;-126;956;-241
2021-11-13T11:45:02.216;536845206772866914;-160;950;-224
2021-11-13T11:45:02.236;536845206792572132;-171;942;-310
2021-11-13T11:45:02.256;536845206812277350;-315;952;-439
2021-11-13T11:45:02.275;536845206831976753;-170;812;-378
2021-11-13T11:45:02.295;536845206851676146;-249;961;-337
2021-11-13T11:45:02.315;536845206871375539;-105;908;-299
2021-11-13T11:45:02.335;536845206891074932;-113;977;-208
2021-11-13T11:45:02.354;536845206910774325;-97;963;-139
2021-11-13T11:45:02.374;536845206930473718;81;963;58
2021-11-13T11:45:02.394;536845206950173111;-189;974;-177
2021-11-13T11:45:02.413;536845206969872504;-249;1026;-500
2021-11-13T11:45:02.433;536845206989571897;86;968;-226
2021-11-13T11:45:02.453;536845207009271290;43;872;-177
2021-11-13T11:45:02.472;536845207028970683;93;905;-192
2021-11-13T11:45:02.492;536845207048670076;166;1026;152
2021-11-13T11:45:02.512;536845207068369469;-125;947;14
2021-11-13T11:45:02.532;536845207088068862;-342;1074;-765
2021-11-13T11:45:02.551;536845207107768255;304;950;277
2021-11-13T11:45:02.571;536845207127467648;-42;985;-289
2021-11-13T11:45:02.591;536845207147167041;46;994;-101
2021-11-13T11:45:02.610;536845207166866434;-27;959;-119
2021-11-13T11:45:02.630;536845207186565827;24;936;-97
2021-11-13T11:45:02.650;536845207206265220;5;972;-95
2021-11-13T11:45:02.669;536845207225964613;59;1010;-103
2021-11-13T11:45:02.689;536845207245664006;70;973;-63
2021-11-13T11:45:02.709;536845207265363399;62;988;-3
2021-11-13T11:45:02.729;536845207285062792;41;982;-25
2021-11-13T11:45:02.748;536845207304762185;29;968;-27
2021-11-13T11:45:02.768;536845207324461578;36;975;-71
2021-11-13T11:45:02.788;536845207344160971;95;978;-78
2021-11-13T11:45:02.807;536845207363860364;80;976;-116
2021-11-13T11:45:02.827;536845207383559757;125;973;-110
2021-11-13T11:45:02.847;536845207403259150;44;1009;-88
2021-11-13T11:45:02.866;536845207422958543;35;1022;19
2021-11-13T11:45:02.886;536845207442657936;114;951;-14
2021-11-13T11:45:02.906;536845207462357329;154;959;-82
2021-11-13T11:45:02.926;536845207482056722;111;1008;-28
2021-11-13T11:45:02.945;536845207501756115;112;985;-97
2021-11-13T11:45:02.965;536845207521455508;79;997;-63
2021-11-13T11:45:02.985;536845207541149816;33;987;18
2021-11-13T11:45:03.004;536845207560844112;-16;1014;34
2021-11-13T11:45:03.024;536845207580538408;-190;1040;73
2021-11-13T11:45:03.044;536845207600232704;-106;1050;-14
2021-11-13T11:45:03.063;536845207619927000;27;1054;-108
2021-11-13T11:45:03.083;536845207639621296;32;990;-127
2021-11-13T11:45:03.103;536845207659315592;-108;1054;391
2021-11-13T11:45:03.122;536845207679009888;8;743;145
2021-11-13T11:45:03.142;536845207698704184;189;607;-858
2021-11-13T11:45:03.162;536845207718398480;479;664;-948
2021-11-13T11:45:03.182;536845207738092776;77;1102;86
2021-11-13T11:45:03.201;536845207757787072;-448;1331;385
2021-11-13T11:45:03.221;536845207777481368;24;939;-144
2021-11-13T11:45:03.241;536845207797175664;50;1045;-165
2021-11-13T11:45:03.260;536845207816869960;-123;966;-98
2021-11-13T11:45:03.280;536845207836564256;-24;1001;-83
2021-11-13T11:45:03.300;536845207856258552;-27;985;-30
2021-11-13T11:45:03.319;536845207875952848;-6;986;-115
2021-11-13T11:45:03.339;536845207895647144;-12;961;-147
2021-11-13T11:45:03.359;536845207915341440;-8;982;-161
2021-11-13T11:45:03.379;536845207935035736;-8;975;-131
2021-11-13T11:45:03.398;536845207954730032;-40;983;-131
2021-11-13T11:45:03.418;536845207974424328;-24;974;-120
2021-11-13T11:45:03.438;536845207994118624;-30;983;-105
2021-11-13T11:45:03.457;536845208013812920;-30;979;-90
2021-11-13T11:45:03.477;536845208033507216;-17;985;-91
2021-11-13T11:45:03.497;536845208053201512;-9;984;-74
2021-11-13T11:45:03.516;536845208072895808;-24;987;-64
2021-11-13T11:45:03.536;536845208092590104;-32;986;-55
2021-11-13T11:45:03.556;536845208112284400;-4;982;-65
2021-11-13T11:45:03.575;536845208131978696;2;984;-85
2021-11-13T11:45:03.595;536845208151672992;2;985;-80
2021-11-13T11:45:03.615;536845208171367288;2;988;-81
2021-11-13T11:45:03.635;536845208191061584;3;975;-89
2021-11-13T11:45:03.654;536845208210755880;9;980;-71
2021-11-13T11:45:03.674;536845208230450176;24;976;-63
2021-11-13T11:45:03.694;536845208250145940;6;980;-85
2021-11-13T11:45:03.713;536845208269841692;23;979;-75
2021-11-13T11:45:03.733;536845208289537444;-4;977;-75
2021-11-13T11:45:03.753;536845208309233196;24;983;-84
2021-11-13T11:45:03.772;536845208328928948;40;978;-80
2021-11-13T11:45:03.792;536845208348624700;13;976;-72
2021-11-13T11:45:03.812;536845208368320452;-8;981;-93
2021-11-13T11:45:03.832;536845208388016204;17;975;-106
2021-11-13T11:45:03.851;536845208407711956;71;982;-116
2021-11-13T11:45:03.871;536845208427407708;43;994;-38
2021-11-13T11:45:03.891;536845208447103460;-3;980;13
2021-11-13T11:45:03.910;536845208466799212;11;1006;37
2021-11-13T11:45:03.930;536845208486494964;67;1000;62
2021-11-13T11:45:03.950;536845208506190716;102;946;72
2021-11-13T11:45:03.969;536845208525886468;66;1030;17
2021-11-13T11:45:03.989;536845208545582220;30;972;0
2021-11-13T11:45:04.009;536845208565277972;20;966;-31
2021-11-13T11:45:04.028;536845208584973724;-37;1015;-55
2021-11-13T11:45:04.048;536845208604669476;-44;980;-154
2021-11-13T11:45:04.068;536845208624365228;-12;984;-120
2021-11-13T11:45:04.088;536845208644060980;-17;978;-52
2021-11-13T11:45:04.107;536845208663756732;-34;974;-56
2021-11-13T11:45:04.127;536845208683452484;-15;978;-27
2021-11-13T11:45:04.147;536845208703148236;-41;999;-21
2021-11-13T11:45:04.166;536845208722843988;-49;1003;-64
2021-11-13T11:45:04.186;536845208742539740;-43;968;-77
2021-11-13T11:45:04.206;536845208762235492;-43;896;-116
2021-11-13T11:45:04.225;536845208781931244;-51;955;-99
2021-11-13T11:45:04.245;536845208801626996;-102;973;-139
2021-11-13T11:45:04.265;536845208821322748;-66;978;-208
2021-11-13T11:45:04.285;536845208841018500;-112;988;-235
2021-11-13T11:45:04.304;536845208860714252;-130;976;-261
2021-11-13T11:45:04.324;536845208880410004;-177;964;-253
2021-11-13T11:45:04.344;536845208900105756;-136;937;-206
2021-11-13T11:45:04.363;536845208919801508;-156;986;-229
2021-11-13T11:45:04.383;536845208939497260;-117;888;-411
2021-11-13T11:45:04.403;536845208959195941;-118;914;-189
2021-11-13T11:45:04.422;536845208978894606;-335;970;-88
2021-11-13T11:45:04.442;536845208998593271;-108;855;-381
2021-11-13T11:45:04.462;536845209018291936;-113;977;-361
2021-11-13T11:45:04.481;536845209037990601;-204;933;-283
2021-11-13T11:45:04.501;536845209057689266;-236;912;-175
2021-11-13T11:45:04.521;536845209077387931;-244;994;-189
2021-11-13T11:45:04.541;536845209097086596;-207;1025;-233
2021-11-13T11:45:04.560;536845209116785261;-236;900;-251
2021-11-13T11:45:04.580;536845209136483926;-210;905;-292
2021-11-13T11:45:04.600;536845209156182591;-79;856;-406
2021-11-13T11:45:04.619;536845209175881256;-133;922;-323
2021-11-13T11:45:04.639;536845209195579921;-275;950;-150
2021-11-13T11:45:04.659;536845209215278586;-385;935;-86
2021-11-13T11:45:04.678;536845209234977251;-350;902;-246
2021-11-13T11:45:04.698;536845209254675916;-285;859;-325
2021-11-13T11:45:04.718;536845209274374581;-211;867;-286
2021-11-13T11:45:04.738;536845209294073246;-379;831;-383
2021-11-13T11:45:04.757;536845209313771911;-415;899;-429
2021-11-13T11:45:04.777;536845209333470576;-345;960;-385
2021-11-13T11:45:04.797;536845209353169241;-277;857;-403
2021-11-13T11:45:04.816;536845209372867906;-249;891;-332
2021-11-13T11:45:04.836;536845209392566571;-273;933;-270
2021-11-13T11:45:04.856;536845209412265236;-267;901;-246
2021-11-13T11:45:04.875;536845209431963901;-257;915;-249
2021-11-13T11:45:04.895;536845209451662566;-262;933;-243
2021-11-13T11:45:04.915;536845209471361231;-239;924;-248
2021-11-13T11:45:04.935;536845209491059896;-244;902;-256
2021-11-13T11:45:04.954;536845209510758561;-238;942;-263
2021-11-13T11:45:04.974;536845209530457226;-235;925;-321
2021-11-13T11:45:04.994;536845209550155891;-278;892;-347
2021-11-13T11:45:05.013;536845209569854556;-289;894;-342
2021-11-13T11:45:05.033;536845209589553221;-322;883;-362
2021-11-13T11:45:05.053;536845209609251886;-294;888;-356
2021-11-13T11:45:05.072;536845209628950551;-283;907;-324
2021-11-13T11:45:05.092;536845209648649216;-250;905;-297
2021-11-13T11:45:05.112;536845209668347889;-238;920;-270
2021-11-13T11:45:05.132;536845209688046554;-235;934;-253
2021-11-13T11:45:05.151;536845209707745219;-232;927;-249
2021-11-13T11:45:05.171;536845209727443884;-249;924;-281
2021-11-13T11:45:05.191;536845209747142549;-290;884;-337
2021-11-13T11:45:05.210;536845209766841214;-303;873;-351
2021-11-13T11:45:05.230;536845209786539879;-294;896;-340
2021-11-13T11:45:05.250;536845209806238544;-255;905;-326
2021-11-13T11:45:05.269;536845209825937209;-269;909;-312
2021-11-13T11:45:05.289;536845209845635874;-260;918;-281
2021-11-13T11:45:05.309;536845209865334539;-264;923;-264
2021-11-13T11:45:05.329;536845209885033204;-266;916;-268
2021-11-13T11:45:05.348;536845209904731869;-276;902;-275
2021-11-13T11:45:05.368;536845209924430534;-260;914;-272
2021-11-13T11:45:05.388;536845209944129199;-241;920;-265
2021-11-13T11:45:05.407;536845209963827864;-241;926;-259
2021-11-13T11:45:05.427;536845209983526529;-253;923;-256
2021-11-13T11:45:05.447;536845210003225194;-278;908;-274
2021-11-13T11:45:05.466;536845210022923859;-278;902;-278
2021-11-13T11:45:05.486;536845210042622524;-264;899;-275
2021-11-13T11:45:05.506;536845210062321189;-250;918;-270
2021-11-13T11:45:05.526;536845210082019854;-241;927;-263
2021-11-13T11:45:05.545;536845210101718519;-246;925;-261
2021-11-13T11:45:05.565;536845210121417184;-255;927;-256
2021-11-13T11:45:05.585;536845210141115849;-265;903;-279
2021-11-13T11:45:05.604;536845210160814514;-263;902;-295
2021-11-13T11:45:05.624;536845210180513179;-247;908;-300
2021-11-13T11:45:05.644;536845210200211844;-245;923;-279
2021-11-13T11:45:05.663;536845210219910509;-253;923;-269
2021-11-13T11:45:05.683;536845210239609174;-255;916;-272
2021-11-13T11:45:05.703;536845210259307839;-259;913;-287
2021-11-13T11:45:05.722;536845210279006504;-248;918;-275
2021-11-13T11:45:05.742;536845210298705169;-239;915;-269
2021-11-13T11:45:05.762;536845210318403834;-242;921;-265
2021-11-13T11:45:05.782;536845210338102499;-245;925;-263
2021-11-13T11:45:05.801;536845210357801164;-245;922;-266
2021-11-13T11:45:05.821;536845210377499833;-246;916;-267
2021-11-13T11:45:05.841;536845210397198498;-249;935;-268
2021-11-13T11:45:05.860;536845210416897163;-244;934;-279
2021-11-13T11:45:05.880;536845210436595828;-243;934;-255
2021-11-13T11:45:05.900;536845210456294493;-242;936;-252
2021-11-13T11:45:05.919;536845210475993158;-228;943;-246
2021-11-13T11:45:05.939;536845210495691823;-195;970;-211
2021-11-13T11:45:05.959;536845210515390488;-186;975;-148
2021-11-13T11:45:05.979;536845210535089153;-164;956;-107
2021-11-13T11:45:05.998;536845210554787818;-135;929;-63
2021-11-13T11:45:06.018;536845210574486483;-177;913;-155
2021-11-13T11:45:06.038;536845210594185148;-186;966;-234
2021-11-13T11:45:06.057;536845210613883813;-174;976;-267
2021-11-13T11:45:06.077;536845210633582478;-158;970;-263
2021-11-13T11:45:06.097;536845210653281143;-148;944;-235
2021-11-13T11:45:06.116;536845210672979808;-131;947;-239
2021-11-13T11:45:06.136;536845210692678473;-95;953;-192
2021-11-13T11:45:06.156;536845210712377138;-71;914;-131
2021-11-13T11:45:06.176;536845210732075803;-85;943;-119
2021-11-13T11:45:06.195;536845210751774468;-92;1011;-162
2021-11-13T11:45:06.215;536845210771473133;-66;988;-164
2021-11-13T11:45:06.235;536845210791171798;-33;983;-148
2021-11-13T11:45:06.254;536845210810870463;-38;979;-191
2021-11-13T11:45:06.274;536845210830569128;-28;991;-158
2021-11-13T11:45:06.294;536845210850267793;-83;1022;-162
2021-11-13T11:45:06.313;536845210869966458;-120;954;-232
2021-11-13T11:45:06.333;536845210889665123;-165;901;-279
2021-11-13T11:45:06.353;536845210909363788;-178;913;-302
2021-11-13T11:45:06.373;536845210929062453;-173;929;-245
2021-11-13T11:45:06.392;536845210948761118;-47;897;-136
2021-11-13T11:45:06.412;536845210968459783;-346;1040;-442
2021-11-13T11:45:06.432;536845210988158448;-101;884;-189
2021-11-13T11:45:06.451;536845211007857113;-217;933;-328
2021-11-13T11:45:06.471;536845211027555778;-118;977;-279
2021-11-13T11:45:06.491;536845211047254443;-143;913;-300
2021-11-13T11:45:06.510;536845211066953108;-153;914;-324
2021-11-13T11:45:06.530;536845211086644511;-81;920;-352
2021-11-13T11:45:06.550;536845211106335894;0;959;-267
2021-11-13T11:45:06.570;536845211126027277;-20;976;-289
2021-11-13T11:45:06.589;536845211145718660;-14;945;-259
2021-11-13T11:45:06.609;536845211165410043;-14;918;-208
2021-11-13T11:45:06.629;536845211185101426;-16;966;-162
2021-11-13T11:45:06.648;536845211204792809;43;1016;-64
2021-11-13T11:45:06.668;536845211224484192;83;896;17
2021-11-13T11:45:06.688;536845211244175575;-41;1104;-237
2021-11-13T11:45:06.707;536845211263866958;-84;961;-177
2021-11-13T11:45:06.727;536845211283558341;12;999;-197
2021-11-13T11:45:06.747;536845211303249724;31;878;-242
2021-11-13T11:45:06.766;536845211322941107;90;925;-199
2021-11-13T11:45:06.786;536845211342632490;48;986;-155
2021-11-13T11:45:06.806;536845211362323873;32;960;-105
2021-11-13T11:45:06.826;536845211382015256;56;982;-67
2021-11-13T11:45:06.845;536845211401706639;52;991;-29
2021-11-13T11:45:06.865;536845211421398022;83;990;-15
2021-11-13T11:45:06.885;536845211441089405;109;982;-74
2021-11-13T11:45:06.904;536845211460780788;134;991;-84
2021-11-13T11:45:06.924;536845211480472171;114;983;-124
2021-11-13T11:45:06.944;536845211500163554;82;976;-169
2021-11-13T11:45:06.963;536845211519854937;42;988;-139
2021-11-13T11:45:06.983;536845211539546320;92;983;-59
2021-11-13T11:45:07.003;536845211559237703;218;935;-77
2021-11-13T11:45:07.022;536845211578929086;137;973;-110
2021-11-13T11:45:07.042;536845211598620469;178;974;-107
2021-11-13T11:45:07.062;536845211618311852;73;999;-96
2021-11-13T11:45:07.081;536845211638003235;133;969;-45
2021-11-13T11:45:07.101;536845211657694618;159;951;-130
2021-11-13T11:45:07.121;536845211677386001;162;991;-32
2021-11-13T11:45:07.141;536845211697077384;191;946;-50
2021-11-13T11:45:07.160;536845211716768767;142;989;-52
2021-11-13T11:45:07.180;536845211736460150;121;970;-55
2021-11-13T11:45:07.200;536845211756151533;131;966;-54
2021-11-13T11:45:07.219;536845211775842916;124;985;-49
2021-11-13T11:45:07.239;536845211795541585;130;964;-64
2021-11-13T11:45:07.259;536845211815240250;118;953;-85
2021-11-13T11:45:07.278;536845211834938915;164;977;-95
2021-11-13T11:45:07.298;536845211854637580;125;968;-123
2021-11-13T11:45:07.318;536845211874336245;168;975;-114
2021-11-13T11:45:07.338;536845211894034910;128;966;-94
2021-11-13T11:45:07.357;536845211913733575;157;981;-88
2021-11-13T11:45:07.377;536845211933432240;119;967;-82
2021-11-13T11:45:07.397;536845211953130905;157;985;-91
2021-11-13T11:45:07.416;536845211972829570;122;975;-71
2021-11-13T11:45:07.436;536845211992528235;136;961;-103
2021-11-13T11:45:07.456;536845212012226900;206;998;-26
2021-11-13T11:45:07.475;536845212031925565;84;964;-73
2021-11-13T11:45:07.495;536845212051624230;63;971;-56
2021-11-13T11:45:07.515;536845212071322895;33;998;-16
2021-11-13T11:45:07.535;536845212091021560;47;988;-21
2021-11-13T11:45:07.554;536845212110720225;-73;1094;-21
2021-11-13T11:45:07.574;536845212130418890;-96;1166;4
2021-11-13T11:45:07.594;536845212150117555;43;991;-111
2021-11-13T11:45:07.613;536845212169816220;502;738;-125
2021-11-13T11:45:07.633;536845212189514885;409;842;74
2021-11-13T11:45:07.653;536845212209213550;234;788;56
2021-11-13T11:45:07.672;536845212228912215;-289;1107;-109
2021-11-13T11:45:07.692;536845212248610880;-146;1194;-99
2021-11-13T11:45:07.712;536845212268309545;-11;934;-45
2021-11-13T11:45:07.731;536845212288008210;32;964;-79
2021-11-13T11:45:07.751;536845212307706875;-17;1012;-130
2021-11-13T11:45:07.771;536845212327405540;-1;979;-128
2021-11-13T11:45:07.791;536845212347104205;2;984;-111
2021-11-13T11:45:07.810;536845212366802870;5;987;-74
2021-11-13T11:45:07.830;536845212386501535;-27;946;-80
2021-11-13T11:45:07.850;536845212406200200;-91;961;-119
2021-11-13T11:45:07.869;536845212425898865;-75;1000;-166
2021-11-13T11:45:07.889;536845212445597530;-68;945;-182
2021-11-13T11:45:07.909;536845212465296195;-79;985;-178
2021-11-13T11:45:07.928;536845212484994860;-148;1041;-209
2021-11-13T11:45:07.948;536845212504725569;-778;1759;-301
2021-11-13T11:45:07.968;536845212524456274;691;400;21
2021-11-13T11:45:07.988;536845212544186979;916;-266;124
2021-11-13T11:45:08.007;536845212563917684;-1806;2494;-813
2021-11-13T11:45:08.027;536845212583648389;869;-294;55
2021-11-13T11:45:08.047;536845212603379094;-125;935;-376
2021-11-13T11:45:08.067;536845212623109799;-606;1704;-475
2021-11-13T11:45:08.086;536845212642840504;-133;745;-203
2021-11-13T11:45:08.106;536845212662571209;-106;903;-220
2021-11-13T11:45:08.126;536845212682301914;-277;881;-309
2021-11-13T11:45:08.146;536845212702032619;-185;920;-380
2021-11-13T11:45:08.165;536845212721763324;-302;963;-435
2021-11-13T11:45:08.185;536845212741494029;-201;903;-339
2021-11-13T11:45:08.205;536845212761224734;-212;909;-201
2021-11-13T11:45:08.224;536845212780955439;-203;947;-141
2021-11-13T11:45:08.244;536845212800686144;-119;978;-194
2021-11-13T11:45:08.264;536845212820416849;-164;989;-222
2021-11-13T11:45:08.284;536845212840147554;-222;924;-308
2021-11-13T11:45:08.303;536845212859878259;-199;889;-334
2021-11-13T11:45:08.323;536845212879608964;-190;927;-242
2021-11-13T11:45:08.343;536845212899339669;-236;934;-216
2021-11-13T11:45:08.363;536845212919070374;-252;914;-235
2021-11-13T11:45:08.382;536845212938801079;-255;927;-266
2021-11-13T11:45:08.402;536845212958531784;-293;888;-349
2021-11-13T11:45:08.422;536845212978262489;-386;823;-477
2021-11-13T11:45:08.441;536845212997993194;-413;809;-481
2021-11-13T11:45:08.461;536845213017723899;-456;801;-457
2021-11-13T11:45:08.481;536845213037454604;-463;821;-457
2021-11-13T11:45:08.501;536845213057185309;-389;884;-368
2021-11-13T11:45:08.520;536845213076916014;-241;938;-192
2021-11-13T11:45:08.540;536845213096646719;-140;982;-95
2021-11-13T11:45:08.560;536845213116377424;-105;967;-123
2021-11-13T11:45:08.580;536845213136108129;-190;928;-254
2021-11-13T11:45:08.599;536845213155838834;-276;905;-297
2021-11-13T11:45:08.619;536845213175569539;-381;855;-404
2021-11-13T11:45:08.639;536845213195300244;-387;856;-398
2021-11-13T11:45:08.658;536845213214945766;-396;842;-411
2021-11-13T11:45:08.678;536845213234591274;-292;892;-387
2021-11-13T11:45:08.698;536845213254236782;-256;896;-388
2021-11-13T11:45:08.717;536845213273882290;-251;894;-352
2021-11-13T11:45:08.737;536845213293527798;-276;915;-318
2021-11-13T11:45:08.757;536845213313173306;-315;890;-333
2021-11-13T11:45:08.776;536845213332818814;-307;875;-340
2021-11-13T11:45:08.796;536845213352464322;-253;903;-297
2021-11-13T11:45:08.816;536845213372109830;-242;919;-269
2021-11-13T11:45:08.835;536845213391755338;-240;913;-265
2021-11-13T11:45:08.855;536845213411400846;-238;902;-259
2021-11-13T11:45:08.875;536845213431046354;-235;932;-248
2021-11-13T11:45:08.894;536845213450691862;-240;923;-255
2021-11-13T11:45:08.914;536845213470337370;-245;906;-295
2021-11-13T11:45:08.933;536845213489982878;-253;905;-341
2021-11-13T11:45:08.953;536845213509628386;-259;900;-342
2021-11-13T11:45:08.973;536845213529273894;-274;904;-343
2021-11-13T11:45:08.992;536845213548919402;-251;908;-332
2021-11-13T11:45:09.012;536845213568564910;-243;908;-318
2021-11-13T11:45:09.032;536845213588210418;-248;902;-316
2021-11-13T11:45:09.051;536845213607855926;-249;905;-293
2021-11-13T11:45:09.071;536845213627501434;-243;905;-280
2021-11-13T11:45:09.091;536845213647146942;-240;913;-269
2021-11-13T11:45:09.110;536845213666792450;-239;915;-268
2021-11-13T11:45:09.130;536845213686437958;-241;915;-267
2021-11-13T11:45:09.150;536845213706083466;-245;915;-270
2021-11-13T11:45:09.169;536845213725728974;-247;912;-279
2021-11-13T11:45:09.189;536845213745374482;-248;907;-302
2021-11-13T11:45:09.209;536845213765019990;-246;910;-302
2021-11-13T11:45:09.228;536845213784665498;-242;915;-304
2021-11-13T11:45:09.248;536845213804311006;-242;913;-293
2021-11-13T11:45:09.267;536845213823956514;-239;917;-290
2021-11-13T11:45:09.287;536845213843602022;-241;907;-296
2021-11-13T11:45:09.307;536845213863247530;-240;909;-297
2021-11-13T11:45:09.326;536845213882893038;-242;916;-301
2021-11-13T11:45:09.346;536845213902538546;-243;901;-309
2021-11-13T11:45:09.366;536845213922232846;-241;907;-312
2021-11-13T11:45:09.385;536845213941927142;-255;903;-313
2021-11-13T11:45:09.405;536845213961621438;-274;895;-329
2021-11-13T11:45:09.425;536845213981315734;-256;909;-335
2021-11-13T11:45:09.444;536845214001010030;-253;907;-350
2021-11-13T11:45:09.464;536845214020704326;-260;916;-352
2021-11-13T11:45:09.484;536845214040398622;-272;926;-337
2021-11-13T11:45:09.504;536845214060092918;-281;901;-349
2021-11-13T11:45:09.523;536845214079787214;-255;898;-315
2021-11-13T11:45:09.543;536845214099481510;-229;920;-257
2021-11-13T11:45:09.563;536845214119175806;-194;950;-186
2021-11-13T11:45:09.582;536845214138870102;-170;938;-162
2021-11-13T11:45:09.602;536845214158564398;-190;936;-236
2021-11-13T11:45:09.622;536845214178258694;-186;933;-257
2021-11-13T11:45:09.641;536845214197952990;-219;909;-261
2021-11-13T11:45:09.661;536845214217647286;-166;954;-250
2021-11-13T11:45:09.681;536845214237341582;-172;940;-251
2021-11-13T11:45:09.701;536845214257035878;-135;954;-247
2021-11-13T11:45:09.720;536845214276730174;-117;963;-237
2021-11-13T11:45:09.740;536845214296424470;-165;933;-257
2021-11-13T11:45:09.760;536845214316118766;-103;958;-251
2021-11-13T11:45:09.779;536845214335813062;-51;953;-260
2021-11-13T11:45:09.799;536845214355507358;8;979;-219
2021-11-13T11:45:09.819;536845214375201654;-62;975;-215
2021-11-13T11:45:09.838;536845214394895950;-67;981;-204
2021-11-13T11:45:09.858;536845214414590246;-124;971;-213
2021-11-13T11:45:09.878;536845214434284542;-105;970;-238
2021-11-13T11:45:09.897;536845214453978838;-118;934;-289
2021-11-13T11:45:09.917;536845214473673134;-115;955;-284
2021-11-13T11:45:09.937;536845214493367430;-166;944;-251
2021-11-13T11:45:09.957;536845214513061726;-147;933;-237
2021-11-13T11:45:09.976;536845214532756022;-81;963;-105
2021-11-13T11:45:09.996;536845214552450318;-105;1000;-170
2021-11-13T11:45:10.016;536845214572144614;-325;1020;-389
2021-11-13T11:45:10.035;536845214591838910;-118;768;-383
2021-11-13T11:45:10.055;536845214611533206;-216;921;-387
2021-11-13T11:45:10.075;536845214631231145;-134;929;-326
2021-11-13T11:45:10.094;536845214650929082;-140;963;-207
2021-11-13T11:45:10.114;536845214670627019;-173;920;-234
2021-11-13T11:45:10.134;536845214690324956;-90;942;-334
2021-11-13T11:45:10.154;536845214710022893;-31;972;-293
2021-11-13T11:45:10.173;536845214729720830;-86;981;-260
2021-11-13T11:45:10.193;536845214749418767;-87;949;-253
2021-11-13T11:45:10.213;536845214769116704;-56;934;-220
2021-11-13T11:45:10.232;536845214788814641;96;858;-245
2021-11-13T11:45:10.252;536845214808512578;32;949;-279
2021-11-13T11:45:10.272;536845214828210515;14;1063;-186
2021-11-13T11:45:10.291;536845214847908452;-20;991;-70
2021-11-13T11:45:10.311;536845214867606389;1;970;-39
2021-11-13T11:45:10.331;536845214887304326;47;978;-48
2021-11-13T11:45:10.350;536845214907002263;-46;1036;-105
2021-11-13T11:45:10.370;536845214926700200;74;908;-32
2021-11-13T11:45:10.390;536845214946398137;10;969;-123
2021-11-13T11:45:10.410;536845214966096074;25;982;-176
2021-11-13T11:45:10.429;536845214985794011;79;956;-136
2021-11-13T11:45:10.449;536845215005491948;89;979;-112
2021-11-13T11:45:10.469;536845215025189885;106;976;-26
2021-11-13T11:45:10.488;536845215044887822;84;986;-20
2021-11-13T11:45:10.508;536845215064585759;62;979;-18
2021-11-13T11:45:10.528;536845215084283696;94;984;-27
2021-11-13T11:45:10.547;536845215103981633;103;967;-48
2021-11-13T11:45:10.567;536845215123679570;67;989;-52
2021-11-13T11:45:10.587;536845215143377507;85;1040;3
2021-11-13T11:45:10.607;536845215163075444;236;927;-52
2021-11-13T11:45:10.626;536845215182773381;153;933;-110
2021-11-13T11:45:10.646;536845215202471318;197;950;-122
2021-11-13T11:45:10.666;536845215222169255;179;965;-150
2021-11-13T11:45:10.685;536845215241867192;62;1048;-22
2021-11-13T11:45:10.705;536845215261565129;171;918;-59
2021-11-13T11:45:10.725;536845215281263066;104;995;-102
2021-11-13T11:45:10.744;536845215300961003;145;985;31
2021-11-13T11:45:10.764;536845215320658940;160;965;-100
2021-11-13T11:45:10.784;536845215340356149;134;988;-41
2021-11-13T11:45:10.804;536845215360053358;109;983;-84
2021-11-13T11:45:10.823;536845215379750567;122;973;-87
2021-11-13T11:45:10.843;536845215399447776;115;974;-85
2021-11-13T11:45:10.863;536845215419144985;104;974;-115
2021-11-13T11:45:10.882;536845215438842194;121;961;-96
2021-11-13T11:45:10.902;536845215458539403;119;981;-104
2021-11-13T11:45:10.922;536845215478236612;108;966;-96
2021-11-13T11:45:10.941;536845215497933821;111;973;-123
2021-11-13T11:45:10.961;536845215517631030;110;977;-108
2021-11-13T11:45:10.981;536845215537328239;123;971;-99
2021-11-13T11:45:11.001;536845215557025448;128;983;-113
2021-11-13T11:45:11.020;536845215576722657;124;959;-109
2021-11-13T11:45:11.040;536845215596419866;127;977;-116
2021-11-13T11:45:11.060;536845215616117075;119;979;-112
2021-11-13T11:45:11.079;536845215635814284;132;984;-87
2021-11-13T11:45:11.099;536845215655511493;128;962;-101
2021-11-13T11:45:11.119;536845215675208702;147;969;-142
2021-11-13T11:45:11.138;536845215694905911;161;994;-119
2021-11-13T11:45:11.158;536845215714603120;93;938;-93
2021-11-13T11:45:11.178;536845215734300329;75;992;-64
2021-11-13T11:45:11.197;536845215753997538;53;990;3
2021-11-13T11:45:11.217;536845215773694747;-67;1051;-16
2021-11-13T11:45:11.237;536845215793391956;-240;1200;5
2021-11-13T11:45:11.257;536845215813089165;-123;1047;-52
2021-11-13T11:45:11.276;536845215832786374;165;947;-129
2021-11-13T11:45:11.296;536845215852483583;536;723;-67
2021-11-13T11:45:11.316;536845215872180792;361;886;-102
2021-11-13T11:45:11.335;536845215891878001;281;718;33
2021-11-13T11:45:11.355;536845215911575210;-318;1119;-155
2021-11-13T11:45:11.375;536845215931272419;-239;1222;-111
2021-11-13T11:45:11.394;536845215950969628;-43;968;-71
2021-11-13T11:45:11.414;536845215970666837;-37;962;-151
2021-11-13T11:45:11.434;536845215990364046;-55;1023;-167
2021-11-13T11:45:11.454;536845216010061255;-1;994;-155
2021-11-13T11:45:11.473;536845216029758464;-75;1081;-100
2021-11-13T11:45:11.493;536845216049451327;32;815;-68
2021-11-13T11:45:11.513;536845216069144166;-42;841;-102
2021-11-13T11:45:11.532;536845216088837005;-313;1340;-242
2021-11-13T11:45:11.552;536845216108529844;293;402;-90
2021-11-13T11:45:11.572;536845216128222683;-226;1213;-353
2021-11-13T11:45:11.591;536845216147915522;-963;1917;-324
2021-11-13T11:45:11.611;536845216167608361;1023;395;117
2021-11-13T11:45:11.631;536845216187301200;1105;-340;148
2021-11-13T11:45:11.650;536845216206994039;-1864;2375;-904
2021-11-13T11:45:11.670;536845216226686878;541;-134;-12
2021-11-13T11:45:11.690;536845216246379717;-171;1268;-417
2021-11-13T11:45:11.710;536845216266072556;-451;1375;-385
2021-11-13T11:45:11.729;536845216285765395;-70;777;-216
2021-11-13T11:45:11.749;536845216305458234;-126;956;-233
2021-11-13T11:45:11.769;536845216325151073;-291;878;-278
2021-11-13T11:45:11.788;536845216344843912;-212;965;-296
2021-11-13T11:45:11.808;536845216364536751;-179;931;-264
2021-11-13T11:45:11.828;536845216384229590;-149;944;-351
2021-11-13T11:45:11.847;536845216403922429;-148;937;-253
2021-11-13T11:45:11.867;536845216423615268;-225;911;-243
2021-11-13T11:45:11.887;536845216443308107;-188;954;-206
2021-11-13T11:45:11.906;536845216463000946;-183;927;-270
2021-11-13T11:45:11.926;536845216482693785;-231;888;-376
2021-11-13T11:45:11.946;536845216502386624;-348;878;-377
2021-11-13T11:45:11.966;536845216522079463;-528;834;-448
2021-11-13T11:45:11.985;536845216541772302;-640;728;-576
2021-11-13T11:45:12.005;536845216561465141;-547;788;-574
2021-11-13T11:45:12.025;536845216581157980;-406;812;-636
2021-11-13T11:45:12.044;536845216600850819;-222;871;-400
2021-11-13T11:45:12.064;536845216620543658;-154;921;-146
2021-11-13T11:45:12.084;536845216640236497;-50;1012;-6
2021-11-13T11:45:12.103;536845216659929336;-35;969;9
2021-11-13T11:45:12.123;536845216679622175;-239;913;-116
2021-11-13T11:45:12.143;536845216699315014;-425;858;-289
2021-11-13T11:45:12.162;536845216719007853;-437;847;-411
2021-11-13T11:45:12.182;536845216738700692;-387;845;-422
2021-11-13T11:45:12.202;536845216758389893;-337;872;-423
2021-11-13T11:45:12.222;536845216778079092;-197;925;-396
2021-11-13T11:45:12.241;536845216797768291;-187;956;-346
2021-11-13T11:45:12.261;536845216817457490;-265;921;-302
2021-11-13T11:45:12.281;536845216837146689;-352;921;-271
2021-11-13T11:45:12.300;536845216856835888;-372;890;-303
2021-11-13T11:45:12.320;536845216876525087;-273;912;-299
2021-11-13T11:45:12.340;536845216896214286;-223;884;-310
2021-11-13T11:45:12.359;536845216915903485;-226;902;-235
2021-11-13T11:45:12.379;536845216935592684;-218;937;-182
2021-11-13T11:45:12.399;536845216955281883;-253;920;-207
2021-11-13T11:45:12.418;536845216974971082;-235;930;-237
2021-11-13T11:45:12.438;536845216994660281;-234;905;-331
2021-11-13T11:45:12.458;536845217014349480;-269;893;-365
2021-11-13T11:45:12.478;536845217034038679;-257;923;-366
2021-11-13T11:45:12.497;536845217053727878;-255;903;-368
2021-11-13T11:45:12.517;536845217073417077;-263;902;-366
2021-11-13T11:45:12.537;536845217093106276;-236;927;-329
2021-11-13T11:45:12.556;536845217112795475;-238;925;-290
2021-11-13T11:45:12.576;536845217132484674;-239;919;-255
2021-11-13T11:45:12.596;536845217152173873;-240;918;-244
2021-11-13T11:45:12.615;536845217171863072;-238;918;-246
2021-11-13T11:45:12.635;536845217191552271;-247;911;-249
2021-11-13T11:45:12.655;536845217211241470;-251;909;-265
2021-11-13T11:45:12.674;536845217230930669;-250;910;-274
2021-11-13T11:45:12.694;536845217250619868;-243;923;-273
2021-11-13T11:45:12.714;536845217270309067;-237;924;-265
2021-11-13T11:45:12.733;536845217289998266;-238;924;-265
2021-11-13T11:45:12.753;536845217309687465;-238;934;-262
2021-11-13T11:45:12.773;536845217329376664;-240;924;-267
2021-11-13T11:45:12.793;536845217349065863;-244;918;-268
2021-11-13T11:45:12.812;536845217368755062;-242;922;-267
2021-11-13T11:45:12.832;536845217388444261;-240;915;-270
2021-11-13T11:45:12.852;536845217408133460;-241;916;-270
2021-11-13T11:45:12.871;536845217427822659;-248;910;-266
2021-11-13T11:45:12.891;536845217447511858;-241;920;-270
2021-11-13T11:45:12.911;536845217467199622;-237;921;-271
2021-11-13T11:45:12.930;536845217486887364;-241;917;-279
2021-11-13T11:45:12.950;536845217506575106;-244;925;-284
2021-11-13T11:45:12.970;536845217526262848;-245;946;-290
2021-11-13T11:45:12.989;536845217545950590;-247;968;-317
2021-11-13T11:45:13.009;536845217565638332;-284;889;-326
2021-11-13T11:45:13.029;536845217585326074;-248;877;-331
2021-11-13T11:45:13.049;536845217605013816;-222;925;-307
2021-11-13T11:45:13.068;536845217624701558;-223;925;-262
2021-11-13T11:45:13.088;536845217644389300;-234;930;-222
2021-11-13T11:45:13.108;536845217664077042;-218;946;-185
2021-11-13T11:45:13.127;536845217683764784;-189;948;-178
2021-11-13T11:45:13.147;536845217703452526;-178;959;-206
2021-11-13T11:45:13.167;536845217723140268;-210;932;-249
2021-11-13T11:45:13.186;536845217742828010;-196;935;-239
2021-11-13T11:45:13.206;536845217762515752;-222;927;-248
2021-11-13T11:45:13.226;536845217782203494;-149;957;-212
2021-11-13T11:45:13.245;536845217801891236;-182;952;-221
2021-11-13T11:45:13.265;536845217821578978;-205;958;-231
2021-11-13T11:45:13.285;536845217841266720;-226;938;-263
2021-11-13T11:45:13.304;536845217860954462;-188;934;-249
2021-11-13T11:45:13.324;536845217880642204;-130;936;-242
2021-11-13T11:45:13.344;536845217900329946;-99;941;-230
2021-11-13T11:45:13.364;536845217920017688;-74;986;-229
2021-11-13T11:45:13.383;536845217939705430;-82;982;-244
2021-11-13T11:45:13.403;536845217959393172;-98;957;-229
2021-11-13T11:45:13.423;536845217979080914;-103;944;-194
2021-11-13T11:45:13.442;536845217998768656;-86;964;-206
2021-11-13T11:45:13.462;536845218018456398;-40;972;-179
2021-11-13T11:45:13.482;536845218038144140;-77;991;-189
2021-11-13T11:45:13.501;536845218057831882;-82;976;-227
2021-11-13T11:45:13.521;536845218077519624;-171;962;-256
2021-11-13T11:45:13.541;536845218097207366;-114;916;-248
2021-11-13T11:45:13.560;536845218116895108;-102;926;-195
2021-11-13T11:45:13.580;536845218136582850;-85;961;-168
2021-11-13T11:45:13.600;536845218156270592;-59;1006;-125
