Phone timestamp;sensor timestamp [ns];X [mg];Y [mg];Z [mg]
2021-11-13T11:41:50.738;536844912589351498;-6;-1048;49
2021-11-13T11:41:50.757;536844912609095310;32;-1082;46
2021-11-13T11:41:50.777;536844912628839122;31;-1069;56
2021-11-13T11:41:50.797;536844912648582934;14;-1057;61
2021-11-13T11:41:50.816;536844912668326746;-1;-1045;79
2021-11-13T11:41:50.836;536844912688070558;-49;-1039;84
2021-11-13T11:41:50.856;536844912707814370;-53;-1018;79
2021-11-13T11:41:50.876;536844912727558182;52;-956;21
2021-11-13T11:41:50.895;536844912747301994;48;-1012;45
2021-11-13T11:41:50.915;536844912767045806;-65;-1106;78
2021-11-13T11:41:50.935;536844912786789618;-10;-1099;89
2021-11-13T11:41:50.955;536844912806533430;73;-1048;93
2021-11-13T11:41:50.974;536844912826277242;161;-1097;96
2021-11-13T11:41:50.994;536844912846021054;101;-1089;79
2021-11-13T11:41:51.014;536844912865764866;74;-1061;87
2021-11-13T11:41:51.034;536844912885508678;29;-1039;127
2021-11-13T11:41:51.053;536844912905252490;48;-1055;153
2021-11-13T11:41:51.073;536844912924996302;154;-1065;123
2021-11-13T11:41:51.093;536844912944740114;206;-1068;139
2021-11-13T11:41:51.113;536844912964483926;105;-1094;119
2021-11-13T11:41:51.132;536844912984227738;105;-1099;59
2021-11-13T11:41:51.152;536844913003971550;34;-1008;83
2021-11-13T11:41:51.172;536844913023715362;238;-969;79
2021-11-13T11:41:51.192;536844913043459174;-38;-1082;142
2021-11-13T11:41:51.211;536844913063202986;-51;-1070;117
2021-11-13T11:41:51.231;536844913082946798;13;-1044;113
2021-11-13T11:41:51.251;536844913102690610;-6;-1105;161
2021-11-13T11:41:51.271;536844913122434422;32;-1093;120
2021-11-13T11:41:51.290;536844913142178234;-9;-1063;110
2021-11-13T11:41:51.310;536844913161922046;-46;-1063;146
2021-11-13T11:41:51.330;536844913181665858;-93;-1087;136
2021-11-13T11:41:51.350;536844913201409670;-48;-1075;121
2021-11-13T11:41:51.369;536844913221153482;-60;-1085;122
2021-11-13T11:41:51.389;536844913240897294;-83;-1105;129
2021-11-13T11:41:51.409;536844913260641106;-29;-1062;94
2021-11-13T11:41:51.429;536844913280384918;30;-979;23
2021-11-13T11:41:51.448;536844913300128742;16;-993;-23
2021-11-13T11:41:51.468;536844913319872554;-37;-992;-39
2021-11-13T11:41:51.488;536844913339616366;-32;-1015;-36
2021-11-13T11:41:51.508;536844913359360178;-74;-1048;-45
2021-11-13T11:41:51.527;536844913379103990;18;-1116;-27
2021-11-13T11:41:51.547;536844913398847802;-159;-1133;6
2021-11-13T11:41:51.567;536844913418591614;1;-1174;78
2021-11-13T11:41:51.586;536844913438335426;330;-1152;182
2021-11-13T11:41:51.606;536844913458079238;274;-1496;156
2021-11-13T11:41:51.626;536844913477823050;-122;-1523;11
2021-11-13T11:41:51.646;536844913497566862;113;-757;-54
2021-11-13T11:41:51.665;536844913517310674;113;-898;104
2021-11-13T11:41:51.685;536844913537054486;-516;-1156;141
2021-11-13T11:41:51.705;536844913556798298;-524;-1137;74
2021-11-13T11:41:51.725;536844913576542110;-585;-1235;-116
2021-11-13T11:41:51.744;536844913596285922;-177;-1271;-83
2021-11-13T11:41:51.764;536844913616029734;-97;-1302;-149
2021-11-13T11:41:51.784;536844913635773546;-68;-1539;101
2021-11-13T11:41:51.804;536844913655517358;175;-1184;67
2021-11-13T11:41:51.823;536844913675261170;-127;-1370;124
2021-11-13T11:41:51.843;536844913695004982;-18;-1119;22
2021-11-13T11:41:51.863;536844913714748794;93;-1368;26
2021-11-13T11:41:51.883;536844913734492606;4;-1263;157
2021-11-13T11:41:51.902;536844913754236418;19;-1308;103
2021-11-13T11:41:51.922;536844913773980230;120;-1167;61
2021-11-13T11:41:51.942;536844913793724042;42;-1266;-42
2021-11-13T11:41:51.962;536844913813467854;-71;-1286;102
2021-11-13T11:41:51.981;536844913833211666;-131;-1126;72
2021-11-13T11:41:52.001;536844913852955478;75;-1203;52
2021-11-13T11:41:52.021;536844913872699290;-31;-1228;14
2021-11-13T11:41:52.041;536844913892443102;-49;-1195;38
2021-11-13T11:41:52.060;536844913912186914;-133;-1253;40
2021-11-13T11:41:52.080;536844913931930726;13;-1112;59
2021-11-13T11:41:52.100;536844913951674538;88;-1112;81
2021-11-13T11:41:52.120;536844913971418350;-9;-987;73
2021-11-13T11:41:52.139;536844913991162162;-133;-1275;13
2021-11-13T11:41:52.159;536844914010913289;124;-1019;273
2021-11-13T11:41:52.179;536844914030664382;-67;-918;-90
2021-11-13T11:41:52.199;536844914050415475;-400;-1345;61
2021-11-13T11:41:52.218;536844914070166568;-90;-764;-50
2021-11-13T11:41:52.238;536844914089917661;-68;-1093;88
2021-11-13T11:41:52.258;536844914109668754;-70;-872;13
2021-11-13T11:41:52.278;536844914129419847;146;-918;56
2021-11-13T11:41:52.297;536844914149170940;-94;-982;79
2021-11-13T11:41:52.317;536844914168922033;148;-932;109
2021-11-13T11:41:52.337;536844914188673126;-105;-930;-3
2021-11-13T11:41:52.357;536844914208424219;147;-794;72
2021-11-13T11:41:52.376;536844914228175312;-19;-782;5
2021-11-13T11:41:52.396;536844914247926405;38;-873;22
2021-11-13T11:41:52.416;536844914267677498;-31;-800;88
2021-11-13T11:41:52.436;536844914287428591;25;-822;122
2021-11-13T11:41:52.455;536844914307179684;-75;-780;106
2021-11-13T11:41:52.475;536844914326930777;96;-729;96
2021-11-13T11:41:52.495;536844914346681870;24;-784;41
2021-11-13T11:41:52.515;536844914366432963;72;-782;93
2021-11-13T11:41:52.534;536844914386184056;109;-715;102
2021-11-13T11:41:52.554;536844914405935149;-39;-862;101
2021-11-13T11:41:52.574;536844914425686242;48;-794;132
2021-11-13T11:41:52.594;536844914445437335;22;-805;98
2021-11-13T11:41:52.613;536844914465188428;254;-855;102
2021-11-13T11:41:52.633;536844914484939521;257;-963;150
2021-11-13T11:41:52.653;536844914504690614;284;-991;185
2021-11-13T11:41:52.673;536844914524441707;166;-1019;210
2021-11-13T11:41:52.692;536844914544192800;143;-1001;226
2021-11-13T11:41:52.712;536844914563943893;210;-978;138
2021-11-13T11:41:52.732;536844914583694986;216;-1066;116
2021-11-13T11:41:52.752;536844914603446079;184;-1083;172
2021-11-13T11:41:52.771;536844914623197172;180;-1046;221
2021-11-13T11:41:52.791;536844914642948265;164;-1013;194
2021-11-13T11:41:52.811;536844914662699358;233;-1042;186
2021-11-13T11:41:52.831;536844914682450451;221;-1040;171
2021-11-13T11:41:52.850;536844914702201544;225;-1046;160
2021-11-13T11:41:52.870;536844914721952642;195;-994;188
2021-11-13T11:41:52.890;536844914741703736;202;-975;192
2021-11-13T11:41:52.910;536844914761454830;239;-998;187
2021-11-13T11:41:52.929;536844914781205924;217;-1002;195
2021-11-13T11:41:52.949;536844914800957018;242;-1001;205
2021-11-13T11:41:52.969;536844914820708112;246;-979;217
2021-11-13T11:41:52.989;536844914840459206;215;-1014;230
2021-11-13T11:41:53.008;536844914860210300;187;-970;208
2021-11-13T11:41:53.028;536844914879961394;147;-1020;156
2021-11-13T11:41:53.048;536844914899712488;190;-1040;200
2021-11-13T11:41:53.068;536844914919463582;172;-996;210
2021-11-13T11:41:53.087;536844914939214676;209;-994;213
2021-11-13T11:41:53.107;536844914958965770;165;-989;212
2021-11-13T11:41:53.127;536844914978716864;169;-998;215
2021-11-13T11:41:53.147;536844914998467958;166;-984;184
2021-11-13T11:41:53.166;536844915018219052;150;-974;187
2021-11-13T11:41:53.186;536844915037970146;140;-985;189
2021-11-13T11:41:53.206;536844915057721240;187;-949;197
2021-11-13T11:41:53.226;536844915077472334;146;-935;186
2021-11-13T11:41:53.245;536844915097223428;150;-984;164
2021-11-13T11:41:53.265;536844915116974522;83;-932;142
2021-11-13T11:41:53.285;536844915136725616;124;-883;137
2021-11-13T11:41:53.305;536844915156476710;75;-908;135
2021-11-13T11:41:53.324;536844915176227804;133;-922;146
2021-11-13T11:41:53.344;536844915195978898;26;-916;130
2021-11-13T11:41:53.364;536844915215729992;-19;-912;125
2021-11-13T11:41:53.384;536844915235481086;-53;-866;119
2021-11-13T11:41:53.403;536844915255232180;-55;-911;135
2021-11-13T11:41:53.423;536844915274983274;64;-908;148
2021-11-13T11:41:53.443;536844915294734368;43;-973;114
2021-11-13T11:41:53.463;536844915314485462;96;-1004;166
2021-11-13T11:41:53.482;536844915334236556;24;-940;158
2021-11-13T11:41:53.502;536844915353987650;60;-924;126
2021-11-13T11:41:53.522;536844915373738744;-62;-1002;124
2021-11-13T11:41:53.542;536844915393489838;-5;-1010;111
2021-11-13T11:41:53.561;536844915413240932;-9;-1034;124
2021-11-13T11:41:53.581;536844915432999333;21;-991;149
2021-11-13T11:41:53.601;536844915452757708;-60;-1018;130
2021-11-13T11:41:53.621;536844915472516083;-109;-1030;166
2021-11-13T11:41:53.640;536844915492274458;-55;-1003;107
2021-11-13T11:41:53.660;536844915512032833;-27;-1053;135
2021-11-13T11:41:53.680;536844915531791208;46;-1041;142
2021-11-13T11:41:53.700;536844915551549583;78;-983;136
2021-11-13T11:41:53.719;536844915571307958;-9;-1067;174
2021-11-13T11:41:53.739;536844915591066333;-19;-1006;144
2021-11-13T11:41:53.759;536844915610824708;37;-1160;196
2021-11-13T11:41:53.779;536844915630583083;67;-937;137
2021-11-13T11:41:53.798;536844915650341458;134;-783;78
2021-11-13T11:41:53.818;536844915670099833;186;-1390;236
2021-11-13T11:41:53.838;536844915689858208;3;-765;59
2021-11-13T11:41:53.858;536844915709616583;41;-1153;82
2021-11-13T11:41:53.878;536844915729374958;-262;-1122;11
2021-11-13T11:41:53.897;536844915749133333;-69;-879;133
2021-11-13T11:41:53.917;536844915768891708;34;-918;93
2021-11-13T11:41:53.937;536844915788650083;-118;-1239;18
2021-11-13T11:41:53.957;536844915808408458;-30;-1105;72
2021-11-13T11:41:53.976;536844915828166833;4;-1078;183
2021-11-13T11:41:53.996;536844915847925208;-705;-1192;-114
2021-11-13T11:41:54.016;536844915867683583;303;-1131;386
2021-11-13T11:41:54.036;536844915887441958;121;-1229;274
2021-11-13T11:41:54.055;536844915907200333;203;-1251;230
2021-11-13T11:41:54.075;536844915926958708;238;-997;-78
2021-11-13T11:41:54.095;536844915946717083;311;-674;-29
2021-11-13T11:41:54.115;536844915966475458;110;-1119;37
2021-11-13T11:41:54.134;536844915986233833;-49;-1074;14
2021-11-13T11:41:54.154;536844916005992208;-71;-1200;-30
2021-11-13T11:41:54.174;536844916025750583;42;-1134;104
2021-11-13T11:41:54.194;536844916045508958;-30;-1091;63
2021-11-13T11:41:54.213;536844916065267333;-10;-1132;46
2021-11-13T11:41:54.233;536844916085025708;-37;-1011;-144
2021-11-13T11:41:54.253;536844916104784083;-125;-1173;-151
2021-11-13T11:41:54.273;536844916124542458;39;-1032;-27
2021-11-13T11:41:54.292;536844916144308139;59;-1195;55
2021-11-13T11:41:54.312;536844916164073796;72;-1138;125
2021-11-13T11:41:54.332;536844916183839453;62;-1133;62
2021-11-13T11:41:54.352;536844916203605110;-58;-1140;14
2021-11-13T11:41:54.372;536844916223370767;-49;-1149;-57
2021-11-13T11:41:54.391;536844916243136424;-469;-2031;-447
2021-11-13T11:41:54.411;536844916262902081;-713;-2506;313
2021-11-13T11:41:54.431;536844916282667738;881;127;75
2021-11-13T11:41:54.451;536844916302433395;309;-1811;-16
2021-11-13T11:41:54.470;536844916322199052;-198;-1455;82
2021-11-13T11:41:54.490;536844916341964709;824;532;-212
2021-11-13T11:41:54.510;536844916361730366;-317;-1801;-268
2021-11-13T11:41:54.530;536844916381496023;-258;-1749;-137
2021-11-13T11:41:54.549;536844916401261680;281;-918;269
2021-11-13T11:41:54.569;536844916421027337;61;-736;21
2021-11-13T11:41:54.589;536844916440792994;-70;-1271;97
2021-11-13T11:41:54.609;536844916460558651;-58;-1062;72
2021-11-13T11:41:54.628;536844916480324308;-7;-1032;31
2021-11-13T11:41:54.648;536844916500089965;39;-975;-54
2021-11-13T11:41:54.668;536844916519855622;44;-1127;-41
2021-11-13T11:41:54.688;536844916539621279;52;-1100;-77
2021-11-13T11:41:54.708;536844916559386936;108;-1046;-102
2021-11-13T11:41:54.727;536844916579152593;33;-1219;-90
2021-11-13T11:41:54.747;536844916598918250;140;-1222;-29
2021-11-13T11:41:54.767;536844916618683907;208;-1115;-32
2021-11-13T11:41:54.787;536844916638449564;126;-1151;-33
2021-11-13T11:41:54.806;536844916658215221;26;-1156;0
2021-11-13T11:41:54.826;536844916677980878;-71;-1070;89
2021-11-13T11:41:54.846;536844916697746535;-249;-1240;35
2021-11-13T11:41:54.866;536844916717512192;-163;-1378;199
2021-11-13T11:41:54.885;536844916737277849;96;-1217;46
2021-11-13T11:41:54.905;536844916757043506;160;-1226;-1
2021-11-13T11:41:54.925;536844916776809163;15;-1374;-42
2021-11-13T11:41:54.945;536844916796574820;-66;-1401;-57
2021-11-13T11:41:54.964;536844916816340477;168;-1126;80
2021-11-13T11:41:54.984;536844916836106134;9;-1283;174
2021-11-13T11:41:55.004;536844916855863073;-134;-1257;129
2021-11-13T11:41:55.024;536844916875619992;15;-1358;37
2021-11-13T11:41:55.044;536844916895376911;114;-1346;29
2021-11-13T11:41:55.063;536844916915133830;24;-1165;31
2021-11-13T11:41:55.083;536844916934890749;60;-1159;70
2021-11-13T11:41:55.103;536844916954647668;196;-1135;139
2021-11-13T11:41:55.123;536844916974404587;-62;-1195;155
2021-11-13T11:41:55.142;536844916994161506;58;-927;24
2021-11-13T11:41:55.162;536844917013918425;-106;-1252;-4
2021-11-13T11:41:55.182;536844917033675344;-149;-1096;-67
2021-11-13T11:41:55.202;536844917053432263;-277;-1151;-22
2021-11-13T11:41:55.221;536844917073189182;-94;-985;29
2021-11-13T11:41:55.241;536844917092946101;157;-960;105
2021-11-13T11:41:55.261;536844917112703020;-271;-1234;-8
2021-11-13T11:41:55.281;536844917132459939;88;-1062;185
2021-11-13T11:41:55.300;536844917152216858;-95;-912;34
2021-11-13T11:41:55.320;536844917171973777;-154;-1276;47
2021-11-13T11:41:55.340;536844917191730696;-92;-875;4
2021-11-13T11:41:55.360;536844917211487615;-279;-1253;29
2021-11-13T11:41:55.379;536844917231244534;137;-798;67
2021-11-13T11:41:55.399;536844917251001453;-331;-1229;14
2021-11-13T11:41:55.419;536844917270758372;52;-981;103
2021-11-13T11:41:55.439;536844917290515291;-245;-1076;32
2021-11-13T11:41:55.458;536844917310272210;-8;-1004;68
2021-11-13T11:41:55.478;536844917330029129;-188;-1059;20
2021-11-13T11:41:55.498;536844917349786048;-76;-975;104
2021-11-13T11:41:55.518;536844917369542967;-151;-1002;27
2021-11-13T11:41:55.537;536844917389299886;-63;-1041;32
2021-11-13T11:41:55.557;536844917409056805;-168;-935;42
2021-11-13T11:41:55.577;536844917428813724;-118;-1003;101
2021-11-13T11:41:55.597;536844917448570643;-79;-951;83
2021-11-13T11:41:55.616;536844917468327562;44;-927;104
2021-11-13T11:41:55.636;536844917488084481;24;-928;48
2021-11-13T11:41:55.656;536844917507841400;-69;-978;15
2021-11-13T11:41:55.676;536844917527598319;-200;-922;107
2021-11-13T11:41:55.696;536844917547355238;-201;-844;101
2021-11-13T11:41:55.715;536844917567107798;-236;-867;73
2021-11-13T11:41:55.735;536844917586860348;-49;-834;93
2021-11-13T11:41:55.755;536844917606612898;7;-842;97
2021-11-13T11:41:55.775;536844917626365448;88;-826;114
2021-11-13T11:41:55.794;536844917646117998;-28;-844;140
2021-11-13T11:41:55.814;536844917665870548;57;-731;139
2021-11-13T11:41:55.834;536844917685623098;9;-769;126
2021-11-13T11:41:55.854;536844917705375648;114;-740;148
2021-11-13T11:41:55.873;536844917725128198;194;-791;164
2021-11-13T11:41:55.893;536844917744880748;257;-855;149
2021-11-13T11:41:55.913;536844917764633298;241;-964;190
2021-11-13T11:41:55.933;536844917784385848;191;-975;220
2021-11-13T11:41:55.952;536844917804138398;163;-989;201
2021-11-13T11:41:55.972;536844917823890948;145;-1045;195
2021-11-13T11:41:55.992;536844917843643498;143;-1094;183
2021-11-13T11:41:56.012;536844917863396048;113;-1105;200
2021-11-13T11:41:56.031;536844917883148598;150;-1071;207
2021-11-13T11:41:56.051;536844917902901148;143;-1073;197
2021-11-13T11:41:56.071;536844917922653698;222;-1018;181
2021-11-13T11:41:56.091;536844917942406248;208;-1029;185
2021-11-13T11:41:56.110;536844917962158798;192;-980;187
2021-11-13T11:41:56.130;536844917981911348;191;-991;178
2021-11-13T11:41:56.150;536844918001663898;224;-956;184
2021-11-13T11:41:56.170;536844918021416448;209;-993;206
2021-11-13T11:41:56.189;536844918041168998;243;-974;211
2021-11-13T11:41:56.209;536844918060921548;237;-1036;197
2021-11-13T11:41:56.229;536844918080674098;226;-1059;214
2021-11-13T11:41:56.249;536844918100426648;198;-1052;212
2021-11-13T11:41:56.268;536844918120179198;216;-1049;218
2021-11-13T11:41:56.288;536844918139931748;185;-1035;202
2021-11-13T11:41:56.308;536844918159684298;219;-1042;193
2021-11-13T11:41:56.328;536844918179436848;218;-1043;198
2021-11-13T11:41:56.347;536844918199189398;217;-1008;195
2021-11-13T11:41:56.367;536844918218941948;179;-1004;194
2021-11-13T11:41:56.387;536844918238694498;242;-983;194
2021-11-13T11:41:56.407;536844918258447048;196;-1002;209
2021-11-13T11:41:56.426;536844918278195245;232;-1000;206
2021-11-13T11:41:56.446;536844918297943426;209;-1005;197
2021-11-13T11:41:56.466;536844918317691607;219;-1010;198
2021-11-13T11:41:56.486;536844918337439788;180;-1007;190
2021-11-13T11:41:56.505;536844918357187969;203;-1007;173
2021-11-13T11:41:56.525;536844918376936150;151;-1023;171
2021-11-13T11:41:56.545;536844918396684331;117;-1001;199
2021-11-13T11:41:56.565;536844918416432512;147;-998;192
2021-11-13T11:41:56.584;536844918436180693;149;-1008;169
2021-11-13T11:41:56.604;536844918455928874;83;-998;169
2021-11-13T11:41:56.624;536844918475677055;76;-964;178
2021-11-13T11:41:56.644;536844918495425236;8;-961;171
2021-11-13T11:41:56.663;536844918515173417;59;-913;159
2021-11-13T11:41:56.683;536844918534921598;33;-943;141
2021-11-13T11:41:56.703;536844918554669779;65;-913;148
2021-11-13T11:41:56.723;536844918574417960;24;-905;136
2021-11-13T11:41:56.742;536844918594166141;-3;-875;121
2021-11-13T11:41:56.762;536844918613914322;-6;-874;127
2021-11-13T11:41:56.782;536844918633662503;-7;-875;135
2021-11-13T11:41:56.802;536844918653410684;-9;-900;161
2021-11-13T11:41:56.821;536844918673158865;-30;-919;156
2021-11-13T11:41:56.841;536844918692907046;-73;-975;125
2021-11-13T11:41:56.861;536844918712655227;27;-973;135
2021-11-13T11:41:56.881;536844918732403408;14;-906;83
2021-11-13T11:41:56.900;536844918752151589;-37;-975;57
2021-11-13T11:41:56.920;536844918771899770;-217;-1021;82
2021-11-13T11:41:56.940;536844918791647951;-89;-959;120
2021-11-13T11:41:56.960;536844918811396132;-37;-960;117
2021-11-13T11:41:56.979;536844918831144313;-40;-1006;121
2021-11-13T11:41:56.999;536844918850892494;-65;-959;77
2021-11-13T11:41:57.019;536844918870640675;-152;-1024;93
2021-11-13T11:41:57.039;536844918890388856;-158;-1033;97
2021-11-13T11:41:57.058;536844918910137037;-59;-1014;85
2021-11-13T11:41:57.078;536844918929885218;-43;-1033;105
2021-11-13T11:41:57.098;536844918949633399;-60;-950;89
2021-11-13T11:41:57.118;536844918969381580;-52;-1074;78
2021-11-13T11:41:57.137;536844918989135608;-157;-1133;86
2021-11-13T11:41:57.157;536844919008889614;-147;-1101;165
2021-11-13T11:41:57.177;536844919028643620;-4;-942;68
2021-11-13T11:41:57.197;536844919048397626;8;-963;29
2021-11-13T11:41:57.216;536844919068151632;179;-1014;119
2021-11-13T11:41:57.236;536844919087905638;-87;-1085;126
2021-11-13T11:41:57.256;536844919107659644;-225;-949;10
2021-11-13T11:41:57.276;536844919127413650;-174;-1016;3
2021-11-13T11:41:57.295;536844919147167656;-137;-983;58
2021-11-13T11:41:57.315;536844919166921662;19;-1004;152
2021-11-13T11:41:57.335;536844919186675668;50;-1132;90
2021-11-13T11:41:57.355;536844919206429674;116;-1080;120
2021-11-13T11:41:57.374;536844919226183680;-236;-1204;-42
2021-11-13T11:41:57.394;536844919245937686;-323;-984;-36
2021-11-13T11:41:57.414;536844919265691692;-188;-943;-7
2021-11-13T11:41:57.434;536844919285445698;-15;-1043;48
2021-11-13T11:41:57.453;536844919305199704;-471;-1385;276
2021-11-13T11:41:57.473;536844919324953710;393;-1311;376
2021-11-13T11:41:57.493;536844919344707716;424;-886;4
2021-11-13T11:41:57.513;536844919364461722;-14;-1064;-30
2021-11-13T11:41:57.532;536844919384215728;410;-618;-94
2021-11-13T11:41:57.552;536844919403969734;-232;-1139;-84
2021-11-13T11:41:57.572;536844919423723740;-181;-1288;76
2021-11-13T11:41:57.592;536844919443477746;-80;-1085;50
2021-11-13T11:41:57.611;536844919463231752;-75;-1111;62
2021-11-13T11:41:57.631;536844919482985758;34;-1095;-20
2021-11-13T11:41:57.651;536844919502739764;-120;-1255;-29
2021-11-13T11:41:57.671;536844919522493770;64;-1157;-39
2021-11-13T11:41:57.690;536844919542247776;-45;-1220;7
2021-11-13T11:41:57.710;536844919562001782;-8;-1167;81
2021-11-13T11:41:57.730;536844919581755788;-373;-2027;-250
2021-11-13T11:41:57.750;536844919601509794;-865;-2869;189
2021-11-13T11:41:57.769;536844919621263800;1048;-866;222
2021-11-13T11:41:57.789;536844919641017806;-139;-1340;-136
2021-11-13T11:41:57.809;536844919660771812;508;404;-188
2021-11-13T11:41:57.829;536844919680525818;1161;-1219;91
2021-11-13T11:41:57.848;536844919700269644;-768;-1322;-404
2021-11-13T11:41:57.868;536844919720013456;238;-1540;191
2021-11-13T11:41:57.888;536844919739757268;-189;-1135;286
2021-11-13T11:41:57.908;536844919759501080;-263;-1117;82
2021-11-13T11:41:57.927;536844919779244892;-251;-933;-2
2021-11-13T11:41:57.947;536844919798988704;192;-1071;93
2021-11-13T11:41:57.967;536844919818732516;133;-841;-158
2021-11-13T11:41:57.987;536844919838476328;237;-1215;47
2021-11-13T11:41:58.006;536844919858220140;62;-1069;-70
2021-11-13T11:41:58.026;536844919877963952;71;-1113;-2
2021-11-13T11:41:58.046;536844919897707764;-66;-1046;2
2021-11-13T11:41:58.066;536844919917451576;-14;-986;56
2021-11-13T11:41:58.085;536844919937195388;-111;-1088;85
2021-11-13T11:41:58.105;536844919956939200;-43;-1158;119
2021-11-13T11:41:58.125;536844919976683012;58;-1052;132
2021-11-13T11:41:58.145;536844919996426824;59;-1028;75
2021-11-13T11:41:58.164;536844920016170636;50;-1067;3
2021-11-13T11:41:58.184;536844920035914448;27;-1197;34
2021-11-13T11:41:58.204;536844920055658260;134;-1167;46
2021-11-13T11:41:58.224;536844920075402072;87;-1262;97
2021-11-13T11:41:58.243;536844920095145884;103;-1217;-8
2021-11-13T11:41:58.263;536844920114889696;31;-1212;-10
2021-11-13T11:41:58.283;536844920134633508;139;-967;94
2021-11-13T11:41:58.303;536844920154377320;189;-814;41
2021-11-13T11:41:58.322;536844920174121132;-388;-1086;-20
2021-11-13T11:41:58.342;536844920193864944;-110;-1178;105
2021-11-13T11:41:58.362;536844920213608756;-381;-1260;22
2021-11-13T11:41:58.382;536844920233352568;12;-1193;76
2021-11-13T11:41:58.401;536844920253096380;30;-1218;12
2021-11-13T11:41:58.421;536844920272840192;141;-1210;45
2021-11-13T11:41:58.441;536844920292584004;22;-1185;41
2021-11-13T11:41:58.460;536844920312327816;29;-1345;155
2021-11-13T11:41:58.480;536844920332071628;0;-1179;137
2021-11-13T11:41:58.500;536844920351815440;72;-1225;135
2021-11-13T11:41:58.520;536844920371559252;-161;-1362;44
2021-11-13T11:41:58.539;536844920391303064;-115;-1289;28
2021-11-13T11:41:58.559;536844920411042515;-195;-1247;40
2021-11-13T11:41:58.579;536844920430781958;-34;-1155;31
2021-11-13T11:41:58.599;536844920450521401;90;-1141;73
2021-11-13T11:41:58.618;536844920470260844;-86;-1298;64
2021-11-13T11:41:58.638;536844920490000287;-87;-1195;101
2021-11-13T11:41:58.658;536844920509739730;-5;-1094;50
2021-11-13T11:41:58.678;536844920529479173;-202;-1211;28
2021-11-13T11:41:58.697;536844920549218616;-87;-1127;64
2021-11-13T11:41:58.717;536844920568958059;-149;-1250;18
2021-11-13T11:41:58.737;536844920588697502;-224;-1210;45
2021-11-13T11:41:58.757;536844920608436945;-147;-1128;73
2021-11-13T11:41:58.776;536844920628176388;-27;-1175;35
2021-11-13T11:41:58.796;536844920647915831;-38;-1251;15
2021-11-13T11:41:58.816;536844920667655274;-114;-1129;50
2021-11-13T11:41:58.836;536844920687394717;-86;-1084;110
2021-11-13T11:41:58.855;536844920707134160;-119;-1025;135
2021-11-13T11:41:58.875;536844920726873603;-138;-1071;130
2021-11-13T11:41:58.895;536844920746613046;-321;-1340;54
2021-11-13T11:41:58.915;536844920766352489;200;-705;124
2021-11-13T11:41:58.934;536844920786091932;-441;-1314;-98
2021-11-13T11:41:58.954;536844920805831375;-385;-946;63
2021-11-13T11:41:58.974;536844920825570818;-255;-975;29
2021-11-13T11:41:58.993;536844920845310261;24;-1026;110
2021-11-13T11:41:59.013;536844920865049704;-5;-955;58
2021-11-13T11:41:59.033;536844920884789147;33;-966;68
2021-11-13T11:41:59.053;536844920904528590;-52;-948;46
2021-11-13T11:41:59.072;536844920924268033;-114;-898;97
2021-11-13T11:41:59.092;536844920944007476;-132;-849;58
2021-11-13T11:41:59.112;536844920963746919;-83;-873;20
2021-11-13T11:41:59.132;536844920983486362;-78;-886;57
2021-11-13T11:41:59.151;536844921003225805;-38;-728;45
2021-11-13T11:41:59.171;536844921022965248;-14;-786;80
2021-11-13T11:41:59.191;536844921042704691;9;-771;44
2021-11-13T11:41:59.211;536844921062444134;-22;-775;55
2021-11-13T11:41:59.230;536844921082183577;51;-701;142
2021-11-13T11:41:59.250;536844921101923020;-46;-746;86
2021-11-13T11:41:59.270;536844921121677054;44;-782;131
2021-11-13T11:41:59.290;536844921141431060;104;-710;123
2021-11-13T11:41:59.309;536844921161185066;155;-795;100
2021-11-13T11:41:59.329;536844921180939072;246;-811;180
2021-11-13T11:41:59.349;536844921200693078;344;-902;150
2021-11-13T11:41:59.369;536844921220447084;343;-904;194
2021-11-13T11:41:59.388;536844921240201090;184;-940;182
2021-11-13T11:41:59.408;536844921259955096;169;-977;195
2021-11-13T11:41:59.428;536844921279709102;128;-1039;206
2021-11-13T11:41:59.448;536844921299463108;78;-1087;187
2021-11-13T11:41:59.467;536844921319217114;115;-1108;181
2021-11-13T11:41:59.487;536844921338971120;143;-1094;189
2021-11-13T11:41:59.507;536844921358725126;152;-1095;177
2021-11-13T11:41:59.527;536844921378479132;60;-1085;168
2021-11-13T11:41:59.546;536844921398233138;99;-1029;148
2021-11-13T11:41:59.566;536844921417987144;131;-1072;151
2021-11-13T11:41:59.586;536844921437741150;206;-1022;184
2021-11-13T11:41:59.606;536844921457495156;155;-998;186
2021-11-13T11:41:59.625;536844921477249162;162;-960;169
2021-11-13T11:41:59.645;536844921497003168;155;-994;183
2021-11-13T11:41:59.665;536844921516757174;197;-976;187
2021-11-13T11:41:59.685;536844921536511180;208;-990;191
2021-11-13T11:41:59.704;536844921556265186;207;-1019;184
2021-11-13T11:41:59.724;536844921576019192;211;-1065;212
2021-11-13T11:41:59.744;536844921595773198;193;-1045;211
2021-11-13T11:41:59.764;536844921615527204;193;-1058;211
2021-11-13T11:41:59.783;536844921635281210;187;-1071;204
2021-11-13T11:41:59.803;536844921655035216;184;-1079;197
2021-11-13T11:41:59.823;536844921674789222;149;-1012;207
2021-11-13T11:41:59.843;536844921694543228;187;-1079;206
2021-11-13T11:41:59.862;536844921714297234;187;-1018;216
2021-11-13T11:41:59.882;536844921734051240;184;-1023;215
2021-11-13T11:41:59.902;536844921753805246;188;-991;200
2021-11-13T11:41:59.922;536844921773559252;179;-1004;189
2021-11-13T11:41:59.941;536844921793313258;157;-1008;193
2021-11-13T11:41:59.961;536844921813067264;178;-995;172
2021-11-13T11:41:59.981;536844921832811082;152;-1061;163
2021-11-13T11:42:00.001;536844921852554894;186;-1030;202
2021-11-13T11:42:00.020;536844921872298706;178;-1012;180
2021-11-13T11:42:00.040;536844921892042518;181;-1086;192
2021-11-13T11:42:00.060;536844921911786330;187;-1018;206
2021-11-13T11:42:00.080;536844921931530142;210;-1084;199
2021-11-13T11:42:00.099;536844921951273954;218;-1024;214
2021-11-13T11:42:00.119;536844921971017766;262;-1027;187
2021-11-13T11:42:00.139;536844921990761578;230;-1023;187
2021-11-13T11:42:00.159;536844922010505390;229;-992;190
2021-11-13T11:42:00.178;536844922030249202;188;-1014;201
2021-11-13T11:42:00.198;536844922049993014;224;-1004;181
2021-11-13T11:42:00.218;536844922069736826;195;-1027;196
2021-11-13T11:42:00.238;536844922089480638;199;-1015;176
2021-11-13T11:42:00.257;536844922109224450;228;-1030;179
2021-11-13T11:42:00.277;536844922128968262;172;-1041;171
2021-11-13T11:42:00.297;536844922148712074;217;-1009;176
2021-11-13T11:42:00.317;536844922168455886;146;-1049;162
2021-11-13T11:42:00.336;536844922188199698;186;-979;187
2021-11-13T11:42:00.356;536844922207943510;151;-1008;176
2021-11-13T11:42:00.376;536844922227687322;174;-1005;168
2021-11-13T11:42:00.396;536844922247431134;223;-983;160
2021-11-13T11:42:00.415;536844922267174946;202;-1042;188
2021-11-13T11:42:00.435;536844922286918758;200;-972;203
2021-11-13T11:42:00.455;536844922306662570;217;-995;196
2021-11-13T11:42:00.475;536844922326406382;192;-976;186
2021-11-13T11:42:00.494;536844922346150194;168;-955;171
2021-11-13T11:42:00.514;536844922365894006;141;-946;159
2021-11-13T11:42:00.534;536844922385637818;97;-908;146
2021-11-13T11:42:00.554;536844922405381630;94;-917;148
2021-11-13T11:42:00.573;536844922425125442;81;-867;181
2021-11-13T11:42:00.593;536844922444869254;56;-917;169
2021-11-13T11:42:00.613;536844922464613066;77;-811;132
2021-11-13T11:42:00.633;536844922484356878;-2;-873;106
2021-11-13T11:42:00.652;536844922504100690;51;-823;132
2021-11-13T11:42:00.672;536844922523844502;-18;-889;135
2021-11-13T11:42:00.692;536844922543586858;75;-840;180
2021-11-13T11:42:00.711;536844922563329214;53;-876;147
2021-11-13T11:42:00.731;536844922583071570;41;-866;145
2021-11-13T11:42:00.751;536844922602813926;67;-862;143
2021-11-13T11:42:00.771;536844922622556282;71;-912;159
2021-11-13T11:42:00.790;536844922642298638;27;-991;155
2021-11-13T11:42:00.810;536844922662040994;22;-940;162
2021-11-13T11:42:00.830;536844922681783350;-13;-933;91
2021-11-13T11:42:00.850;536844922701525706;-110;-1067;39
2021-11-13T11:42:00.869;536844922721268062;-84;-1065;56
2021-11-13T11:42:00.889;536844922741010418;-131;-1041;113
2021-11-13T11:42:00.909;536844922760752774;-144;-1007;176
2021-11-13T11:42:00.929;536844922780495130;-135;-1011;111
2021-11-13T11:42:00.948;536844922800237486;-31;-1008;64
2021-11-13T11:42:00.968;536844922819979842;-73;-928;-9
2021-11-13T11:42:00.988;536844922839722198;13;-1203;143
2021-11-13T11:42:01.008;536844922859464554;-15;-1073;96
2021-11-13T11:42:01.027;536844922879206910;-7;-999;68
2021-11-13T11:42:01.047;536844922898949266;153;-1085;227
2021-11-13T11:42:01.067;536844922918691622;-174;-836;40
2021-11-13T11:42:01.087;536844922938433978;55;-1178;89
2021-11-13T11:42:01.106;536844922958176334;-229;-1021;-95
2021-11-13T11:42:01.126;536844922977918690;-59;-1043;97
2021-11-13T11:42:01.146;536844922997661046;-114;-985;95
2021-11-13T11:42:01.166;536844923017403402;145;-1107;179
2021-11-13T11:42:01.185;536844923037145758;-168;-1159;83
2021-11-13T11:42:01.205;536844923056888114;-168;-1054;83
2021-11-13T11:42:01.225;536844923076630470;-604;-1362;56
2021-11-13T11:42:01.245;536844923096372826;-307;-1384;396
2021-11-13T11:42:01.264;536844923116115182;72;-927;189
2021-11-13T11:42:01.284;536844923135857538;189;-1266;-63
2021-11-13T11:42:01.304;536844923155599894;494;-778;-61
2021-11-13T11:42:01.323;536844923175342250;-164;-1147;-43
2021-11-13T11:42:01.343;536844923195084606;-119;-1082;-15
2021-11-13T11:42:01.363;536844923214826962;143;-1006;8
2021-11-13T11:42:01.383;536844923234569318;-58;-1187;100
2021-11-13T11:42:01.402;536844923254307330;-55;-1225;126
2021-11-13T11:42:01.422;536844923274045316;198;-1100;133
2021-11-13T11:42:01.442;536844923293783302;-226;-1154;-25
2021-11-13T11:42:01.462;536844923313521288;-125;-1171;-73
2021-11-13T11:42:01.481;536844923333259274;-226;-1186;-151
2021-11-13T11:42:01.501;536844923352997260;-72;-1206;-61
2021-11-13T11:42:01.521;536844923372735246;-76;-1077;10
2021-11-13T11:42:01.541;536844923392473232;120;-1103;24
2021-11-13T11:42:01.560;536844923412211218;-301;-1444;-41
2021-11-13T11:42:01.580;536844923431949204;-421;-2401;-265
2021-11-13T11:42:01.600;536844923451687190;42;-1306;461
2021-11-13T11:42:01.620;536844923471425176;816;-146;-106
2021-11-13T11:42:01.639;536844923491163162;-577;-2508;15
2021-11-13T11:42:01.659;536844923510901148;176;-74;119
2021-11-13T11:42:01.679;536844923530639134;1139;-77;-427
2021-11-13T11:42:01.699;536844923550377120;-1176;-2654;-80
2021-11-13T11:42:01.718;536844923570115106;218;-827;-77
2021-11-13T11:42:01.738;536844923589853092;-44;-1024;63
2021-11-13T11:42:01.758;536844923609591078;207;-825;129
2021-11-13T11:42:01.777;536844923629329064;-140;-1277;-55
2021-11-13T11:42:01.797;536844923649067050;-129;-1211;162
2021-11-13T11:42:01.817;536844923668805036;83;-885;46
2021-11-13T11:42:01.837;536844923688543022;233;-1078;45
2021-11-13T11:42:01.856;536844923708281008;114;-1147;-14
2021-11-13T11:42:01.876;536844923728018994;84;-1064;18
2021-11-13T11:42:01.896;536844923747756980;94;-1021;28
2021-11-13T11:42:01.916;536844923767494966;28;-1056;0
2021-11-13T11:42:01.935;536844923787232952;40;-1062;-11
2021-11-13T11:42:01.955;536844923806970938;87;-1103;55
2021-11-13T11:42:01.975;536844923826708924;191;-1071;47
2021-11-13T11:42:01.995;536844923846446910;109;-1036;29
2021-11-13T11:42:02.014;536844923866184896;51;-1075;41
2021-11-13T11:42:02.034;536844923885922882;155;-1077;31
2021-11-13T11:42:02.054;536844923905660868;97;-1100;30
2021-11-13T11:42:02.074;536844923925398854;111;-1064;51
2021-11-13T11:42:02.093;536844923945136840;118;-1034;101
2021-11-13T11:42:02.113;536844923964870489;31;-1048;91
2021-11-13T11:42:02.133;536844923984604106;-31;-1071;41
2021-11-13T11:42:02.152;536844924004337723;-47;-1031;-35
2021-11-13T11:42:02.172;536844924024071340;-108;-1050;-62
2021-11-13T11:42:02.192;536844924043804957;-94;-1055;-54
2021-11-13T11:42:02.212;536844924063538574;-47;-1025;-21
2021-11-13T11:42:02.231;536844924083272191;-29;-983;-63
2021-11-13T11:42:02.251;536844924103005808;-24;-982;-57
2021-11-13T11:42:02.271;536844924122739425;131;-1008;-15
2021-11-13T11:42:02.291;536844924142473042;250;-1039;24
2021-11-13T11:42:02.310;536844924162206659;296;-1068;50
2021-11-13T11:42:02.330;536844924181940276;206;-1096;119
2021-11-13T11:42:02.350;536844924201673893;136;-1132;128
2021-11-13T11:42:02.370;536844924221407510;31;-1119;131
2021-11-13T11:42:02.389;536844924241141127;193;-1046;122
2021-11-13T11:42:02.409;536844924260874744;189;-1046;115
2021-11-13T11:42:02.429;536844924280608361;172;-1076;110
2021-11-13T11:42:02.448;536844924300341978;170;-1094;66
2021-11-13T11:42:02.468;536844924320075595;193;-1037;-54
2021-11-13T11:42:02.488;536844924339809212;242;-1021;-129
2021-11-13T11:42:02.508;536844924359542829;197;-1043;-110
2021-11-13T11:42:02.527;536844924379276446;183;-1028;-71
2021-11-13T11:42:02.547;536844924399010063;117;-1007;-109
2021-11-13T11:42:02.567;536844924418743680;52;-1042;-84
2021-11-13T11:42:02.587;536844924438477297;-56;-1126;-1
2021-11-13T11:42:02.606;536844924458210914;-4;-1117;86
2021-11-13T11:42:02.626;536844924477944531;79;-1043;98
2021-11-13T11:42:02.646;536844924497678148;82;-1062;133
2021-11-13T11:42:02.666;536844924517411765;260;-1033;182
2021-11-13T11:42:02.685;536844924537145382;331;-1037;166
2021-11-13T11:42:02.705;536844924556878999;167;-1084;105
2021-11-13T11:42:02.725;536844924576612616;69;-1240;176
2021-11-13T11:42:02.744;536844924596346233;202;-1095;118
2021-11-13T11:42:02.764;536844924616079850;135;-1099;86
2021-11-13T11:42:02.784;536844924635813467;125;-1024;70
2021-11-13T11:42:02.804;536844924655547084;126;-1027;61
2021-11-13T11:42:02.823;536844924675286527;83;-1027;66
2021-11-13T11:42:02.843;536844924695025970;58;-1054;70
2021-11-13T11:42:02.863;536844924714765413;-28;-1051;40
2021-11-13T11:42:02.883;536844924734504856;-6;-1056;33
2021-11-13T11:42:02.902;536844924754244299;30;-1049;32
2021-11-13T11:42:02.922;536844924773983742;-3;-1041;70
2021-11-13T11:42:02.942;536844924793723185;-1;-1070;87
2021-11-13T11:42:02.962;536844924813462628;-73;-1076;23
2021-11-13T11:42:02.981;536844924833202071;5;-1074;9
2021-11-13T11:42:03.001;536844924852941514;-37;-1099;-13
2021-11-13T11:42:03.021;536844924872680957;-121;-1052;-32
2021-11-13T11:42:03.041;536844924892420400;-138;-1105;-30
2021-11-13T11:42:03.060;536844924912159843;-209;-1131;-47
2021-11-13T11:42:03.080;536844924931899286;-167;-1107;-72
2021-11-13T11:42:03.100;536844924951638729;-201;-1089;99
2021-11-13T11:42:03.120;536844924971378172;204;-820;155
2021-11-13T11:42:03.139;536844924991117615;-95;-1100;72
2021-11-13T11:42:03.159;536844925010857058;-198;-1025;18
2021-11-13T11:42:03.179;536844925030596501;-63;-978;57
2021-11-13T11:42:03.198;536844925050335944;-358;-1124;25
2021-11-13T11:42:03.218;536844925070075387;-19;-1111;108
2021-11-13T11:42:03.238;536844925089814830;-133;-1166;16
2021-11-13T11:42:03.258;536844925109554273;3;-1218;34
2021-11-13T11:42:03.277;536844925129293716;-185;-1155;-45
2021-11-13T11:42:03.297;536844925149033159;-36;-1294;19
2021-11-13T11:42:03.317;536844925168772602;-156;-1271;77
2021-11-13T11:42:03.337;536844925188512045;-99;-1248;66
2021-11-13T11:42:03.356;536844925208251488;-133;-1144;54
2021-11-13T11:42:03.376;536844925227990931;69;-1223;60
2021-11-13T11:42:03.396;536844925247730374;-159;-1301;43
2021-11-13T11:42:03.416;536844925267469817;-195;-1265;13
2021-11-13T11:42:03.435;536844925287209260;56;-1177;95
2021-11-13T11:42:03.455;536844925306948703;106;-1267;106
2021-11-13T11:42:03.475;536844925326688146;-53;-1204;55
2021-11-13T11:42:03.495;536844925346427589;70;-1167;1
2021-11-13T11:42:03.514;536844925366167032;-118;-1296;12
2021-11-13T11:42:03.534;536844925385913763;26;-1272;74
2021-11-13T11:42:03.554;536844925405660488;22;-1148;105
2021-11-13T11:42:03.574;536844925425407213;18;-1223;76
2021-11-13T11:42:03.593;536844925445153938;-80;-1293;67
2021-11-13T11:42:03.613;536844925464900663;-73;-1209;27
2021-11-13T11:42:03.633;536844925484647388;-122;-1244;71
2021-11-13T11:42:03.653;536844925504394113;-64;-1191;157
2021-11-13T11:42:03.672;536844925524140838;102;-1100;138
2021-11-13T11:42:03.692;536844925543887563;-61;-1163;21
2021-11-13T11:42:03.712;536844925563634288;-27;-1147;31
2021-11-13T11:42:03.732;536844925583381013;14;-1130;92
2021-11-13T11:42:03.751;536844925603127738;67;-1109;107
2021-11-13T11:42:03.771;536844925622874463;-11;-1150;108
2021-11-13T11:42:03.791;536844925642621188;152;-1097;100
2021-11-13T11:42:03.811;536844925662367913;-9;-1103;59
2021-11-13T11:42:03.830;536844925682114638;-107;-1105;74
2021-11-13T11:42:03.850;536844925701861363;-125;-1040;94
2021-11-13T11:42:03.870;536844925721608088;-62;-1008;84
2021-11-13T11:42:03.890;536844925741354813;17;-997;48
2021-11-13T11:42:03.909;536844925761101538;47;-1077;57
2021-11-13T11:42:03.929;536844925780848263;-11;-992;50
2021-11-13T11:42:03.949;536844925800594988;-13;-931;57
2021-11-13T11:42:03.968;536844925820341713;-63;-944;47
2021-11-13T11:42:03.988;536844925840088438;-47;-997;107
2021-11-13T11:42:04.008;536844925859835163;-39;-918;119
2021-11-13T11:42:04.028;536844925879581888;101;-807;111
2021-11-13T11:42:04.047;536844925899328613;88;-836;70
2021-11-13T11:42:04.067;536844925919075338;55;-802;49
2021-11-13T11:42:04.087;536844925938822063;80;-779;94
2021-11-13T11:42:04.107;536844925958568788;80;-723;116
2021-11-13T11:42:04.126;536844925978315513;69;-742;144
2021-11-13T11:42:04.146;536844925998062238;6;-706;105
2021-11-13T11:42:04.166;536844926017808963;74;-671;29
2021-11-13T11:42:04.186;536844926037555688;28;-719;49
2021-11-13T11:42:04.205;536844926057302413;104;-740;133
2021-11-13T11:42:04.225;536844926077049138;141;-834;159
2021-11-13T11:42:04.245;536844926096788589;174;-816;142
2021-11-13T11:42:04.265;536844926116528032;344;-850;158
2021-11-13T11:42:04.284;536844926136267475;342;-848;190
2021-11-13T11:42:04.304;536844926156006918;287;-907;140
2021-11-13T11:42:04.324;536844926175746361;231;-1026;176
2021-11-13T11:42:04.344;536844926195485804;211;-994;194
2021-11-13T11:42:04.363;536844926215225247;216;-1012;209
2021-11-13T11:42:04.383;536844926234964690;242;-1003;201
2021-11-13T11:42:04.403;536844926254704133;275;-1033;178
2021-11-13T11:42:04.423;536844926274443576;256;-1101;197
2021-11-13T11:42:04.442;536844926294183019;166;-1107;217
2021-11-13T11:42:04.462;536844926313922462;160;-1010;191
2021-11-13T11:42:04.482;536844926333661905;221;-996;165
2021-11-13T11:42:04.502;536844926353401348;213;-1006;185
2021-11-13T11:42:04.521;536844926373140791;243;-996;191
2021-11-13T11:42:04.541;536844926392880234;228;-1008;190
2021-11-13T11:42:04.561;536844926412619677;293;-965;212
2021-11-13T11:42:04.581;536844926432359120;292;-993;203
2021-11-13T11:42:04.600;536844926452098563;306;-981;215
2021-11-13T11:42:04.620;536844926471838006;254;-1007;208
2021-11-13T11:42:04.640;536844926491577449;237;-1009;198
2021-11-13T11:42:04.659;536844926511316892;217;-1051;209
2021-11-13T11:42:04.679;536844926531056335;222;-1040;217
2021-11-13T11:42:04.699;536844926550795778;253;-1047;208
2021-11-13T11:42:04.719;536844926570535221;255;-1032;213
2021-11-13T11:42:04.738;536844926590274664;256;-1035;207
2021-11-13T11:42:04.758;536844926610014107;236;-1022;208
2021-11-13T11:42:04.778;536844926629753550;247;-1003;215
2021-11-13T11:42:04.798;536844926649492993;241;-994;202
2021-11-13T11:42:04.817;536844926669232436;244;-984;192
2021-11-13T11:42:04.837;536844926688971879;294;-997;197
2021-11-13T11:42:04.857;536844926708711322;260;-1005;203
2021-11-13T11:42:04.877;536844926728450765;245;-1015;218
2021-11-13T11:42:04.896;536844926748190208;231;-998;213
2021-11-13T11:42:04.916;536844926767929651;243;-1017;215
2021-11-13T11:42:04.936;536844926787669094;224;-1018;217
2021-11-13T11:42:04.956;536844926807402733;231;-1015;213
2021-11-13T11:42:04.975;536844926827136350;230;-1016;206
2021-11-13T11:42:04.995;536844926846869967;241;-1005;216
2021-11-13T11:42:05.015;536844926866603584;252;-1011;209
2021-11-13T11:42:05.034;536844926886337201;265;-1012;221
2021-11-13T11:42:05.054;536844926906070818;247;-994;217
2021-11-13T11:42:05.074;536844926925804435;255;-990;206
2021-11-13T11:42:05.094;536844926945538052;251;-981;203
2021-11-13T11:42:05.113;536844926965271669;264;-973;197
2021-11-13T11:42:05.133;536844926985005286;262;-1011;198
2021-11-13T11:42:05.153;536844927004738903;240;-999;196
2021-11-13T11:42:05.173;536844927024472520;271;-1015;201
2021-11-13T11:42:05.192;536844927044206137;239;-1030;210
2021-11-13T11:42:05.212;536844927063939754;247;-1030;217
2021-11-13T11:42:05.232;536844927083673371;222;-1018;196
2021-11-13T11:42:05.252;536844927103406988;225;-1000;197
2021-11-13T11:42:05.271;536844927123140605;210;-1000;193
2021-11-13T11:42:05.291;536844927142874222;204;-999;198
2021-11-13T11:42:05.311;536844927162607839;159;-985;197
2021-11-13T11:42:05.330;536844927182341456;135;-973;184
2021-11-13T11:42:05.350;536844927202075073;138;-936;183
2021-11-13T11:42:05.370;536844927221808690;110;-905;152
2021-11-13T11:42:05.390;536844927241542307;125;-897;146
2021-11-13T11:42:05.409;536844927261275924;98;-893;160
2021-11-13T11:42:05.429;536844927281009541;89;-886;156
2021-11-13T11:42:05.449;536844927300743158;104;-851;153
2021-11-13T11:42:05.469;536844927320476775;74;-862;141
2021-11-13T11:42:05.488;536844927340210392;81;-872;144
2021-11-13T11:42:05.508;536844927359944009;74;-850;130
2021-11-13T11:42:05.528;536844927379677626;21;-894;113
2021-11-13T11:42:05.548;536844927399411243;-7;-898;140
2021-11-13T11:42:05.567;536844927419144860;22;-908;168
2021-11-13T11:42:05.587;536844927438878477;8;-912;158
2021-11-13T11:42:05.607;536844927458612094;87;-916;131
2021-11-13T11:42:05.626;536844927478345711;74;-956;100
2021-11-13T11:42:05.646;536844927498079328;15;-1002;145
2021-11-13T11:42:05.666;536844927517821684;28;-973;176
2021-11-13T11:42:05.686;536844927537564040;-40;-979;131
2021-11-13T11:42:05.705;536844927557306396;-13;-948;98
2021-11-13T11:42:05.725;536844927577048752;-72;-1065;107
2021-11-13T11:42:05.745;536844927596791108;-12;-1007;136
2021-11-13T11:42:05.765;536844927616533464;0;-1073;134
2021-11-13T11:42:05.784;536844927636275820;5;-1040;145
2021-11-13T11:42:05.804;536844927656018176;15;-1045;186
2021-11-13T11:42:05.824;536844927675760532;114;-915;170
2021-11-13T11:42:05.844;536844927695502888;168;-1041;104
2021-11-13T11:42:05.863;536844927715245244;92;-1206;193
2021-11-13T11:42:05.883;536844927734987600;13;-918;110
2021-11-13T11:42:05.903;536844927754729956;40;-893;123
2021-11-13T11:42:05.923;536844927774472312;182;-1173;241
2021-11-13T11:42:05.942;536844927794214668;-189;-804;0
2021-11-13T11:42:05.962;536844927813957024;198;-1121;95
2021-11-13T11:42:05.982;536844927833699380;-248;-1065;-16
2021-11-13T11:42:06.002;536844927853441736;-18;-1000;100
2021-11-13T11:42:06.021;536844927873184092;-42;-1055;85
2021-11-13T11:42:06.041;536844927892926448;-66;-1207;122
2021-11-13T11:42:06.061;536844927912668804;-365;-1367;247
2021-11-13T11:42:06.081;536844927932411160;163;-1267;529
2021-11-13T11:42:06.100;536844927952153516;209;-1032;0
2021-11-13T11:42:06.120;536844927971895872;343;-1133;-82
2021-11-13T11:42:06.140;536844927991638228;649;-529;-89
2021-11-13T11:42:06.160;536844928011380584;-312;-1206;-50
2021-11-13T11:42:06.179;536844928031122940;54;-1297;35
2021-11-13T11:42:06.199;536844928050865296;-165;-1129;-49
2021-11-13T11:42:06.219;536844928070607652;205;-1217;86
2021-11-13T11:42:06.238;536844928090350008;-13;-1156;-12
2021-11-13T11:42:06.258;536844928110092364;26;-1236;104
2021-11-13T11:42:06.278;536844928129834720;-124;-1093;24
2021-11-13T11:42:06.298;536844928149577076;38;-1326;36
2021-11-13T11:42:06.317;536844928169319432;-100;-1235;-14
2021-11-13T11:42:06.337;536844928189061788;-20;-1122;10
2021-11-13T11:42:06.357;536844928208804144;-145;-1132;-61
2021-11-13T11:42:06.377;536844928228546533;95;-1087;25
2021-11-13T11:42:06.396;536844928248288888;74;-1158;-42
2021-11-13T11:42:06.416;536844928268031243;7;-1178;29
2021-11-13T11:42:06.436;536844928287773598;-81;-1106;-12
2021-11-13T11:42:06.456;536844928307515953;-105;-1062;-18
2021-11-13T11:42:06.475;536844928327258308;-10;-988;-7
2021-11-13T11:42:06.495;536844928347000663;67;-1101;-43
2021-11-13T11:42:06.515;536844928366743018;-337;-1856;-167
2021-11-13T11:42:06.535;536844928386485373;-516;-2566;9
2021-11-13T11:42:06.554;536844928406227728;421;-377;285
2021-11-13T11:42:06.574;536844928425970083;712;-282;-239
2021-11-13T11:42:06.594;536844928445712438;-447;-2303;-23
2021-11-13T11:42:06.614;536844928465454793;777;-437;-143
2021-11-13T11:42:06.633;536844928485197148;-386;-1184;-19
2021-11-13T11:42:06.653;536844928504939503;-194;-1254;-19
2021-11-13T11:42:06.673;536844928524681858;-100;-1058;102
2021-11-13T11:42:06.693;536844928544424213;88;-925;5
2021-11-13T11:42:06.712;536844928564166568;56;-1039;-63
2021-11-13T11:42:06.732;536844928583908923;125;-982;-50
2021-11-13T11:42:06.752;536844928603651278;60;-974;-68
2021-11-13T11:42:06.772;536844928623393633;17;-988;-77
2021-11-13T11:42:06.791;536844928643135988;10;-1030;-13
2021-11-13T11:42:06.811;536844928662878343;-130;-1083;67
2021-11-13T11:42:06.831;536844928682620698;-145;-1086;79
2021-11-13T11:42:06.851;536844928702363053;-171;-1178;101
2021-11-13T11:42:06.870;536844928722105408;0;-1076;74
2021-11-13T11:42:06.890;536844928741847763;23;-1165;-27
2021-11-13T11:42:06.910;536844928761590118;-33;-1183;-106
2021-11-13T11:42:06.929;536844928781332473;-174;-1180;-143
2021-11-13T11:42:06.949;536844928801074828;189;-948;11
2021-11-13T11:42:06.969;536844928820817183;240;-1072;7
2021-11-13T11:42:06.989;536844928840559538;-412;-1239;72
2021-11-13T11:42:07.008;536844928860301893;110;-981;171
2021-11-13T11:42:07.028;536844928880044248;-460;-1128;-130
2021-11-13T11:42:07.048;536844928899786603;-169;-1181;-64
2021-11-13T11:42:07.068;536844928919528958;-278;-1158;-109
2021-11-13T11:42:07.087;536844928939268409;-133;-1229;-45
2021-11-13T11:42:07.107;536844928959007852;-3;-1179;-11
2021-11-13T11:42:07.127;536844928978747295;-39;-1396;59
2021-11-13T11:42:07.147;536844928998486738;138;-1075;92
2021-11-13T11:42:07.166;536844929018226181;-26;-1199;85
2021-11-13T11:42:07.186;536844929037965624;-172;-1157;57
2021-11-13T11:42:07.206;536844929057705067;-61;-1197;41
2021-11-13T11:42:07.226;536844929077444510;-80;-1154;-51
2021-11-13T11:42:07.245;536844929097183953;-80;-1229;-9
2021-11-13T11:42:07.265;536844929116923396;-137;-1235;25
2021-11-13T11:42:07.285;536844929136662839;-205;-1242;-3
2021-11-13T11:42:07.305;536844929156402282;-134;-1209;8
2021-11-13T11:42:07.324;536844929176141725;-3;-1182;31
2021-11-13T11:42:07.344;536844929195881168;-18;-1250;29
2021-11-13T11:42:07.364;536844929215620611;-109;-1262;58
2021-11-13T11:42:07.384;536844929235360054;-132;-1165;96
2021-11-13T11:42:07.403;536844929255099497;-111;-1107;52
2021-11-13T11:42:07.423;536844929274838940;-169;-1175;9
2021-11-13T11:42:07.443;536844929294578383;49;-1109;6
2021-11-13T11:42:07.462;536844929314317826;-30;-1120;3
2021-11-13T11:42:07.482;536844929334057269;-185;-1157;34
2021-11-13T11:42:07.502;536844929353796712;-253;-1142;69
2021-11-13T11:42:07.522;536844929373536155;-155;-1086;4
2021-11-13T11:42:07.541;536844929393275598;-149;-1133;-8
2021-11-13T11:42:07.561;536844929413015041;-159;-1129;55
2021-11-13T11:42:07.581;536844929432754484;-80;-1129;72
2021-11-13T11:42:07.601;536844929452493927;-90;-1130;57
2021-11-13T11:42:07.620;536844929472233370;-128;-1047;43
2021-11-13T11:42:07.640;536844929491972813;-295;-1046;-9
2021-11-13T11:42:07.660;536844929511712256;-266;-1237;24
2021-11-13T11:42:07.680;536844929531451699;91;-873;-26
2021-11-13T11:42:07.699;536844929551191142;-165;-1226;1
2021-11-13T11:42:07.719;536844929570930585;-125;-1027;50
2021-11-13T11:42:07.739;536844929590670028;-283;-1120;81
2021-11-13T11:42:07.759;536844929610409471;-179;-922;34
2021-11-13T11:42:07.778;536844929630148914;-234;-1029;5
2021-11-13T11:42:07.798;536844929649895639;-65;-950;38
2021-11-13T11:42:07.818;536844929669642364;-141;-1043;10
2021-11-13T11:42:07.838;536844929689389089;-37;-866;43
2021-11-13T11:42:07.857;536844929709135814;-158;-988;44
2021-11-13T11:42:07.877;536844929728882539;-87;-893;44
2021-11-13T11:42:07.897;536844929748629264;-95;-874;28
2021-11-13T11:42:07.917;536844929768375989;21;-825;32
2021-11-13T11:42:07.936;536844929788122714;-147;-860;30
2021-11-13T11:42:07.956;536844929807869439;-28;-771;100
2021-11-13T11:42:07.976;536844929827616164;-32;-757;86
2021-11-13T11:42:07.996;536844929847362889;44;-743;51
2021-11-13T11:42:08.015;536844929867109614;-16;-770;73
2021-11-13T11:42:08.035;536844929886856339;74;-719;121
2021-11-13T11:42:08.055;536844929906603064;51;-676;111
2021-11-13T11:42:08.074;536844929926349789;170;-707;107
2021-11-13T11:42:08.094;536844929946096514;258;-762;118
2021-11-13T11:42:08.114;536844929965843239;318;-868;153
2021-11-13T11:42:08.134;536844929985589964;248;-920;187
2021-11-13T11:42:08.153;536844930005336689;154;-979;209
2021-11-13T11:42:08.173;536844930025083414;227;-993;193
2021-11-13T11:42:08.193;536844930044830139;176;-1137;130
2021-11-13T11:42:08.213;536844930064576864;73;-1197;171
2021-11-13T11:42:08.232;536844930084323589;54;-1140;212
2021-11-13T11:42:08.252;536844930104070314;168;-1094;176
2021-11-13T11:42:08.272;536844930123817039;146;-1085;136
2021-11-13T11:42:08.292;536844930143563764;218;-996;130
2021-11-13T11:42:08.311;536844930163310489;171;-976;123
2021-11-13T11:42:08.331;536844930183057214;187;-983;152
2021-11-13T11:42:08.351;536844930202803939;206;-979;181
2021-11-13T11:42:08.371;536844930222550664;286;-945;195
2021-11-13T11:42:08.390;536844930242297389;263;-983;181
2021-11-13T11:42:08.410;536844930262044114;286;-992;187
2021-11-13T11:42:08.430;536844930281790839;228;-1035;159
2021-11-13T11:42:08.450;536844930301537564;234;-1094;178
2021-11-13T11:42:08.469;536844930321284289;189;-1063;195
2021-11-13T11:42:08.489;536844930341031014;220;-1068;184
2021-11-13T11:42:08.509;536844930360783574;255;-1081;164
2021-11-13T11:42:08.529;536844930380536124;246;-1045;178
2021-11-13T11:42:08.548;536844930400288674;243;-1021;180
2021-11-13T11:42:08.568;536844930420041224;223;-1009;153
2021-11-13T11:42:08.588;536844930439793774;258;-979;165
2021-11-13T11:42:08.608;536844930459546324;227;-958;173
2021-11-13T11:42:08.627;536844930479298874;220;-998;152
2021-11-13T11:42:08.647;536844930499051424;229;-1014;169
2021-11-13T11:42:08.667;536844930518803974;231;-998;191
2021-11-13T11:42:08.687;536844930538556524;228;-1048;184
2021-11-13T11:42:08.706;536844930558309074;220;-1028;194
2021-11-13T11:42:08.726;536844930578061624;251;-1019;184
2021-11-13T11:42:08.746;536844930597814174;277;-1030;182
2021-11-13T11:42:08.766;536844930617566724;272;-1001;192
2021-11-13T11:42:08.785;536844930637319274;276;-1018;195
2021-11-13T11:42:08.805;536844930657071824;247;-1013;188
2021-11-13T11:42:08.825;536844930676824374;243;-999;188
2021-11-13T11:42:08.845;536844930696576924;238;-1015;193
2021-11-13T11:42:08.864;536844930716329474;216;-1013;204
2021-11-13T11:42:08.884;536844930736082024;228;-1016;203
2021-11-13T11:42:08.904;536844930755834574;215;-1016;189
2021-11-13T11:42:08.924;536844930775587124;232;-1001;178
2021-11-13T11:42:08.943;536844930795339674;190;-1031;163
2021-11-13T11:42:08.963;536844930815092224;221;-996;182
2021-11-13T11:42:08.983;536844930834844774;236;-1003;185
2021-11-13T11:42:09.003;536844930854597324;245;-1022;177
2021-11-13T11:42:09.022;536844930874349874;243;-1011;194
2021-11-13T11:42:09.042;536844930894102424;238;-1024;195
2021-11-13T11:42:09.062;536844930913854974;226;-1009;172
2021-11-13T11:42:09.082;536844930933607524;228;-1006;167
2021-11-13T11:42:09.102;536844930953360074;238;-1038;177
2021-11-13T11:42:09.121;536844930973112624;214;-1014;186
2021-11-13T11:42:09.141;536844930992865174;204;-1003;173
2021-11-13T11:42:09.161;536844931012617724;218;-1044;174
2021-11-13T11:42:09.181;536844931032370274;185;-1018;188
2021-11-13T11:42:09.200;536844931052122824;200;-1006;178
2021-11-13T11:42:09.220;536844931071868116;175;-1011;171
2021-11-13T11:42:09.240;536844931091613384;167;-1001;153
2021-11-13T11:42:09.260;536844931111358652;173;-1012;158
2021-11-13T11:42:09.279;536844931131103920;112;-998;166
2021-11-13T11:42:09.299;536844931150849188;127;-993;170
2021-11-13T11:42:09.319;536844931170594456;137;-980;159
2021-11-13T11:42:09.338;536844931190339724;100;-981;145
2021-11-13T11:42:09.358;536844931210084992;66;-953;129
2021-11-13T11:42:09.378;536844931229830260;93;-912;126
2021-11-13T11:42:09.398;536844931249575528;67;-939;129
2021-11-13T11:42:09.417;536844931269320796;40;-890;141
2021-11-13T11:42:09.437;536844931289066064;37;-889;116
2021-11-13T11:42:09.457;536844931308811332;7;-871;118
2021-11-13T11:42:09.477;536844931328556600;-15;-868;107
2021-11-13T11:42:09.496;536844931348301868;-19;-880;121
2021-11-13T11:42:09.516;536844931368047136;-1;-872;111
2021-11-13T11:42:09.536;536844931387792404;11;-894;104
2021-11-13T11:42:09.556;536844931407537672;-14;-954;101
2021-11-13T11:42:09.575;536844931427282940;-2;-972;134
2021-11-13T11:42:09.595;536844931447028208;-30;-949;131
2021-11-13T11:42:09.615;536844931466773476;-46;-945;96
2021-11-13T11:42:09.635;536844931486518744;-89;-967;81
2021-11-13T11:42:09.654;536844931506264012;-150;-980;62
2021-11-13T11:42:09.674;536844931526009280;-106;-999;79
2021-11-13T11:42:09.694;536844931545754548;23;-1007;123
2021-11-13T11:42:09.714;536844931565499816;63;-1023;173
2021-11-13T11:42:09.733;536844931585245084;58;-989;143
2021-11-13T11:42:09.753;536844931604990352;-60;-1031;111
2021-11-13T11:42:09.773;536844931624735620;-71;-1056;107
2021-11-13T11:42:09.793;536844931644480888;-131;-1037;110
2021-11-13T11:42:09.812;536844931664226156;-27;-990;128
2021-11-13T11:42:09.832;536844931683971424;84;-1161;137
2021-11-13T11:42:09.852;536844931703716692;16;-1156;143
2021-11-13T11:42:09.872;536844931723461960;-90;-780;37
2021-11-13T11:42:09.891;536844931743207228;3;-1183;101
2021-11-13T11:42:09.911;536844931762952496;-241;-941;100
2021-11-13T11:42:09.931;536844931782694881;99;-955;122
2021-11-13T11:42:09.951;536844931802437236;-107;-1065;26
2021-11-13T11:42:09.970;536844931822179591;-71;-1032;121
2021-11-13T11:42:09.990;536844931841921946;-77;-964;112
2021-11-13T11:42:10.010;536844931861664301;-104;-1113;118
2021-11-13T11:42:10.030;536844931881406656;-98;-1081;56
2021-11-13T11:42:10.049;536844931901149011;-75;-1119;72
2021-11-13T11:42:10.069;536844931920891366;-394;-1265;158
2021-11-13T11:42:10.089;536844931940633721;-216;-1353;523
2021-11-13T11:42:10.109;536844931960376076;272;-1081;179
2021-11-13T11:42:10.128;536844931980118431;-212;-1354;-1
2021-11-13T11:42:10.148;536844931999860786;851;-707;121
2021-11-13T11:42:10.168;536844932019603141;-363;-1064;-116
2021-11-13T11:42:10.187;536844932039345496;-383;-1110;-78
2021-11-13T11:42:10.207;536844932059087851;-49;-1084;29
2021-11-13T11:42:10.227;536844932078830206;-21;-1114;-6
2021-11-13T11:42:10.247;536844932098572561;128;-1099;111
2021-11-13T11:42:10.266;536844932118314916;-22;-1113;83
2021-11-13T11:42:10.286;536844932138057271;-20;-1196;142
2021-11-13T11:42:10.306;536844932157799626;-115;-1111;65
2021-11-13T11:42:10.326;536844932177541981;-154;-1121;46
2021-11-13T11:42:10.345;536844932197284336;-22;-1132;44
2021-11-13T11:42:10.365;536844932217026691;-27;-1193;25
2021-11-13T11:42:10.385;536844932236769046;-32;-1069;48
2021-11-13T11:42:10.405;536844932256511401;-55;-1110;29
2021-11-13T11:42:10.424;536844932276253756;-78;-1126;31
2021-11-13T11:42:10.444;536844932295996111;-40;-1030;32
2021-11-13T11:42:10.464;536844932315738466;-358;-1608;43
2021-11-13T11:42:10.484;536844932335480821;-383;-1419;-140
2021-11-13T11:42:10.503;536844932355223176;783;-85;-80
2021-11-13T11:42:10.523;536844932374965531;-1314;-3050;-396
2021-11-13T11:42:10.543;536844932394707886;-41;-1713;686
2021-11-13T11:42:10.563;536844932414450241;1406;678;-200
2021-11-13T11:42:10.582;536844932434192596;240;-1338;-130
2021-11-13T11:42:10.602;536844932453934951;-754;-1199;-422
2021-11-13T11:42:10.622;536844932473677306;321;-1520;433
2021-11-13T11:42:10.642;536844932493428402;252;-451;14
2021-11-13T11:42:10.661;536844932513179496;294;-1259;114
2021-11-13T11:42:10.681;536844932532930590;-134;-1321;175
2021-11-13T11:42:10.701;536844932552681684;497;-1131;269
2021-11-13T11:42:10.721;536844932572432778;588;-942;205
2021-11-13T11:42:10.740;536844932592183872;75;-1064;171
2021-11-13T11:42:10.760;536844932611934966;217;-1018;57
2021-11-13T11:42:10.780;536844932631686060;454;-1089;70
2021-11-13T11:42:10.800;536844932651437154;420;-949;55
2021-11-13T11:42:10.819;536844932671188248;153;-1097;133
2021-11-13T11:42:10.839;536844932690939342;146;-1117;112
2021-11-13T11:42:10.859;536844932710690436;109;-1106;88
2021-11-13T11:42:10.879;536844932730441530;23;-1017;-16
2021-11-13T11:42:10.898;536844932750192624;-100;-1028;-39
2021-11-13T11:42:10.918;536844932769943718;-41;-1072;-46
2021-11-13T11:42:10.938;536844932789694812;154;-1010;-10
2021-11-13T11:42:10.958;536844932809445906;192;-959;18
2021-11-13T11:42:10.977;536844932829197000;206;-942;0
2021-11-13T11:42:10.997;536844932848948094;505;-905;-81
2021-11-13T11:42:11.017;536844932868699188;654;-1000;-59
2021-11-13T11:42:11.037;536844932888450282;696;-870;-38
2021-11-13T11:42:11.056;536844932908201376;248;-1101;4
2021-11-13T11:42:11.076;536844932927952470;312;-1125;108
2021-11-13T11:42:11.096;536844932947703564;241;-940;125
2021-11-13T11:42:11.116;536844932967454658;363;-1000;147
2021-11-13T11:42:11.135;536844932987205752;460;-994;106
2021-11-13T11:42:11.155;536844933006956846;425;-965;48
2021-11-13T11:42:11.175;536844933026707940;163;-1015;73
2021-11-13T11:42:11.195;536844933046459034;347;-977;53
2021-11-13T11:42:11.214;536844933066210128;323;-1059;89
2021-11-13T11:42:11.234;536844933085961222;422;-1121;67
2021-11-13T11:42:11.254;536844933105712316;441;-1179;85
2021-11-13T11:42:11.274;536844933125463410;371;-1151;140
2021-11-13T11:42:11.293;536844933145214504;288;-1039;161
2021-11-13T11:42:11.313;536844933164965598;341;-921;143
2021-11-13T11:42:11.333;536844933184716692;423;-994;163
2021-11-13T11:42:11.353;536844933204470729;520;-1062;190
2021-11-13T11:42:11.372;536844933224224735;288;-1100;73
2021-11-13T11:42:11.392;536844933243978741;526;-868;5
2021-11-13T11:42:11.412;536844933263732747;503;-969;74
2021-11-13T11:42:11.432;536844933283486753;282;-1301;322
2021-11-13T11:42:11.451;536844933303240759;398;-976;140
2021-11-13T11:42:11.471;536844933322994765;245;-933;75
2021-11-13T11:42:11.491;536844933342748771;279;-1074;132
2021-11-13T11:42:11.511;536844933362502777;347;-1008;141
2021-11-13T11:42:11.530;536844933382256783;243;-1014;125
2021-11-13T11:42:11.550;536844933402010789;223;-1088;185
2021-11-13T11:42:11.570;536844933421764795;139;-1009;131
2021-11-13T11:42:11.590;536844933441518801;184;-915;27
2021-11-13T11:42:11.609;536844933461272807;135;-1076;41
2021-11-13T11:42:11.629;536844933481026813;250;-1045;44
2021-11-13T11:42:11.649;536844933500780819;222;-1011;99
2021-11-13T11:42:11.669;536844933520534825;251;-992;117
2021-11-13T11:42:11.688;536844933540288831;289;-968;112
2021-11-13T11:42:11.708;536844933560042837;118;-1140;127
2021-11-13T11:42:11.728;536844933579796843;6;-1094;65
2021-11-13T11:42:11.748;536844933599550849;29;-1115;109
2021-11-13T11:42:11.767;536844933619304855;62;-1030;127
2021-11-13T11:42:11.787;536844933639058861;50;-1129;87
2021-11-13T11:42:11.807;536844933658812867;-13;-1055;23
2021-11-13T11:42:11.827;536844933678566873;-160;-1145;-16
2021-11-13T11:42:11.846;536844933698320879;-73;-1042;-1
2021-11-13T11:42:11.866;536844933718074885;-138;-1080;38
2021-11-13T11:42:11.886;536844933737828891;-50;-877;104
2021-11-13T11:42:11.906;536844933757582897;-115;-1010;47
2021-11-13T11:42:11.925;536844933777336903;-199;-1187;30
2021-11-13T11:42:11.945;536844933797090909;-146;-953;21
2021-11-13T11:42:11.965;536844933816844915;-177;-1078;-64
2021-11-13T11:42:11.985;536844933836598921;-142;-1106;-10
2021-11-13T11:42:12.005;536844933856352927;-127;-1057;83
2021-11-13T11:42:12.024;536844933876106933;-21;-1087;27
2021-11-13T11:42:12.044;536844933895860939;-33;-1210;104
2021-11-13T11:42:12.064;536844933915612769;-182;-1250;104
2021-11-13T11:42:12.084;536844933935364591;-146;-1215;1
2021-11-13T11:42:12.103;536844933955116413;-21;-1158;13
2021-11-13T11:42:12.123;536844933974868235;-81;-1237;23
2021-11-13T11:42:12.143;536844933994620057;-82;-1327;46
2021-11-13T11:42:12.163;536844934014371879;59;-1207;108
2021-11-13T11:42:12.182;536844934034123701;-88;-1245;66
2021-11-13T11:42:12.202;536844934053875523;29;-1192;131
2021-11-13T11:42:12.222;536844934073627345;7;-1247;112
2021-11-13T11:42:12.242;536844934093379167;134;-1154;101
2021-11-13T11:42:12.261;536844934113130989;-123;-1288;42
2021-11-13T11:42:12.281;536844934132882811;8;-1221;106
2021-11-13T11:42:12.301;536844934152634633;67;-1110;93
2021-11-13T11:42:12.321;536844934172386455;-40;-1234;92
2021-11-13T11:42:12.340;536844934192138277;-141;-1256;59
2021-11-13T11:42:12.360;536844934211890099;59;-1069;102
2021-11-13T11:42:12.380;536844934231641921;115;-1168;74
2021-11-13T11:42:12.400;536844934251393743;85;-1131;119
2021-11-13T11:42:12.419;536844934271145565;-22;-1202;108
2021-11-13T11:42:12.439;536844934290897387;-150;-1254;148
2021-11-13T11:42:12.459;536844934310649209;-39;-1015;68
2021-11-13T11:42:12.479;536844934330401031;-132;-1251;14
2021-11-13T11:42:12.498;536844934350152853;-138;-1209;64
2021-11-13T11:42:12.518;536844934369904675;-47;-1104;92
2021-11-13T11:42:12.538;536844934389656497;-37;-1144;108
2021-11-13T11:42:12.558;536844934409408319;-81;-1214;53
2021-11-13T11:42:12.577;536844934429160141;-157;-1139;27
2021-11-13T11:42:12.597;536844934448911963;-33;-1033;47
2021-11-13T11:42:12.617;536844934468663785;-27;-1140;45
2021-11-13T11:42:12.637;536844934488415607;-69;-1182;151
2021-11-13T11:42:12.656;536844934508167429;-182;-1118;101
2021-11-13T11:42:12.676;536844934527919251;-241;-1036;35
2021-11-13T11:42:12.696;536844934547671073;-97;-1132;-21
2021-11-13T11:42:12.716;536844934567422895;45;-992;24
2021-11-13T11:42:12.735;536844934587174717;-24;-1031;16
2021-11-13T11:42:12.755;536844934606926539;-101;-1031;92
2021-11-13T11:42:12.775;536844934626673264;-60;-999;98
2021-11-13T11:42:12.795;536844934646419989;106;-963;63
2021-11-13T11:42:12.814;536844934666166714;-33;-989;57
2021-11-13T11:42:12.834;536844934685913439;2;-852;101
2021-11-13T11:42:12.854;536844934705660164;-10;-912;100
2021-11-13T11:42:12.874;536844934725406889;8;-800;95
2021-11-13T11:42:12.893;536844934745153614;39;-778;47
2021-11-13T11:42:12.913;536844934764900339;-9;-762;65
2021-11-13T11:42:12.933;536844934784647064;-40;-708;26
2021-11-13T11:42:12.953;536844934804393789;44;-639;58
2021-11-13T11:42:12.972;536844934824140514;16;-632;92
2021-11-13T11:42:12.992;536844934843887239;107;-642;116
2021-11-13T11:42:13.012;536844934863633964;133;-744;134
2021-11-13T11:42:13.032;536844934883380689;285;-641;153
2021-11-13T11:42:13.051;536844934903127414;283;-695;101
2021-11-13T11:42:13.071;536844934922874139;324;-870;165
2021-11-13T11:42:13.091;536844934942620864;307;-836;233
2021-11-13T11:42:13.111;536844934962367589;334;-863;176
2021-11-13T11:42:13.130;536844934982114314;293;-1054;147
2021-11-13T11:42:13.150;536844935001861039;205;-1138;254
2021-11-13T11:42:13.170;536844935021607764;297;-1004;197
2021-11-13T11:42:13.190;536844935041354489;69;-1133;108
2021-11-13T11:42:13.209;536844935061101214;104;-1183;187
2021-11-13T11:42:13.229;536844935080847939;91;-1100;211
2021-11-13T11:42:13.249;536844935100594664;220;-1044;171
2021-11-13T11:42:13.268;536844935120341389;220;-991;115
2021-11-13T11:42:13.288;536844935140088114;318;-966;159
2021-11-13T11:42:13.308;536844935159834839;276;-892;200
2021-11-13T11:42:13.328;536844935179581564;288;-948;206
2021-11-13T11:42:13.347;536844935199328289;374;-913;224
2021-11-13T11:42:13.367;536844935219075014;389;-952;220
2021-11-13T11:42:13.387;536844935238821739;391;-952;204
2021-11-13T11:42:13.407;536844935258568464;299;-1016;195
2021-11-13T11:42:13.426;536844935278315189;268;-1054;222
2021-11-13T11:42:13.446;536844935298061914;241;-1059;207
2021-11-13T11:42:13.466;536844935317808639;331;-1042;215
2021-11-13T11:42:13.486;536844935337548824;287;-1069;186
2021-11-13T11:42:13.505;536844935357288995;279;-1021;195
2021-11-13T11:42:13.525;536844935377029166;245;-993;182
2021-11-13T11:42:13.545;536844935396769337;230;-998;189
2021-11-13T11:42:13.565;536844935416509508;294;-962;182
2021-11-13T11:42:13.584;536844935436249679;344;-949;179
2021-11-13T11:42:13.604;536844935455989850;306;-982;183
2021-11-13T11:42:13.624;536844935475730021;260;-995;201
2021-11-13T11:42:13.644;536844935495470192;189;-1006;184
2021-11-13T11:42:13.663;536844935515210363;263;-1010;202
2021-11-13T11:42:13.683;536844935534950534;286;-1047;192
2021-11-13T11:42:13.703;536844935554690705;324;-1055;202
2021-11-13T11:42:13.723;536844935574430876;344;-1001;206
2021-11-13T11:42:13.742;536844935594171047;296;-1013;175
2021-11-13T11:42:13.762;536844935613911218;285;-1019;183
2021-11-13T11:42:13.782;536844935633651389;291;-996;193
2021-11-13T11:42:13.802;536844935653391560;282;-1009;199
2021-11-13T11:42:13.821;536844935673131731;249;-994;191
2021-11-13T11:42:13.841;536844935692871902;281;-1003;183
2021-11-13T11:42:13.861;536844935712612073;280;-1001;179
2021-11-13T11:42:13.881;536844935732352244;273;-1018;195
2021-11-13T11:42:13.900;536844935752092415;226;-1015;193
2021-11-13T11:42:13.920;536844935771832586;253;-1018;212
2021-11-13T11:42:13.940;536844935791572757;292;-1014;208
2021-11-13T11:42:13.959;536844935811312928;285;-1015;191
2021-11-13T11:42:13.979;536844935831053099;254;-1014;196
2021-11-13T11:42:13.999;536844935850793270;292;-997;188
2021-11-13T11:42:14.019;536844935870533441;265;-1004;190
2021-11-13T11:42:14.038;536844935890273612;251;-1014;191
2021-11-13T11:42:14.058;536844935910013783;252;-999;194
2021-11-13T11:42:14.078;536844935929753954;255;-1012;196
2021-11-13T11:42:14.098;536844935949494125;274;-1005;192
2021-11-13T11:42:14.117;536844935969234296;276;-1003;193
2021-11-13T11:42:14.137;536844935988974467;294;-1007;194
2021-11-13T11:42:14.157;536844936008714638;267;-1008;194
2021-11-13T11:42:14.177;536844936028454809;251;-1010;199
2021-11-13T11:42:14.196;536844936048195723;260;-1008;204
2021-11-13T11:42:14.216;536844936067936622;251;-1011;207
2021-11-13T11:42:14.236;536844936087677521;261;-1004;195
2021-11-13T11:42:14.256;536844936107418420;266;-988;188
2021-11-13T11:42:14.275;536844936127159319;247;-1000;198
2021-11-13T11:42:14.295;536844936146900218;233;-995;199
2021-11-13T11:42:14.315;536844936166641117;219;-989;196
2021-11-13T11:42:14.335;536844936186382016;214;-994;187
2021-11-13T11:42:14.354;536844936206122915;187;-996;176
2021-11-13T11:42:14.374;536844936225863814;180;-996;176
2021-11-13T11:42:14.394;536844936245604713;184;-976;173
2021-11-13T11:42:14.413;536844936265345612;149;-973;162
2021-11-13T11:42:14.433;536844936285086511;174;-981;171
2021-11-13T11:42:14.453;536844936304827410;144;-959;172
2021-11-13T11:42:14.473;536844936324568309;123;-954;147
2021-11-13T11:42:14.492;536844936344309208;102;-943;148
2021-11-13T11:42:14.512;536844936364050107;85;-897;155
2021-11-13T11:42:14.532;536844936383791006;59;-899;139
2021-11-13T11:42:14.552;536844936403531905;9;-900;150
2021-11-13T11:42:14.571;536844936423272804;43;-904;148
2021-11-13T11:42:14.591;536844936443013703;71;-886;163
2021-11-13T11:42:14.611;536844936462754602;51;-895;163
2021-11-13T11:42:14.631;536844936482495501;108;-888;131
2021-11-13T11:42:14.650;536844936502236400;105;-909;106
2021-11-13T11:42:14.670;536844936521977299;87;-935;122
2021-11-13T11:42:14.690;536844936541718198;68;-948;188
2021-11-13T11:42:14.710;536844936561459097;51;-978;168
2021-11-13T11:42:14.729;536844936581199996;57;-955;119
2021-11-13T11:42:14.749;536844936600940895;1;-921;103
2021-11-13T11:42:14.769;536844936620681794;-26;-916;88
2021-11-13T11:42:14.789;536844936640422693;-36;-996;94
2021-11-13T11:42:14.808;536844936660163592;-39;-982;113
2021-11-13T11:42:14.828;536844936679904491;-54;-1010;104
2021-11-13T11:42:14.848;536844936699645390;-109;-1059;126
2021-11-13T11:42:14.868;536844936719386289;-68;-1069;245
2021-11-13T11:42:14.887;536844936739127188;78;-1073;184
2021-11-13T11:42:14.907;536844936758869544;149;-1012;163
2021-11-13T11:42:14.927;536844936778611900;168;-1012;164
2021-11-13T11:42:14.947;536844936798354256;32;-1046;161
2021-11-13T11:42:14.966;536844936818096612;-37;-1003;161
2021-11-13T11:42:14.986;536844936837838968;-60;-1079;165
2021-11-13T11:42:15.006;536844936857581324;-33;-955;82
2021-11-13T11:42:15.025;536844936877323680;128;-1086;134
2021-11-13T11:42:15.045;536844936897066036;-72;-995;125
2021-11-13T11:42:15.065;536844936916808392;-99;-1009;144
2021-11-13T11:42:15.085;536844936936550748;-122;-1093;114
2021-11-13T11:42:15.104;536844936956293104;58;-1009;106
2021-11-13T11:42:15.124;536844936976035460;12;-1078;81
2021-11-13T11:42:15.144;536844936995777816;31;-1084;125
2021-11-13T11:42:15.164;536844937015520172;-109;-1059;101
2021-11-13T11:42:15.183;536844937035262528;-419;-1430;356
2021-11-13T11:42:15.203;536844937055004884;-365;-1054;324
2021-11-13T11:42:15.223;536844937074747240;128;-1273;146
2021-11-13T11:42:15.243;536844937094489596;910;-763;-44
2021-11-13T11:42:15.262;536844937114231952;143;-949;76
2021-11-13T11:42:15.282;536844937133974308;-83;-1152;89
2021-11-13T11:42:15.302;536844937153716664;49;-1247;350
2021-11-13T11:42:15.322;536844937173459020;-171;-960;3
2021-11-13T11:42:15.341;536844937193201376;-229;-1111;-108
2021-11-13T11:42:15.361;536844937212943732;311;-971;-72
2021-11-13T11:42:15.381;536844937232686088;116;-1088;-56
2021-11-13T11:42:15.401;536844937252428444;-135;-1197;103
2021-11-13T11:42:15.420;536844937272170800;-120;-1123;112
2021-11-13T11:42:15.440;536844937291913156;-43;-1135;31
2021-11-13T11:42:15.460;536844937311655512;29;-1153;46
2021-11-13T11:42:15.480;536844937331397868;203;-1162;-13
2021-11-13T11:42:15.499;536844937351140224;71;-1233;-9
2021-11-13T11:42:15.519;536844937370882580;41;-1104;62
2021-11-13T11:42:15.539;536844937390624936;-52;-1053;60
2021-11-13T11:42:15.559;536844937410367292;-74;-1072;80
2021-11-13T11:42:15.578;536844937430109648;-50;-1060;56
2021-11-13T11:42:15.598;536844937449852004;-764;-2045;-217
