Phone timestamp;sensor timestamp [ns];X [mg];Y [mg];Z [mg]
2021-11-13T11:41:53.238;536845017775262595;-245;943;-158
2021-11-13T11:41:53.257;536845017794953978;-240;939;-214
2021-11-13T11:41:53.277;536845017814645361;-229;953;-251
2021-11-13T11:41:53.297;536845017834336744;-197;944;-243
2021-11-13T11:41:53.316;536845017854028127;-219;904;-248
2021-11-13T11:41:53.336;536845017873719510;-230;947;-252
2021-11-13T11:41:53.356;536845017893410893;-217;953;-260
2021-11-13T11:41:53.375;536845017913102276;-169;951;-275
2021-11-13T11:41:53.395;536845017932793659;-182;949;-287
2021-11-13T11:41:53.415;536845017952485042;-187;923;-260
2021-11-13T11:41:53.434;536845017972176425;-165;950;-207
2021-11-13T11:41:53.454;536845017991867808;-133;967;-215
2021-11-13T11:41:53.474;536845018011559191;-173;964;-247
2021-11-13T11:41:53.493;536845018031250574;-151;965;-254
2021-11-13T11:41:53.513;536845018050941957;-171;932;-258
2021-11-13T11:41:53.533;536845018070633340;-113;964;-198
2021-11-13T11:41:53.553;536845018090324723;-104;966;-178
2021-11-13T11:41:53.572;536845018110016106;-119;977;-205
2021-11-13T11:41:53.592;536845018129707489;-146;953;-246
2021-11-13T11:41:53.612;536845018149398872;-128;960;-193
2021-11-13T11:41:53.631;536845018169090255;-127;974;-138
2021-11-13T11:41:53.651;536845018188781638;-77;964;-157
2021-11-13T11:41:53.671;536845018208473021;-107;978;-189
2021-11-13T11:41:53.690;536845018228164404;-159;985;-272
2021-11-13T11:41:53.710;536845018247855787;-218;943;-205
2021-11-13T11:41:53.730;536845018267547170;-190;892;-209
2021-11-13T11:41:53.749;536845018287238553;-81;954;-235
2021-11-13T11:41:53.769;536845018306929936;-43;967;-173
2021-11-13T11:41:53.789;536845018326621319;-160;1003;-362
2021-11-13T11:41:53.809;536845018346312702;-229;982;-244
2021-11-13T11:41:53.828;536845018366004085;-319;850;-161
2021-11-13T11:41:53.848;536845018385695468;-239;961;-289
2021-11-13T11:41:53.868;536845018405386851;-167;941;-274
2021-11-13T11:41:53.887;536845018425078234;-234;895;-353
2021-11-13T11:41:53.907;536845018444769617;-220;901;-289
2021-11-13T11:41:53.927;536845018464461000;-170;947;-242
2021-11-13T11:41:53.946;536845018484152403;-114;981;-218
2021-11-13T11:41:53.966;536845018503843786;-154;972;-215
2021-11-13T11:41:53.986;536845018523535169;-168;973;-223
2021-11-13T11:41:54.005;536845018543226552;-118;924;-128
2021-11-13T11:41:54.025;536845018562917935;142;852;210
2021-11-13T11:41:54.045;536845018582609318;-40;980;-171
2021-11-13T11:41:54.065;536845018602300701;-313;1158;-399
2021-11-13T11:41:54.084;536845018621992084;40;887;38
2021-11-13T11:41:54.104;536845018641683467;-23;1037;-272
2021-11-13T11:41:54.124;536845018661374850;-38;969;-48
2021-11-13T11:41:54.143;536845018681066233;-41;933;-73
2021-11-13T11:41:54.163;536845018700757616;-203;1063;-241
2021-11-13T11:41:54.183;536845018720448999;38;860;59
2021-11-13T11:41:54.202;536845018740140382;-104;1017;-167
2021-11-13T11:41:54.222;536845018759831765;5;974;-112
2021-11-13T11:41:54.242;536845018779523148;16;981;-87
2021-11-13T11:41:54.261;536845018799214531;20;968;-20
2021-11-13T11:41:54.281;536845018818905914;16;966;-25
2021-11-13T11:41:54.301;536845018838597297;1;1080;-15
2021-11-13T11:41:54.321;536845018858288680;-16;1015;-2
2021-11-13T11:41:54.340;536845018877980063;67;886;17
2021-11-13T11:41:54.360;536845018897671446;112;970;-21
2021-11-13T11:41:54.380;536845018917362829;120;967;-36
2021-11-13T11:41:54.399;536845018937054212;122;978;-40
2021-11-13T11:41:54.419;536845018956745595;-34;1093;-8
2021-11-13T11:41:54.439;536845018976436978;73;904;-28
2021-11-13T11:41:54.458;536845018996128361;104;1010;-45
2021-11-13T11:41:54.478;536845019015819744;128;992;-29
2021-11-13T11:41:54.498;536845019035511127;104;751;-136
2021-11-13T11:41:54.517;536845019055202510;134;1173;-168
2021-11-13T11:41:54.537;536845019074893893;90;1026;8
2021-11-13T11:41:54.557;536845019094585276;16;905;-9
2021-11-13T11:41:54.577;536845019114276659;54;966;-35
2021-11-13T11:41:54.596;536845019133968042;-20;991;-54
2021-11-13T11:41:54.616;536845019153659425;66;1009;29
2021-11-13T11:41:54.636;536845019173350808;51;952;-85
2021-11-13T11:41:54.655;536845019193049477;84;977;-94
2021-11-13T11:41:54.675;536845019212748142;82;990;-97
2021-11-13T11:41:54.695;536845019232446807;68;959;-107
2021-11-13T11:41:54.714;536845019252145472;128;981;-78
2021-11-13T11:41:54.734;536845019271844137;62;1003;-58
2021-11-13T11:41:54.754;536845019291542802;104;999;-100
2021-11-13T11:41:54.773;536845019311241467;101;982;-89
2021-11-13T11:41:54.793;536845019330940132;58;997;-133
2021-11-13T11:41:54.813;536845019350638797;109;998;-26
2021-11-13T11:41:54.833;536845019370337462;17;963;-11
2021-11-13T11:41:54.852;536845019390036127;-132;1099;52
2021-11-13T11:41:54.872;536845019409734792;-290;1183;62
2021-11-13T11:41:54.892;536845019429433457;-122;948;-120
2021-11-13T11:41:54.911;536845019449132122;233;882;-97
2021-11-13T11:41:54.931;536845019468830787;584;696;-52
2021-11-13T11:41:54.951;536845019488529452;-198;733;-70
2021-11-13T11:41:54.970;536845019508228117;7;1127;-6
2021-11-13T11:41:54.990;536845019527926782;-390;1178;-78
2021-11-13T11:41:55.010;536845019547625447;-127;1050;-48
2021-11-13T11:41:55.030;536845019567324112;-68;914;-136
2021-11-13T11:41:55.049;536845019587022777;-172;1022;-227
2021-11-13T11:41:55.069;536845019606721442;-418;1251;-221
2021-11-13T11:41:55.089;536845019626420107;-9;1239;-119
2021-11-13T11:41:55.108;536845019646118772;516;-33;74
2021-11-13T11:41:55.128;536845019665817437;-84;1025;-49
2021-11-13T11:41:55.148;536845019685516102;-261;1052;-188
2021-11-13T11:41:55.167;536845019705214767;-415;1219;-320
2021-11-13T11:41:55.187;536845019724913432;-120;832;-239
2021-11-13T11:41:55.207;536845019744612097;-139;934;-285
2021-11-13T11:41:55.227;536845019764310762;-219;948;-242
2021-11-13T11:41:55.246;536845019784009427;-917;2003;-185
2021-11-13T11:41:55.266;536845019803708092;759;461;-23
2021-11-13T11:41:55.286;536845019823406757;417;-757;-7
2021-11-13T11:41:55.305;536845019843105422;-787;2203;-557
2021-11-13T11:41:55.325;536845019862804087;-418;1183;-293
2021-11-13T11:41:55.345;536845019882502752;55;548;-163
2021-11-13T11:41:55.364;536845019902202901;-236;979;-222
2021-11-13T11:41:55.384;536845019921903022;-367;1012;-288
2021-11-13T11:41:55.404;536845019941603143;-188;916;-262
2021-11-13T11:41:55.424;536845019961303264;-244;901;-233
2021-11-13T11:41:55.443;536845019981003385;-244;956;-272
2021-11-13T11:41:55.463;536845020000703506;-241;936;-279
2021-11-13T11:41:55.483;536845020020403627;-243;937;-277
2021-11-13T11:41:55.502;536845020040103748;-251;900;-249
2021-11-13T11:41:55.522;536845020059803869;-280;923;-241
2021-11-13T11:41:55.542;536845020079503990;-282;941;-283
2021-11-13T11:41:55.561;536845020099204111;-291;917;-265
2021-11-13T11:41:55.581;536845020118904232;-294;904;-287
2021-11-13T11:41:55.601;536845020138604353;-260;902;-256
2021-11-13T11:41:55.621;536845020158304474;-311;922;-265
2021-11-13T11:41:55.640;536845020178004595;-370;893;-301
2021-11-13T11:41:55.660;536845020197704716;-343;890;-282
2021-11-13T11:41:55.680;536845020217404837;-278;902;-236
2021-11-13T11:41:55.699;536845020237104958;-268;895;-233
2021-11-13T11:41:55.719;536845020256805079;-274;943;-280
2021-11-13T11:41:55.739;536845020276505200;-278;912;-243
2021-11-13T11:41:55.758;536845020296205321;-275;898;-213
2021-11-13T11:41:55.778;536845020315905442;-268;903;-236
2021-11-13T11:41:55.798;536845020335605563;-292;897;-244
2021-11-13T11:41:55.818;536845020355305684;-302;924;-266
2021-11-13T11:41:55.837;536845020375005805;-301;925;-268
2021-11-13T11:41:55.857;536845020394705926;-248;941;-210
2021-11-13T11:41:55.877;536845020414406047;-271;908;-208
2021-11-13T11:41:55.896;536845020434106168;-292;900;-243
2021-11-13T11:41:55.916;536845020453806289;-259;925;-225
2021-11-13T11:41:55.936;536845020473506410;-298;926;-217
2021-11-13T11:41:55.955;536845020493206531;-362;894;-275
2021-11-13T11:41:55.975;536845020512906652;-373;885;-330
2021-11-13T11:41:55.995;536845020532606773;-330;882;-389
2021-11-13T11:41:56.015;536845020552306894;-288;906;-362
2021-11-13T11:41:56.034;536845020572007015;-250;946;-272
2021-11-13T11:41:56.054;536845020591707136;-265;939;-238
2021-11-13T11:41:56.074;536845020611401438;-275;922;-237
2021-11-13T11:41:56.093;536845020631095734;-296;928;-233
2021-11-13T11:41:56.113;536845020650790030;-327;890;-249
2021-11-13T11:41:56.133;536845020670484326;-342;889;-263
2021-11-13T11:41:56.152;536845020690178622;-304;905;-252
2021-11-13T11:41:56.172;536845020709872918;-264;918;-232
2021-11-13T11:41:56.192;536845020729567214;-275;916;-251
2021-11-13T11:41:56.211;536845020749261510;-278;921;-256
2021-11-13T11:41:56.231;536845020768955806;-296;896;-286
2021-11-13T11:41:56.251;536845020788650102;-274;913;-281
2021-11-13T11:41:56.271;536845020808344398;-258;938;-255
2021-11-13T11:41:56.290;536845020828038694;-252;948;-245
2021-11-13T11:41:56.310;536845020847732990;-259;941;-223
2021-11-13T11:41:56.330;536845020867427286;-282;934;-215
2021-11-13T11:41:56.349;536845020887121582;-289;922;-234
2021-11-13T11:41:56.369;536845020906815878;-250;927;-240
2021-11-13T11:41:56.389;536845020926510174;-250;928;-230
2021-11-13T11:41:56.408;536845020946204470;-287;933;-216
2021-11-13T11:41:56.428;536845020965898766;-303;929;-203
2021-11-13T11:41:56.448;536845020985593062;-285;931;-214
2021-11-13T11:41:56.468;536845021005287358;-269;932;-225
2021-11-13T11:41:56.487;536845021024981654;-263;937;-209
2021-11-13T11:41:56.507;536845021044675950;-263;940;-191
2021-11-13T11:41:56.527;536845021064370246;-255;938;-179
2021-11-13T11:41:56.546;536845021084064542;-253;934;-208
2021-11-13T11:41:56.566;536845021103758838;-242;954;-205
2021-11-13T11:41:56.586;536845021123453134;-250;942;-192
2021-11-13T11:41:56.605;536845021143147430;-248;946;-187
2021-11-13T11:41:56.625;536845021162841726;-241;948;-191
2021-11-13T11:41:56.645;536845021182536022;-241;948;-201
2021-11-13T11:41:56.664;536845021202230318;-232;947;-207
2021-11-13T11:41:56.684;536845021221924614;-227;957;-170
2021-11-13T11:41:56.704;536845021241618910;-215;943;-138
2021-11-13T11:41:56.724;536845021261313206;-224;944;-170
2021-11-13T11:41:56.743;536845021281007502;-215;945;-209
2021-11-13T11:41:56.763;536845021300701798;-188;963;-227
2021-11-13T11:41:56.783;536845021320400469;-181;974;-207
2021-11-13T11:41:56.802;536845021340099134;-197;962;-182
2021-11-13T11:41:56.822;536845021359797799;-193;964;-186
2021-11-13T11:41:56.842;536845021379496464;-161;952;-219
2021-11-13T11:41:56.861;536845021399195129;-176;947;-250
2021-11-13T11:41:56.881;536845021418893794;-184;969;-235
2021-11-13T11:41:56.901;536845021438592459;-181;958;-168
2021-11-13T11:41:56.921;536845021458291124;-47;905;-298
2021-11-13T11:41:56.940;536845021477989789;44;948;-305
2021-11-13T11:41:56.960;536845021497688454;-278;978;5
2021-11-13T11:41:56.980;536845021517387119;-238;919;-92
2021-11-13T11:41:56.999;536845021537085784;-125;947;-226
2021-11-13T11:41:57.019;536845021556784449;-82;957;-186
2021-11-13T11:41:57.039;536845021576483114;-62;887;-122
2021-11-13T11:41:57.058;536845021596181779;-131;967;-183
2021-11-13T11:41:57.078;536845021615880444;-128;1037;-258
2021-11-13T11:41:57.098;536845021635579109;-148;988;-232
2021-11-13T11:41:57.118;536845021655277774;-105;899;-127
2021-11-13T11:41:57.137;536845021674976439;-79;890;-85
2021-11-13T11:41:57.157;536845021694675104;-67;982;-127
2021-11-13T11:41:57.177;536845021714373769;-269;1212;-386
2021-11-13T11:41:57.196;536845021734072434;-138;871;-427
2021-11-13T11:41:57.216;536845021753771099;-103;995;-345
2021-11-13T11:41:57.236;536845021773469764;-188;694;-71
2021-11-13T11:41:57.255;536845021793168429;-233;987;-312
2021-11-13T11:41:57.275;536845021812867094;-120;970;-315
2021-11-13T11:41:57.295;536845021832565759;-198;927;-238
2021-11-13T11:41:57.315;536845021852264424;-180;950;-322
2021-11-13T11:41:57.334;536845021871963089;-86;958;-249
2021-11-13T11:41:57.354;536845021891661754;-78;961;-178
2021-11-13T11:41:57.374;536845021911360419;-135;995;-158
2021-11-13T11:41:57.393;536845021931059084;-140;973;-223
2021-11-13T11:41:57.413;536845021950757749;-56;973;-193
2021-11-13T11:41:57.433;536845021970456414;-65;922;-129
2021-11-13T11:41:57.452;536845021990155079;-32;972;-180
2021-11-13T11:41:57.472;536845022009853744;260;940;129
2021-11-13T11:41:57.492;536845022029565532;-22;788;-13
2021-11-13T11:41:57.512;536845022049277304;-300;1260;-614
2021-11-13T11:41:57.531;536845022068989076;215;1004;-49
2021-11-13T11:41:57.551;536845022088700848;19;949;145
2021-11-13T11:41:57.571;536845022108412620;15;900;-77
2021-11-13T11:41:57.590;536845022128124392;-25;1013;-132
2021-11-13T11:41:57.610;536845022147836164;0;973;-139
2021-11-13T11:41:57.630;536845022167547936;-9;965;-53
2021-11-13T11:41:57.649;536845022187259708;-13;1009;-53
2021-11-13T11:41:57.669;536845022206971480;41;976;-74
2021-11-13T11:41:57.689;536845022226683252;72;975;-52
2021-11-13T11:41:57.709;536845022246395024;34;938;3
2021-11-13T11:41:57.728;536845022266106796;61;985;0
2021-11-13T11:41:57.748;536845022285818568;-3;1040;-5
2021-11-13T11:41:57.768;536845022305530340;32;1094;-24
2021-11-13T11:41:57.787;536845022325242112;106;923;-120
2021-11-13T11:41:57.807;536845022344953884;219;902;-3
2021-11-13T11:41:57.827;536845022364665656;178;914;-180
2021-11-13T11:41:57.847;536845022384377428;280;1031;93
2021-11-13T11:41:57.866;536845022404089200;-22;939;-12
2021-11-13T11:41:57.886;536845022423800972;333;1147;11
2021-11-13T11:41:57.906;536845022443512744;-189;976;-134
2021-11-13T11:41:57.925;536845022463224516;-137;872;52
2021-11-13T11:41:57.945;536845022482936288;5;1011;50
2021-11-13T11:41:57.965;536845022502648060;142;959;-112
2021-11-13T11:41:57.985;536845022522359832;104;989;-142
2021-11-13T11:41:58.004;536845022542071604;59;992;-141
2021-11-13T11:41:58.024;536845022561783376;2;989;-124
2021-11-13T11:41:58.044;536845022581495148;7;976;-92
2021-11-13T11:41:58.063;536845022601206920;-12;959;-70
2021-11-13T11:41:58.083;536845022620918692;-33;966;-122
2021-11-13T11:41:58.103;536845022640630464;-9;971;-99
2021-11-13T11:41:58.123;536845022660342236;-18;976;-94
2021-11-13T11:41:58.142;536845022680054008;9;978;-73
2021-11-13T11:41:58.162;536845022699765780;3;987;-38
2021-11-13T11:41:58.182;536845022719477552;2;988;-64
2021-11-13T11:41:58.201;536845022739180598;20;978;-155
2021-11-13T11:41:58.221;536845022758883632;46;1000;-134
2021-11-13T11:41:58.241;536845022778586666;46;980;-182
2021-11-13T11:41:58.261;536845022798289700;72;1026;-71
2021-11-13T11:41:58.280;536845022817992734;-49;911;-129
2021-11-13T11:41:58.300;536845022837695768;16;1014;-124
2021-11-13T11:41:58.320;536845022857398802;-105;964;-19
2021-11-13T11:41:58.339;536845022877101836;-78;965;-93
2021-11-13T11:41:58.359;536845022896804870;-75;1004;-39
2021-11-13T11:41:58.379;536845022916507904;-87;975;-74
2021-11-13T11:41:58.398;536845022936210938;-99;994;-129
2021-11-13T11:41:58.418;536845022955913972;-212;1153;-119
2021-11-13T11:41:58.438;536845022975617006;123;1038;-126
2021-11-13T11:41:58.458;536845022995320040;189;738;0
2021-11-13T11:41:58.477;536845023015023074;-16;604;62
2021-11-13T11:41:58.497;536845023034726108;-372;1302;-100
2021-11-13T11:41:58.517;536845023054429142;-141;1067;-75
2021-11-13T11:41:58.536;536845023074132176;-99;901;-83
2021-11-13T11:41:58.556;536845023093835210;-172;985;-181
2021-11-13T11:41:58.576;536845023113538244;-203;997;-218
2021-11-13T11:41:58.595;536845023133241278;-644;1429;-218
2021-11-13T11:41:58.615;536845023152944312;236;892;-97
2021-11-13T11:41:58.635;536845023172647346;397;307;-44
2021-11-13T11:41:58.655;536845023192350380;158;646;-73
2021-11-13T11:41:58.674;536845023212053414;-451;1327;-271
2021-11-13T11:41:58.694;536845023231756448;-380;1210;-304
2021-11-13T11:41:58.714;536845023251459482;-110;811;-197
2021-11-13T11:41:58.733;536845023271162516;-163;953;-240
2021-11-13T11:41:58.753;536845023290865550;-203;982;-225
2021-11-13T11:41:58.773;536845023310568584;-183;924;-163
2021-11-13T11:41:58.793;536845023330271618;-202;964;-189
2021-11-13T11:41:58.812;536845023349974652;-160;965;-194
2021-11-13T11:41:58.832;536845023369677686;-159;963;-218
2021-11-13T11:41:58.852;536845023389380720;-143;956;-246
2021-11-13T11:41:58.871;536845023409083754;-157;948;-261
2021-11-13T11:41:58.891;536845023428786788;-190;873;-261
2021-11-13T11:41:58.911;536845023448482560;-313;918;-274
2021-11-13T11:41:58.930;536845023468178312;-239;935;-382
2021-11-13T11:41:58.950;536845023487874064;-190;872;-354
2021-11-13T11:41:58.970;536845023507569816;-312;908;-292
2021-11-13T11:41:58.990;536845023527265568;-396;885;-326
2021-11-13T11:41:59.009;536845023546961320;-319;880;-394
2021-11-13T11:41:59.029;536845023566657072;-262;904;-417
2021-11-13T11:41:59.049;536845023586352824;-333;884;-408
2021-11-13T11:41:59.068;536845023606048576;-356;887;-345
2021-11-13T11:41:59.088;536845023625744328;-325;885;-332
2021-11-13T11:41:59.108;536845023645440080;-296;904;-258
2021-11-13T11:41:59.127;536845023665135832;-333;883;-295
2021-11-13T11:41:59.147;536845023684831584;-356;894;-314
2021-11-13T11:41:59.167;536845023704527336;-331;888;-285
2021-11-13T11:41:59.186;536845023724223088;-285;893;-292
2021-11-13T11:41:59.206;536845023743918840;-276;915;-283
2021-11-13T11:41:59.226;536845023763614592;-289;900;-251
2021-11-13T11:41:59.246;536845023783310344;-334;891;-283
2021-11-13T11:41:59.265;536845023803006096;-340;888;-252
2021-11-13T11:41:59.285;536845023822701848;-270;911;-260
2021-11-13T11:41:59.305;536845023842397600;-275;897;-260
2021-11-13T11:41:59.324;536845023862093352;-311;881;-276
2021-11-13T11:41:59.344;536845023881789104;-243;929;-264
2021-11-13T11:41:59.364;536845023901484856;-323;907;-235
2021-11-13T11:41:59.383;536845023921180608;-299;898;-228
2021-11-13T11:41:59.403;536845023940876360;-355;884;-233
2021-11-13T11:41:59.423;536845023960572112;-358;885;-292
2021-11-13T11:41:59.443;536845023980267864;-280;900;-353
2021-11-13T11:41:59.462;536845023999963616;-245;942;-271
2021-11-13T11:41:59.482;536845024019659368;-236;961;-225
2021-11-13T11:41:59.502;536845024039355120;-242;930;-244
2021-11-13T11:41:59.521;536845024059050872;-219;944;-260
2021-11-13T11:41:59.541;536845024078746624;-217;932;-282
2021-11-13T11:41:59.561;536845024098442376;-248;912;-308
2021-11-13T11:41:59.580;536845024118138128;-274;927;-275
2021-11-13T11:41:59.600;536845024137833880;-255;922;-275
2021-11-13T11:41:59.620;536845024157534021;-242;921;-257
2021-11-13T11:41:59.639;536845024177234142;-239;918;-245
2021-11-13T11:41:59.659;536845024196934263;-243;933;-229
2021-11-13T11:41:59.679;536845024216634384;-240;934;-216
2021-11-13T11:41:59.699;536845024236334505;-244;928;-228
2021-11-13T11:41:59.718;536845024256034626;-240;913;-265
2021-11-13T11:41:59.738;536845024275734747;-247;925;-255
2021-11-13T11:41:59.758;536845024295434868;-282;928;-246
2021-11-13T11:41:59.777;536845024315134989;-275;930;-255
2021-11-13T11:41:59.797;536845024334835110;-234;937;-261
2021-11-13T11:41:59.817;536845024354535231;-234;913;-267
2021-11-13T11:41:59.836;536845024374235352;-247;915;-262
2021-11-13T11:41:59.856;536845024393935473;-244;920;-257
2021-11-13T11:41:59.876;536845024413635594;-235;929;-255
2021-11-13T11:41:59.896;536845024433335715;-235;919;-256
2021-11-13T11:41:59.915;536845024453035836;-238;932;-253
2021-11-13T11:41:59.935;536845024472735957;-235;922;-257
2021-11-13T11:41:59.955;536845024492436078;-242;912;-263
2021-11-13T11:41:59.974;536845024512136199;-252;919;-264
2021-11-13T11:41:59.994;536845024531836320;-245;929;-259
2021-11-13T11:42:00.014;536845024551536441;-239;928;-269
2021-11-13T11:42:00.033;536845024571236562;-243;914;-286
2021-11-13T11:42:00.053;536845024590936683;-255;931;-263
2021-11-13T11:42:00.073;536845024610636804;-244;930;-249
2021-11-13T11:42:00.093;536845024630336925;-240;927;-245
2021-11-13T11:42:00.112;536845024650037046;-242;931;-239
2021-11-13T11:42:00.132;536845024669737167;-247;919;-248
2021-11-13T11:42:00.152;536845024689437288;-260;921;-251
2021-11-13T11:42:00.171;536845024709137409;-273;911;-266
2021-11-13T11:42:00.191;536845024728837530;-274;912;-275
2021-11-13T11:42:00.211;536845024748537651;-264;910;-284
2021-11-13T11:42:00.230;536845024768237772;-267;911;-282
2021-11-13T11:42:00.250;536845024787937893;-263;912;-274
2021-11-13T11:42:00.270;536845024807638014;-269;906;-268
2021-11-13T11:42:00.290;536845024827338135;-252;925;-258
2021-11-13T11:42:00.309;536845024847038256;-253;920;-268
2021-11-13T11:42:00.329;536845024866742770;-260;915;-258
2021-11-13T11:42:00.349;536845024886447260;-257;916;-276
2021-11-13T11:42:00.368;536845024906151750;-271;909;-285
2021-11-13T11:42:00.388;536845024925856240;-263;910;-300
2021-11-13T11:42:00.408;536845024945560730;-261;915;-284
2021-11-13T11:42:00.428;536845024965265220;-263;920;-279
2021-11-13T11:42:00.447;536845024984969710;-250;914;-271
2021-11-13T11:42:00.467;536845025004674200;-239;927;-249
2021-11-13T11:42:00.487;536845025024378690;-239;933;-242
2021-11-13T11:42:00.506;536845025044083180;-247;925;-259
2021-11-13T11:42:00.526;536845025063787670;-241;924;-263
2021-11-13T11:42:00.546;536845025083492160;-235;917;-258
2021-11-13T11:42:00.565;536845025103196650;-240;924;-258
2021-11-13T11:42:00.585;536845025122901140;-237;932;-253
2021-11-13T11:42:00.605;536845025142605630;-244;931;-251
2021-11-13T11:42:00.625;536845025162310120;-236;937;-239
2021-11-13T11:42:00.644;536845025182014610;-222;929;-222
2021-11-13T11:42:00.664;536845025201719100;-213;941;-228
2021-11-13T11:42:00.684;536845025221423590;-164;966;-223
2021-11-13T11:42:00.703;536845025241128080;-189;962;-225
2021-11-13T11:42:00.723;536845025260832570;-120;957;-217
2021-11-13T11:42:00.743;536845025280537060;-136;931;-235
2021-11-13T11:42:00.762;536845025300241550;-105;933;-177
2021-11-13T11:42:00.782;536845025319946040;-78;979;-161
2021-11-13T11:42:00.802;536845025339650530;-89;995;-238
2021-11-13T11:42:00.822;536845025359355020;-108;970;-246
2021-11-13T11:42:00.841;536845025379059510;-116;936;-240
2021-11-13T11:42:00.861;536845025398764000;-106;923;-126
2021-11-13T11:42:00.881;536845025418468490;-79;982;-135
2021-11-13T11:42:00.900;536845025438172980;-62;999;-207
2021-11-13T11:42:00.920;536845025457877470;-86;995;-235
2021-11-13T11:42:00.940;536845025477581960;-80;938;-222
2021-11-13T11:42:00.960;536845025497286450;-165;937;-253
2021-11-13T11:42:00.979;536845025516990940;-69;958;-169
2021-11-13T11:42:00.999;536845025536695430;-162;919;-190
2021-11-13T11:42:01.019;536845025556399920;-285;1082;-511
2021-11-13T11:42:01.038;536845025576098593;-118;895;-365
2021-11-13T11:42:01.058;536845025595797258;-222;805;-272
2021-11-13T11:42:01.078;536845025615495923;-210;976;-381
2021-11-13T11:42:01.097;536845025635194588;-77;933;-215
2021-11-13T11:42:01.117;536845025654893253;-192;893;-133
2021-11-13T11:42:01.137;536845025674591918;-136;943;-177
2021-11-13T11:42:01.157;536845025694290583;-69;985;-235
2021-11-13T11:42:01.176;536845025713989248;-32;1005;-203
2021-11-13T11:42:01.196;536845025733687913;-82;989;-207
2021-11-13T11:42:01.216;536845025753386578;-66;947;-202
2021-11-13T11:42:01.235;536845025773085243;1;891;-125
2021-11-13T11:42:01.255;536845025792783908;20;896;-111
2021-11-13T11:42:01.275;536845025812482573;-53;1016;-216
2021-11-13T11:42:01.294;536845025832181238;-2;983;-253
2021-11-13T11:42:01.314;536845025851879903;-32;1017;-204
2021-11-13T11:42:01.334;536845025871578568;17;962;-118
2021-11-13T11:42:01.354;536845025891277233;31;908;-54
2021-11-13T11:42:01.373;536845025910975898;0;1028;42
2021-11-13T11:42:01.393;536845025930674563;-50;957;-26
2021-11-13T11:42:01.413;536845025950373228;17;1061;-79
2021-11-13T11:42:01.432;536845025970071893;24;957;29
2021-11-13T11:42:01.452;536845025989770558;40;985;-131
2021-11-13T11:42:01.472;536845026009469223;56;936;-136
2021-11-13T11:42:01.491;536845026029167888;29;979;-164
2021-11-13T11:42:01.511;536845026048866553;32;975;-156
2021-11-13T11:42:01.531;536845026068565218;41;913;-114
2021-11-13T11:42:01.551;536845026088263883;52;994;-45
2021-11-13T11:42:01.570;536845026107962548;63;973;-36
2021-11-13T11:42:01.590;536845026127661213;-8;1086;0
2021-11-13T11:42:01.610;536845026147359878;62;1007;8
2021-11-13T11:42:01.629;536845026167058543;174;895;-64
2021-11-13T11:42:01.649;536845026186757208;72;1045;-79
2021-11-13T11:42:01.669;536845026206455873;104;953;-96
2021-11-13T11:42:01.688;536845026226154538;231;916;-183
2021-11-13T11:42:01.708;536845026245853203;131;1062;-44
2021-11-13T11:42:01.728;536845026265551868;109;944;-112
2021-11-13T11:42:01.747;536845026285257815;117;957;12
2021-11-13T11:42:01.767;536845026304963762;-78;990;-63
2021-11-13T11:42:01.787;536845026324669709;46;982;-33
2021-11-13T11:42:01.807;536845026344375656;56;969;-46
2021-11-13T11:42:01.826;536845026364081603;29;967;-68
2021-11-13T11:42:01.846;536845026383787550;13;995;-221
2021-11-13T11:42:01.866;536845026403493497;55;978;-105
2021-11-13T11:42:01.885;536845026423199444;-21;962;-167
2021-11-13T11:42:01.905;536845026442905391;51;988;-197
2021-11-13T11:42:01.925;536845026462611338;-17;964;-197
2021-11-13T11:42:01.945;536845026482317285;13;984;-145
2021-11-13T11:42:01.964;536845026502023232;-39;981;-190
2021-11-13T11:42:01.984;536845026521729179;0;982;-165
2021-11-13T11:42:02.004;536845026541435126;-4;975;-131
2021-11-13T11:42:02.023;536845026561141073;-27;966;-154
2021-11-13T11:42:02.043;536845026580847020;-3;986;-142
2021-11-13T11:42:02.063;536845026600552967;-33;981;-118
2021-11-13T11:42:02.082;536845026620258914;-32;981;-121
2021-11-13T11:42:02.102;536845026639964861;-33;977;-120
2021-11-13T11:42:02.122;536845026659670808;-23;983;-113
2021-11-13T11:42:02.142;536845026679376755;-35;970;-119
2021-11-13T11:42:02.161;536845026699082702;-17;980;-122
2021-11-13T11:42:02.181;536845026718788649;-2;983;-111
2021-11-13T11:42:02.201;536845026738494596;-17;979;-120
2021-11-13T11:42:02.220;536845026758200543;-11;976;-137
2021-11-13T11:42:02.240;536845026777906490;5;982;-112
2021-11-13T11:42:02.260;536845026797612437;2;982;-110
2021-11-13T11:42:02.280;536845026817318384;-1;987;-109
2021-11-13T11:42:02.299;536845026837024331;-32;992;-95
2021-11-13T11:42:02.319;536845026856730278;-62;987;-83
2021-11-13T11:42:02.339;536845026876436225;-94;1002;-55
2021-11-13T11:42:02.358;536845026896142172;-102;1039;-44
2021-11-13T11:42:02.378;536845026915848119;-50;1093;22
2021-11-13T11:42:02.398;536845026935554066;-130;1065;92
2021-11-13T11:42:02.417;536845026955260013;-134;1106;56
2021-11-13T11:42:02.437;536845026974965960;-129;1044;134
2021-11-13T11:42:02.457;536845026994664637;112;867;-269
2021-11-13T11:42:02.477;536845027014363302;198;763;-447
2021-11-13T11:42:02.496;536845027034061967;227;785;-259
2021-11-13T11:42:02.516;536845027053760632;110;795;-77
2021-11-13T11:42:02.536;536845027073459297;122;775;-67
2021-11-13T11:42:02.555;536845027093157962;129;846;-79
2021-11-13T11:42:02.575;536845027112856627;-68;1171;-22
2021-11-13T11:42:02.595;536845027132555292;-243;1339;-59
2021-11-13T11:42:02.614;536845027152253957;38;897;-176
2021-11-13T11:42:02.634;536845027171952622;10;957;-41
2021-11-13T11:42:02.654;536845027191651287;-60;1087;83
2021-11-13T11:42:02.674;536845027211349952;-57;994;22
2021-11-13T11:42:02.693;536845027231048617;-41;989;-36
2021-11-13T11:42:02.713;536845027250747282;-20;986;-37
2021-11-13T11:42:02.733;536845027270445947;-5;985;-27
2021-11-13T11:42:02.752;536845027290144612;-14;982;-62
2021-11-13T11:42:02.772;536845027309843277;-3;981;-61
2021-11-13T11:42:02.792;536845027329541942;-25;983;-73
2021-11-13T11:42:02.811;536845027349240607;-10;984;-79
2021-11-13T11:42:02.831;536845027368939272;-12;983;-58
2021-11-13T11:42:02.851;536845027388637937;-9;982;-51
2021-11-13T11:42:02.871;536845027408336602;11;993;-11
2021-11-13T11:42:02.890;536845027428035267;-13;970;-39
2021-11-13T11:42:02.910;536845027447733932;29;988;-89
2021-11-13T11:42:02.930;536845027467432597;-13;966;-70
2021-11-13T11:42:02.949;536845027487131262;-12;987;-117
2021-11-13T11:42:02.969;536845027506829927;42;987;-46
2021-11-13T11:42:02.989;536845027526528592;0;976;-34
2021-11-13T11:42:03.008;536845027546227257;9;984;-41
2021-11-13T11:42:03.028;536845027565925922;-28;977;-52
2021-11-13T11:42:03.048;536845027585624587;19;983;-48
2021-11-13T11:42:03.068;536845027605323252;-1;980;-64
2021-11-13T11:42:03.087;536845027625021917;7;980;-46
2021-11-13T11:42:03.107;536845027644720582;5;980;-33
2021-11-13T11:42:03.127;536845027664419247;-23;971;-36
2021-11-13T11:42:03.146;536845027684117912;-23;1005;-11
2021-11-13T11:42:03.166;536845027703823890;-20;991;11
2021-11-13T11:42:03.186;536845027723529836;-13;966;7
2021-11-13T11:42:03.205;536845027743235782;-21;1009;57
2021-11-13T11:42:03.225;536845027762941728;42;965;0
2021-11-13T11:42:03.245;536845027782647674;36;1012;-72
2021-11-13T11:42:03.265;536845027802353620;70;973;-7
2021-11-13T11:42:03.284;536845027822059566;22;982;3
2021-11-13T11:42:03.304;536845027841765512;61;977;25
2021-11-13T11:42:03.324;536845027861471458;20;979;54
2021-11-13T11:42:03.343;536845027881177404;27;974;27
2021-11-13T11:42:03.363;536845027900883350;-15;1006;-3
2021-11-13T11:42:03.383;536845027920589296;-33;1000;-5
2021-11-13T11:42:03.403;536845027940295242;-4;1004;12
2021-11-13T11:42:03.422;536845027960001188;98;888;67
2021-11-13T11:42:03.442;536845027979707134;14;958;14
2021-11-13T11:42:03.462;536845027999413080;-51;1009;-110
2021-11-13T11:42:03.481;536845028019119026;-86;1091;-99
2021-11-13T11:42:03.501;536845028038824972;-23;921;-62
2021-11-13T11:42:03.521;536845028058530918;-57;940;-73
2021-11-13T11:42:03.540;536845028078236864;-90;1015;-73
2021-11-13T11:42:03.560;536845028097942810;-16;894;-42
2021-11-13T11:42:03.580;536845028117648756;-64;986;-12
2021-11-13T11:42:03.600;536845028137354702;-80;972;-58
2021-11-13T11:42:03.619;536845028157060648;-109;1001;-118
2021-11-13T11:42:03.639;536845028176766594;-108;994;-158
2021-11-13T11:42:03.659;536845028196472540;-110;958;-169
2021-11-13T11:42:03.678;536845028216178486;-126;943;-226
2021-11-13T11:42:03.698;536845028235884432;-161;970;-207
2021-11-13T11:42:03.718;536845028255590378;-161;957;-142
2021-11-13T11:42:03.738;536845028275296324;-130;944;-140
2021-11-13T11:42:03.757;536845028295002270;-174;975;-157
2021-11-13T11:42:03.777;536845028314708216;-143;987;-181
2021-11-13T11:42:03.797;536845028334414162;-140;928;-192
2021-11-13T11:42:03.816;536845028354120108;-206;954;-309
2021-11-13T11:42:03.836;536845028373826054;-166;970;-306
2021-11-13T11:42:03.856;536845028393532000;-193;898;-285
2021-11-13T11:42:03.875;536845028413230677;-194;916;-321
2021-11-13T11:42:03.895;536845028432929342;-241;931;-301
2021-11-13T11:42:03.915;536845028452628007;-248;933;-264
2021-11-13T11:42:03.935;536845028472326672;-235;895;-225
2021-11-13T11:42:03.954;536845028492025337;-279;942;-265
2021-11-13T11:42:03.974;536845028511724002;-241;934;-261
2021-11-13T11:42:03.994;536845028531422667;-239;910;-267
2021-11-13T11:42:04.013;536845028551121332;-235;940;-252
2021-11-13T11:42:04.033;536845028570819997;-325;890;-343
2021-11-13T11:42:04.053;536845028590518662;-289;929;-367
2021-11-13T11:42:04.072;536845028610217327;-72;749;-755
2021-11-13T11:42:04.092;536845028629915992;-219;914;-375
2021-11-13T11:42:04.112;536845028649614657;-558;828;-168
2021-11-13T11:42:04.132;536845028669313322;-616;870;-137
2021-11-13T11:42:04.151;536845028689011987;-493;864;-167
2021-11-13T11:42:04.171;536845028708710652;-312;787;-320
2021-11-13T11:42:04.191;536845028728409317;-298;857;-400
2021-11-13T11:42:04.210;536845028748107982;-324;969;-439
2021-11-13T11:42:04.230;536845028767806647;-312;952;-306
2021-11-13T11:42:04.250;536845028787505312;-282;890;-245
2021-11-13T11:42:04.269;536845028807203977;-260;945;-226
2021-11-13T11:42:04.289;536845028826902642;-224;927;-197
2021-11-13T11:42:04.309;536845028846601307;-229;908;-190
2021-11-13T11:42:04.329;536845028866299972;-277;913;-226
2021-11-13T11:42:04.348;536845028885998637;-316;909;-258
2021-11-13T11:42:04.368;536845028905697302;-317;882;-296
2021-11-13T11:42:04.388;536845028925395967;-305;883;-308
2021-11-13T11:42:04.407;536845028945094632;-306;906;-292
2021-11-13T11:42:04.427;536845028964793297;-271;960;-264
2021-11-13T11:42:04.447;536845028984491962;-259;950;-257
2021-11-13T11:42:04.466;536845029004190627;-272;929;-264
2021-11-13T11:42:04.486;536845029023889292;-326;895;-290
2021-11-13T11:42:04.506;536845029043587957;-245;918;-256
2021-11-13T11:42:04.526;536845029063286622;-184;951;-240
2021-11-13T11:42:04.545;536845029082985287;-203;935;-233
2021-11-13T11:42:04.565;536845029102683952;-269;910;-245
2021-11-13T11:42:04.585;536845029122397204;-305;910;-245
2021-11-13T11:42:04.604;536845029142110432;-313;906;-265
2021-11-13T11:42:04.624;536845029161823660;-270;906;-306
2021-11-13T11:42:04.644;536845029181536888;-255;905;-324
2021-11-13T11:42:04.663;536845029201250116;-271;904;-304
2021-11-13T11:42:04.683;536845029220963344;-298;928;-281
2021-11-13T11:42:04.703;536845029240676572;-263;930;-269
2021-11-13T11:42:04.723;536845029260389800;-258;916;-274
2021-11-13T11:42:04.742;536845029280103028;-267;926;-253
2021-11-13T11:42:04.762;536845029299816256;-263;934;-248
2021-11-13T11:42:04.782;536845029319529484;-266;933;-241
2021-11-13T11:42:04.801;536845029339242712;-255;945;-230
2021-11-13T11:42:04.821;536845029358955940;-262;942;-244
2021-11-13T11:42:04.841;536845029378669168;-268;939;-219
2021-11-13T11:42:04.861;536845029398382396;-333;937;-216
2021-11-13T11:42:04.880;536845029418095624;-362;925;-235
2021-11-13T11:42:04.900;536845029437808852;-368;924;-284
2021-11-13T11:42:04.920;536845029457522080;-351;949;-300
2021-11-13T11:42:04.939;536845029477235308;-381;973;-263
2021-11-13T11:42:04.959;536845029496948536;-362;973;-226
2021-11-13T11:42:04.979;536845029516661764;-308;1009;-60
2021-11-13T11:42:04.999;536845029536374992;-275;959;92
2021-11-13T11:42:05.018;536845029556088220;-67;815;-294
2021-11-13T11:42:05.038;536845029575801448;193;741;-507
2021-11-13T11:42:05.058;536845029595514676;322;674;-570
2021-11-13T11:42:05.077;536845029615227904;104;714;-470
2021-11-13T11:42:05.097;536845029634941132;-245;922;-170
2021-11-13T11:42:05.117;536845029654654360;-709;1301;201
2021-11-13T11:42:05.137;536845029674367588;-613;1155;-11
2021-11-13T11:42:05.156;536845029694080816;-188;862;-305
2021-11-13T11:42:05.176;536845029713794044;-110;810;-422
2021-11-13T11:42:05.196;536845029733507272;-168;930;-254
2021-11-13T11:42:05.215;536845029753220500;-315;1003;-61
2021-11-13T11:42:05.235;536845029772933728;-303;996;-54
2021-11-13T11:42:05.255;536845029792646956;-234;957;-172
2021-11-13T11:42:05.275;536845029812360184;-214;933;-233
2021-11-13T11:42:05.294;536845029832058861;-225;925;-249
2021-11-13T11:42:05.314;536845029851757526;-245;927;-247
2021-11-13T11:42:05.334;536845029871456191;-259;960;-228
2021-11-13T11:42:05.353;536845029891154856;-259;968;-229
2021-11-13T11:42:05.373;536845029910853521;-255;964;-203
2021-11-13T11:42:05.393;536845029930552186;-229;955;-201
2021-11-13T11:42:05.412;536845029950250851;-191;968;-197
2021-11-13T11:42:05.432;536845029969949516;-190;963;-195
2021-11-13T11:42:05.452;536845029989648181;-156;977;-226
2021-11-13T11:42:05.472;536845030009346846;19;908;-370
2021-11-13T11:42:05.491;536845030029045511;-108;976;-167
2021-11-13T11:42:05.511;536845030048744176;-291;962;-55
2021-11-13T11:42:05.531;536845030068442841;-320;978;-103
2021-11-13T11:42:05.550;536845030088141506;-206;987;-213
2021-11-13T11:42:05.570;536845030107840171;-57;935;-170
2021-11-13T11:42:05.590;536845030127538836;-38;844;-89
2021-11-13T11:42:05.609;536845030147237501;-97;769;-36
2021-11-13T11:42:05.629;536845030166936166;-68;812;-147
2021-11-13T11:42:05.649;536845030186634831;-133;1026;-299
2021-11-13T11:42:05.669;536845030206333496;-162;1181;-272
2021-11-13T11:42:05.688;536845030226032161;-153;1037;-110
2021-11-13T11:42:05.708;536845030245730826;-158;917;-79
2021-11-13T11:42:05.728;536845030265429491;-81;948;-200
2021-11-13T11:42:05.747;536845030285128156;-39;989;-205
2021-11-13T11:42:05.767;536845030304826821;-120;982;-193
2021-11-13T11:42:05.787;536845030324525486;-144;977;-223
2021-11-13T11:42:05.806;536845030344224151;-79;960;-201
2021-11-13T11:42:05.826;536845030363922816;-111;963;-199
2021-11-13T11:42:05.846;536845030383621481;-92;1056;-159
2021-11-13T11:42:05.866;536845030403320146;-190;862;-217
2021-11-13T11:42:05.885;536845030423018811;-116;970;-347
2021-11-13T11:42:05.905;536845030442717476;-373;1060;-391
2021-11-13T11:42:05.925;536845030462416141;-39;705;-414
2021-11-13T11:42:05.944;536845030482114806;-211;995;-315
2021-11-13T11:42:05.964;536845030501813471;-160;926;-281
2021-11-13T11:42:05.984;536845030521512136;-133;922;-234
2021-11-13T11:42:06.003;536845030541222460;-171;943;-198
2021-11-13T11:42:06.023;536845030560932776;-118;993;-200
2021-11-13T11:42:06.043;536845030580643092;-110;959;-234
2021-11-13T11:42:06.063;536845030600353408;-83;977;-199
2021-11-13T11:42:06.082;536845030620063724;73;913;-135
2021-11-13T11:42:06.102;536845030639774040;128;838;-96
2021-11-13T11:42:06.122;536845030659484356;-92;1148;-219
2021-11-13T11:42:06.141;536845030679194672;13;985;-105
2021-11-13T11:42:06.161;536845030698904988;-203;1052;-180
2021-11-13T11:42:06.181;536845030718615304;153;958;-25
2021-11-13T11:42:06.201;536845030738325620;-36;952;-80
2021-11-13T11:42:06.220;536845030758035936;58;941;-88
2021-11-13T11:42:06.240;536845030777746252;-22;956;-83
2021-11-13T11:42:06.260;536845030797456568;-49;990;-93
2021-11-13T11:42:06.279;536845030817166884;7;991;-109
2021-11-13T11:42:06.299;536845030836877200;39;960;-48
2021-11-13T11:42:06.319;536845030856587516;52;981;-39
2021-11-13T11:42:06.339;536845030876297832;59;973;-48
2021-11-13T11:42:06.358;536845030896008148;61;969;-22
2021-11-13T11:42:06.378;536845030915718464;71;950;-21
2021-11-13T11:42:06.398;536845030935428780;78;981;-32
2021-11-13T11:42:06.417;536845030955139096;81;990;-12
2021-11-13T11:42:06.437;536845030974849412;78;973;-53
2021-11-13T11:42:06.457;536845030994559728;79;980;-56
2021-11-13T11:42:06.477;536845031014270044;61;979;-42
2021-11-13T11:42:06.496;536845031033980360;87;985;-44
2021-11-13T11:42:06.516;536845031053690676;64;1010;-24
2021-11-13T11:42:06.536;536845031073400992;78;1046;20
2021-11-13T11:42:06.555;536845031093111308;17;1071;41
2021-11-13T11:42:06.575;536845031112821624;155;980;-42
2021-11-13T11:42:06.595;536845031132531940;68;1124;-12
2021-11-13T11:42:06.614;536845031152242256;-16;1265;91
2021-11-13T11:42:06.634;536845031171952572;-110;1105;115
2021-11-13T11:42:06.654;536845031191662888;-121;1140;260
2021-11-13T11:42:06.674;536845031211373204;114;786;-88
2021-11-13T11:42:06.693;536845031231083520;324;638;-382
2021-11-13T11:42:06.713;536845031250785125;280;733;-397
2021-11-13T11:42:06.733;536845031270486702;140;774;-290
2021-11-13T11:42:06.752;536845031290188279;180;749;-197
2021-11-13T11:42:06.772;536845031309889856;146;733;-225
2021-11-13T11:42:06.792;536845031329591433;123;964;-129
2021-11-13T11:42:06.812;536845031349293010;-37;1235;130
2021-11-13T11:42:06.831;536845031368994587;-196;1329;259
2021-11-13T11:42:06.851;536845031388696164;-55;1031;145
2021-11-13T11:42:06.871;536845031408397741;97;825;-89
2021-11-13T11:42:06.890;536845031428099318;145;820;-66
2021-11-13T11:42:06.910;536845031447800895;-46;1061;82
2021-11-13T11:42:06.930;536845031467502472;68;1190;33
2021-11-13T11:42:06.949;536845031487204049;338;854;-64
2021-11-13T11:42:06.969;536845031506905626;31;1043;-44
2021-11-13T11:42:06.989;536845031526607203;-96;1032;-41
2021-11-13T11:42:07.009;536845031546308780;6;981;0
2021-11-13T11:42:07.028;536845031566010357;-3;994;-46
2021-11-13T11:42:07.048;536845031585711934;3;983;-93
2021-11-13T11:42:07.068;536845031605413511;11;986;-87
2021-11-13T11:42:07.087;536845031625115088;31;984;-90
2021-11-13T11:42:07.107;536845031644816665;8;987;-75
2021-11-13T11:42:07.127;536845031664518242;10;1018;-4
2021-11-13T11:42:07.146;536845031684219819;-131;1164;54
2021-11-13T11:42:07.166;536845031703921396;-179;1290;48
2021-11-13T11:42:07.186;536845031723622973;172;670;-3
2021-11-13T11:42:07.206;536845031743324550;350;722;76
2021-11-13T11:42:07.225;536845031763026127;237;612;34
2021-11-13T11:42:07.245;536845031782727704;-331;1292;-129
2021-11-13T11:42:07.265;536845031802429281;-146;1199;-71
2021-11-13T11:42:07.284;536845031822130858;-46;933;-27
2021-11-13T11:42:07.304;536845031841832435;-54;989;-92
2021-11-13T11:42:07.324;536845031861534012;-95;978;-175
2021-11-13T11:42:07.343;536845031881235589;-99;946;-245
2021-11-13T11:42:07.363;536845031900937166;-80;975;-191
2021-11-13T11:42:07.383;536845031920638743;-120;947;-127
2021-11-13T11:42:07.403;536845031940340320;-123;963;-163
2021-11-13T11:42:07.422;536845031960050644;-106;979;-148
2021-11-13T11:42:07.442;536845031979760960;-117;982;-146
2021-11-13T11:42:07.462;536845031999471276;-130;970;-171
2021-11-13T11:42:07.481;536845032019181592;-159;946;-214
2021-11-13T11:42:07.501;536845032038891908;-166;941;-167
2021-11-13T11:42:07.521;536845032058602224;-156;948;-156
2021-11-13T11:42:07.541;536845032078312540;-180;966;-203
2021-11-13T11:42:07.560;536845032098022856;-204;949;-240
2021-11-13T11:42:07.580;536845032117733172;-204;950;-255
2021-11-13T11:42:07.600;536845032137443488;-236;901;-294
2021-11-13T11:42:07.619;536845032157153804;-213;934;-294
2021-11-13T11:42:07.639;536845032176864120;-147;937;-260
2021-11-13T11:42:07.659;536845032196574436;-209;931;-163
2021-11-13T11:42:07.679;536845032216284752;-234;980;-192
2021-11-13T11:42:07.698;536845032235995068;-236;924;-243
2021-11-13T11:42:07.718;536845032255705384;-236;949;-311
2021-11-13T11:42:07.738;536845032275415700;-254;933;-301
2021-11-13T11:42:07.757;536845032295126016;-317;909;-258
2021-11-13T11:42:07.777;536845032314836332;-294;903;-249
2021-11-13T11:42:07.797;536845032334546648;-294;923;-274
2021-11-13T11:42:07.816;536845032354256964;-288;948;-257
2021-11-13T11:42:07.836;536845032373967280;-330;880;-300
2021-11-13T11:42:07.856;536845032393677596;-253;934;-251
2021-11-13T11:42:07.876;536845032413387912;-248;941;-252
2021-11-13T11:42:07.895;536845032433098228;-243;953;-173
2021-11-13T11:42:07.915;536845032452808544;-214;897;-110
2021-11-13T11:42:07.935;536845032472518860;-217;875;-187
2021-11-13T11:42:07.954;536845032492229176;-272;960;-230
2021-11-13T11:42:07.974;536845032511939492;-312;927;-245
2021-11-13T11:42:07.994;536845032531649808;-297;899;-230
2021-11-13T11:42:08.014;536845032551360124;-246;916;-225
2021-11-13T11:42:08.033;536845032571070440;-301;918;-197
2021-11-13T11:42:08.053;536845032590780756;-347;944;-227
2021-11-13T11:42:08.073;536845032610491072;-345;920;-261
2021-11-13T11:42:08.092;536845032630201388;-295;892;-270
2021-11-13T11:42:08.112;536845032649911704;-278;887;-311
2021-11-13T11:42:08.132;536845032669613309;-264;900;-284
2021-11-13T11:42:08.152;536845032689314886;-332;903;-266
2021-11-13T11:42:08.171;536845032709016463;-394;881;-312
2021-11-13T11:42:08.191;536845032728718040;-371;881;-328
2021-11-13T11:42:08.211;536845032748419617;-300;898;-349
2021-11-13T11:42:08.230;536845032768121194;-256;938;-292
2021-11-13T11:42:08.250;536845032787822771;-284;925;-253
2021-11-13T11:42:08.270;536845032807524348;-315;926;-242
2021-11-13T11:42:08.289;536845032827225925;-360;890;-265
2021-11-13T11:42:08.309;536845032846927502;-301;900;-275
2021-11-13T11:42:08.329;536845032866629079;-333;892;-222
2021-11-13T11:42:08.349;536845032886330656;-378;882;-203
2021-11-13T11:42:08.368;536845032906032233;-369;889;-206
2021-11-13T11:42:08.388;536845032925733810;-324;905;-212
2021-11-13T11:42:08.408;536845032945435387;-299;929;-234
2021-11-13T11:42:08.427;536845032965136964;-304;904;-243
2021-11-13T11:42:08.447;536845032984838541;-310;915;-251
2021-11-13T11:42:08.467;536845033004540118;-343;904;-268
2021-11-13T11:42:08.486;536845033024241695;-319;909;-290
2021-11-13T11:42:08.506;536845033043943272;-305;916;-274
2021-11-13T11:42:08.526;536845033063644849;-306;910;-255
2021-11-13T11:42:08.546;536845033083346426;-309;920;-238
2021-11-13T11:42:08.565;536845033103048003;-302;912;-222
2021-11-13T11:42:08.585;536845033122749580;-305;912;-221
2021-11-13T11:42:08.605;536845033142451157;-296;917;-225
2021-11-13T11:42:08.624;536845033162152734;-279;923;-233
2021-11-13T11:42:08.644;536845033181854311;-270;935;-237
2021-11-13T11:42:08.664;536845033201555888;-288;923;-243
2021-11-13T11:42:08.683;536845033221257465;-287;921;-249
2021-11-13T11:42:08.703;536845033240959042;-297;924;-261
2021-11-13T11:42:08.723;536845033260660619;-291;918;-262
2021-11-13T11:42:08.743;536845033280362196;-284;918;-251
2021-11-13T11:42:08.762;536845033300063773;-281;921;-242
2021-11-13T11:42:08.782;536845033319765350;-267;925;-236
2021-11-13T11:42:08.802;536845033339466927;-269;929;-232
2021-11-13T11:42:08.821;536845033359168504;-279;926;-233
2021-11-13T11:42:08.841;536845033378870086;-284;914;-246
2021-11-13T11:42:08.861;536845033398571664;-280;924;-249
2021-11-13T11:42:08.881;536845033418273242;-275;925;-249
2021-11-13T11:42:08.900;536845033437974820;-274;925;-243
2021-11-13T11:42:08.920;536845033457676398;-271;931;-240
2021-11-13T11:42:08.940;536845033477377976;-272;927;-243
2021-11-13T11:42:08.959;536845033497079554;-276;927;-240
2021-11-13T11:42:08.979;536845033516781132;-275;926;-239
2021-11-13T11:42:08.999;536845033536482710;-268;925;-237
2021-11-13T11:42:09.018;536845033556184288;-265;932;-234
2021-11-13T11:42:09.038;536845033575885866;-278;927;-238
2021-11-13T11:42:09.058;536845033595587444;-283;922;-245
2021-11-13T11:42:09.078;536845033615289022;-282;924;-246
2021-11-13T11:42:09.097;536845033634990600;-281;923;-245
2021-11-13T11:42:09.117;536845033654692178;-281;926;-244
2021-11-13T11:42:09.137;536845033674393756;-274;927;-243
2021-11-13T11:42:09.156;536845033694095334;-266;923;-245
2021-11-13T11:42:09.176;536845033713796912;-282;926;-241
2021-11-13T11:42:09.196;536845033733498490;-289;926;-241
2021-11-13T11:42:09.215;536845033753200068;-268;925;-245
2021-11-13T11:42:09.235;536845033772901646;-273;926;-244
2021-11-13T11:42:09.255;536845033792603224;-279;924;-245
2021-11-13T11:42:09.275;536845033812304802;-282;930;-241
2021-11-13T11:42:09.294;536845033832006380;-293;930;-246
2021-11-13T11:42:09.314;536845033851707958;-290;929;-261
2021-11-13T11:42:09.334;536845033871409536;-266;928;-253
2021-11-13T11:42:09.353;536845033891111114;-283;927;-238
2021-11-13T11:42:09.373;536845033910812692;-261;940;-207
2021-11-13T11:42:09.393;536845033930514270;-251;948;-187
2021-11-13T11:42:09.412;536845033950215848;-236;937;-208
2021-11-13T11:42:09.432;536845033969917426;-235;943;-223
2021-11-13T11:42:09.452;536845033989619004;-234;927;-205
2021-11-13T11:42:09.472;536845034009320582;-259;930;-230
2021-11-13T11:42:09.491;536845034029022160;-237;943;-195
2021-11-13T11:42:09.511;536845034048723738;-252;920;-194
2021-11-13T11:42:09.531;536845034068425316;-208;956;-205
2021-11-13T11:42:09.550;536845034088128362;-178;944;-218
2021-11-13T11:42:09.570;536845034107831396;-172;945;-203
2021-11-13T11:42:09.590;536845034127534430;-190;956;-217
2021-11-13T11:42:09.609;536845034147237464;-152;968;-185
2021-11-13T11:42:09.629;536845034166940498;-190;944;-205
2021-11-13T11:42:09.649;536845034186643532;-120;966;-186
2021-11-13T11:42:09.669;536845034206346566;-116;968;-157
2021-11-13T11:42:09.688;536845034226049600;-125;981;-183
2021-11-13T11:42:09.708;536845034245752634;-138;952;-184
2021-11-13T11:42:09.728;536845034265455668;-154;966;-190
2021-11-13T11:42:09.747;536845034285158702;-126;973;-189
2021-11-13T11:42:09.767;536845034304861736;-142;971;-229
2021-11-13T11:42:09.787;536845034324564770;-139;955;-236
2021-11-13T11:42:09.807;536845034344267804;-188;940;-219
2021-11-13T11:42:09.826;536845034363970838;-174;964;-160
2021-11-13T11:42:09.846;536845034383673872;-156;959;-158
2021-11-13T11:42:09.866;536845034403376906;-170;978;-340
2021-11-13T11:42:09.885;536845034423079940;-348;943;-470
2021-11-13T11:42:09.905;536845034442782974;-204;794;-394
2021-11-13T11:42:09.925;536845034462486008;-271;905;-337
2021-11-13T11:42:09.944;536845034482189042;-145;960;-232
2021-11-13T11:42:09.964;536845034501892076;-181;949;-232
2021-11-13T11:42:09.984;536845034521595110;-172;939;-239
2021-11-13T11:42:10.004;536845034541298144;-166;932;-261
2021-11-13T11:42:10.023;536845034561001178;-111;971;-229
2021-11-13T11:42:10.043;536845034580704212;-116;953;-223
2021-11-13T11:42:10.063;536845034600407246;-123;971;-189
2021-11-13T11:42:10.082;536845034620110280;-92;948;-209
2021-11-13T11:42:10.102;536845034639813314;117;904;8
2021-11-13T11:42:10.122;536845034659516348;19;893;49
2021-11-13T11:42:10.141;536845034679219382;-216;1137;-403
2021-11-13T11:42:10.161;536845034698922416;89;1088;-367
2021-11-13T11:42:10.181;536845034718625450;-84;842;-21
2021-11-13T11:42:10.201;536845034738328484;-74;959;-250
2021-11-13T11:42:10.220;536845034758031518;-13;1041;-180
2021-11-13T11:42:10.240;536845034777734552;-74;892;-80
2021-11-13T11:42:10.260;536845034797441967;-118;984;-113
2021-11-13T11:42:10.279;536845034817149370;-27;974;-118
2021-11-13T11:42:10.299;536845034836856773;-2;948;-146
2021-11-13T11:42:10.319;536845034856564176;-19;985;-165
2021-11-13T11:42:10.339;536845034876271579;-36;976;-112
2021-11-13T11:42:10.358;536845034895978982;-39;980;-130
2021-11-13T11:42:10.378;536845034915686385;-13;987;-135
2021-11-13T11:42:10.398;536845034935393788;6;973;-113
2021-11-13T11:42:10.417;536845034955101191;2;963;-143
2021-11-13T11:42:10.437;536845034974808594;17;960;-167
2021-11-13T11:42:10.457;536845034994515997;20;997;-112
2021-11-13T11:42:10.476;536845035014223400;26;995;-110
2021-11-13T11:42:10.496;536845035033930803;-11;996;-94
2021-11-13T11:42:10.516;536845035053638206;52;931;-197
2021-11-13T11:42:10.536;536845035073345609;10;1049;-110
2021-11-13T11:42:10.555;536845035093053012;115;968;-100
2021-11-13T11:42:10.575;536845035112760415;41;950;-182
2021-11-13T11:42:10.595;536845035132467818;108;976;-37
2021-11-13T11:42:10.614;536845035152175221;35;992;-121
2021-11-13T11:42:10.634;536845035171882624;47;969;-100
2021-11-13T11:42:10.654;536845035191590027;-25;987;-119
2021-11-13T11:42:10.674;536845035211297430;5;975;-106
2021-11-13T11:42:10.693;536845035231004833;-18;977;-105
2021-11-13T11:42:10.713;536845035250712236;-78;986;-149
2021-11-13T11:42:10.733;536845035270419639;-54;975;-144
2021-11-13T11:42:10.752;536845035290127042;-45;975;-129
2021-11-13T11:42:10.772;536845035309834445;-50;972;-165
2021-11-13T11:42:10.792;536845035329541848;-8;987;-149
2021-11-13T11:42:10.811;536845035349249251;-1;978;-113
2021-11-13T11:42:10.831;536845035368956654;-23;981;-65
2021-11-13T11:42:10.851;536845035388664057;-21;982;-81
2021-11-13T11:42:10.871;536845035408371460;-9;982;-78
2021-11-13T11:42:10.890;536845035428078863;-9;980;-84
2021-11-13T11:42:10.910;536845035447786266;16;974;-111
2021-11-13T11:42:10.930;536845035467493669;11;967;-142
2021-11-13T11:42:10.949;536845035487201072;8;984;-114
2021-11-13T11:42:10.969;536845035506905586;4;975;-150
2021-11-13T11:42:10.989;536845035526610076;22;983;-124
2021-11-13T11:42:11.009;536845035546314566;3;986;-138
2021-11-13T11:42:11.028;536845035566019056;10;985;-126
2021-11-13T11:42:11.048;536845035585723546;-24;986;-111
2021-11-13T11:42:11.068;536845035605428036;2;965;-106
2021-11-13T11:42:11.087;536845035625132526;-22;984;-126
2021-11-13T11:42:11.107;536845035644837016;-1;977;-116
2021-11-13T11:42:11.127;536845035664541506;-21;990;-101
2021-11-13T11:42:11.146;536845035684245996;-22;982;-90
2021-11-13T11:42:11.166;536845035703950486;-33;985;-100
2021-11-13T11:42:11.186;536845035723654976;1;965;-85
2021-11-13T11:42:11.206;536845035743359466;-26;984;-89
2021-11-13T11:42:11.225;536845035763063956;9;966;-96
2021-11-13T11:42:11.245;536845035782768446;4;973;-111
2021-11-13T11:42:11.265;536845035802472936;13;981;-109
2021-11-13T11:42:11.284;536845035822177426;14;986;-119
2021-11-13T11:42:11.304;536845035841881916;12;983;-110
2021-11-13T11:42:11.324;536845035861586406;4;970;-90
2021-11-13T11:42:11.344;536845035881290896;15;982;-103
2021-11-13T11:42:11.363;536845035900995386;19;985;-96
2021-11-13T11:42:11.383;536845035920699876;18;982;-90
2021-11-13T11:42:11.403;536845035940404366;2;980;-91
2021-11-13T11:42:11.422;536845035960108856;-2;985;-92
2021-11-13T11:42:11.442;536845035979813346;-7;983;-81
2021-11-13T11:42:11.462;536845035999517836;4;981;-85
2021-11-13T11:42:11.481;536845036019222326;-7;990;-79
2021-11-13T11:42:11.501;536845036038926816;-36;1001;-37
2021-11-13T11:42:11.521;536845036058631306;-90;1033;-13
2021-11-13T11:42:11.541;536845036078335796;-91;1049;27
2021-11-13T11:42:11.560;536845036098040286;-30;1063;-10
2021-11-13T11:42:11.580;536845036117744776;-3;1034;-65
2021-11-13T11:42:11.600;536845036137449266;20;991;-162
2021-11-13T11:42:11.619;536845036157153756;-33;998;-67
2021-11-13T11:42:11.639;536845036176858246;84;858;-167
2021-11-13T11:42:11.659;536845036196562736;190;736;-305
2021-11-13T11:42:11.679;536845036216268683;268;692;-180
2021-11-13T11:42:11.698;536845036235974630;111;847;38
2021-11-13T11:42:11.718;536845036255680577;-12;1062;62
2021-11-13T11:42:11.738;536845036275386524;-99;1172;17
2021-11-13T11:42:11.757;536845036295092471;-47;1012;-97
2021-11-13T11:42:11.777;536845036314798418;27;910;-67
2021-11-13T11:42:11.797;536845036334504365;-21;1174;158
2021-11-13T11:42:11.816;536845036354210312;-11;997;17
2021-11-13T11:42:11.836;536845036373916259;4;965;-55
2021-11-13T11:42:11.856;536845036393622206;37;988;-58
2021-11-13T11:42:11.876;536845036413328153;16;975;-68
2021-11-13T11:42:11.895;536845036433034100;28;965;-7
2021-11-13T11:42:11.915;536845036452740047;-8;983;15
2021-11-13T11:42:11.935;536845036472445994;13;981;-44
2021-11-13T11:42:11.954;536845036492151941;51;966;-28
2021-11-13T11:42:11.974;536845036511857888;54;974;-14
2021-11-13T11:42:11.994;536845036531563835;44;993;0
2021-11-13T11:42:12.014;536845036551269782;35;974;32
2021-11-13T11:42:12.033;536845036570975729;33;1004;42
2021-11-13T11:42:12.053;536845036590681676;26;1011;28
2021-11-13T11:42:12.073;536845036610387623;36;980;23
2021-11-13T11:42:12.092;536845036630093570;56;960;32
2021-11-13T11:42:12.112;536845036649799517;8;979;-41
2021-11-13T11:42:12.132;536845036669505464;31;1004;9
2021-11-13T11:42:12.151;536845036689211411;16;988;22
2021-11-13T11:42:12.171;536845036708917358;12;986;44
2021-11-13T11:42:12.191;536845036728623305;12;954;102
2021-11-13T11:42:12.211;536845036748329252;15;973;79
2021-11-13T11:42:12.230;536845036768035199;17;998;-11
2021-11-13T11:42:12.250;536845036787741146;19;974;10
2021-11-13T11:42:12.270;536845036807447093;-27;982;-21
2021-11-13T11:42:12.289;536845036827153040;7;1001;1
2021-11-13T11:42:12.309;536845036846858987;-38;998;4
2021-11-13T11:42:12.329;536845036866564934;-42;960;-9
2021-11-13T11:42:12.349;536845036886270881;-41;979;-66
2021-11-13T11:42:12.368;536845036905976828;-70;993;-101
2021-11-13T11:42:12.388;536845036925682775;-76;1000;-72
2021-11-13T11:42:12.408;536845036945388722;-34;925;-92
2021-11-13T11:42:12.427;536845036965094669;-34;944;-75
2021-11-13T11:42:12.447;536845036984800616;-83;970;-87
2021-11-13T11:42:12.467;536845037004506563;-144;975;-165
2021-11-13T11:42:12.486;536845037024212510;-123;986;-195
2021-11-13T11:42:12.506;536845037043918457;-112;957;-154
2021-11-13T11:42:12.526;536845037063624404;-120;956;-187
2021-11-13T11:42:12.546;536845037083330351;-171;969;-213
2021-11-13T11:42:12.565;536845037103036298;-151;950;-186
2021-11-13T11:42:12.585;536845037122742245;-189;927;-184
2021-11-13T11:42:12.605;536845037142448192;-182;951;-231
2021-11-13T11:42:12.624;536845037162154139;-207;987;-252
2021-11-13T11:42:12.644;536845037181860086;-188;916;-236
2021-11-13T11:42:12.664;536845037201566033;-169;942;-251
2021-11-13T11:42:12.684;536845037221271980;-171;988;-312
2021-11-13T11:42:12.703;536845037240977927;-191;945;-254
2021-11-13T11:42:12.723;536845037260683874;-218;883;-228
2021-11-13T11:42:12.743;536845037280389821;-230;962;-290
2021-11-13T11:42:12.762;536845037300095768;-196;935;-239
2021-11-13T11:42:12.782;536845037319801715;-230;928;-295
2021-11-13T11:42:12.802;536845037339507662;-230;961;-284
2021-11-13T11:42:12.821;536845037359213609;-274;929;-279
2021-11-13T11:42:12.841;536845037378919556;-255;923;-325
2021-11-13T11:42:12.861;536845037398625503;-74;781;-649
2021-11-13T11:42:12.881;536845037418331450;-133;898;-486
2021-11-13T11:42:12.900;536845037438037397;-325;917;-180
2021-11-13T11:42:12.920;536845037457743344;-574;904;13
2021-11-13T11:42:12.940;536845037477449291;-609;887;101
2021-11-13T11:42:12.959;536845037497155238;-335;754;-199
2021-11-13T11:42:12.979;536845037516861185;-218;869;-480
2021-11-13T11:42:12.999;536845037536567132;-273;1071;-513
2021-11-13T11:42:13.019;536845037556273079;-338;929;-329
2021-11-13T11:42:13.038;536845037575979026;-323;880;-242
2021-11-13T11:42:13.058;536845037595684973;-272;901;-180
2021-11-13T11:42:13.078;536845037615390920;-278;886;-125
2021-11-13T11:42:13.097;536845037635105615;-257;921;-114
2021-11-13T11:42:13.117;536845037654820300;-294;905;-230
2021-11-13T11:42:13.137;536845037674534985;-315;920;-267
2021-11-13T11:42:13.156;536845037694249670;-341;884;-347
2021-11-13T11:42:13.176;536845037713964355;-298;901;-354
2021-11-13T11:42:13.196;536845037733679040;-286;940;-341
2021-11-13T11:42:13.216;536845037753393725;-304;926;-306
2021-11-13T11:42:13.235;536845037773108410;-353;902;-261
2021-11-13T11:42:13.255;536845037792823095;-360;894;-256
2021-11-13T11:42:13.275;536845037812537780;-310;908;-247
2021-11-13T11:42:13.294;536845037832252465;-247;936;-222
2021-11-13T11:42:13.314;536845037851967150;-233;956;-162
2021-11-13T11:42:13.334;536845037871681835;-255;929;-163
2021-11-13T11:42:13.354;536845037891396520;-298;900;-187
2021-11-13T11:42:13.373;536845037911111205;-284;901;-212
2021-11-13T11:42:13.393;536845037930825890;-263;912;-274
2021-11-13T11:42:13.413;536845037950540575;-289;914;-335
2021-11-13T11:42:13.432;536845037970255260;-288;901;-352
2021-11-13T11:42:13.452;536845037989969945;-316;893;-362
2021-11-13T11:42:13.472;536845038009684630;-329;897;-341
2021-11-13T11:42:13.492;536845038029399315;-319;896;-321
2021-11-13T11:42:13.511;536845038049114000;-284;908;-298
2021-11-13T11:42:13.531;536845038068828685;-256;918;-260
2021-11-13T11:42:13.551;536845038088543370;-258;919;-227
2021-11-13T11:42:13.570;536845038108258055;-272;923;-212
2021-11-13T11:42:13.590;536845038127972740;-286;917;-230
2021-11-13T11:42:13.610;536845038147687425;-275;920;-254
2021-11-13T11:42:13.630;536845038167402110;-278;903;-289
2021-11-13T11:42:13.649;536845038187116795;-303;895;-314
2021-11-13T11:42:13.669;536845038206831480;-295;913;-298
2021-11-13T11:42:13.689;536845038226546165;-275;922;-285
2021-11-13T11:42:13.708;536845038246260850;-263;921;-261
2021-11-13T11:42:13.728;536845038265975535;-270;918;-250
2021-11-13T11:42:13.748;536845038285690220;-288;918;-240
2021-11-13T11:42:13.768;536845038305404905;-298;911;-260
2021-11-13T11:42:13.787;536845038325119590;-282;910;-280
2021-11-13T11:42:13.807;536845038344825570;-271;910;-277
2021-11-13T11:42:13.827;536845038364531516;-292;910;-275
2021-11-13T11:42:13.846;536845038384237462;-306;905;-284
2021-11-13T11:42:13.866;536845038403943408;-297;895;-302
2021-11-13T11:42:13.886;536845038423649354;-270;910;-292
2021-11-13T11:42:13.906;536845038443355300;-261;916;-279
2021-11-13T11:42:13.925;536845038463061246;-264;925;-259
2021-11-13T11:42:13.945;536845038482767192;-266;913;-254
2021-11-13T11:42:13.965;536845038502473138;-256;920;-254
2021-11-13T11:42:13.984;536845038522179084;-259;920;-258
2021-11-13T11:42:14.004;536845038541885030;-269;909;-270
2021-11-13T11:42:14.024;536845038561590976;-290;906;-277
2021-11-13T11:42:14.044;536845038581296922;-286;916;-271
2021-11-13T11:42:14.063;536845038601002868;-272;916;-270
2021-11-13T11:42:14.083;536845038620708814;-269;920;-262
2021-11-13T11:42:14.103;536845038640414760;-275;918;-272
2021-11-13T11:42:14.122;536845038660120706;-270;916;-263
2021-11-13T11:42:14.142;536845038679826652;-274;918;-254
2021-11-13T11:42:14.162;536845038699532598;-273;917;-251
2021-11-13T11:42:14.181;536845038719238544;-268;920;-255
2021-11-13T11:42:14.201;536845038738944490;-276;915;-261
2021-11-13T11:42:14.221;536845038758650436;-265;919;-256
2021-11-13T11:42:14.241;536845038778356382;-263;921;-262
2021-11-13T11:42:14.260;536845038798062328;-272;914;-260
2021-11-13T11:42:14.280;536845038817768274;-286;915;-258
2021-11-13T11:42:14.300;536845038837474220;-279;917;-257
2021-11-13T11:42:14.319;536845038857180166;-248;927;-247
2021-11-13T11:42:14.339;536845038876886112;-264;921;-255
2021-11-13T11:42:14.359;536845038896592058;-264;924;-253
2021-11-13T11:42:14.379;536845038916298004;-271;921;-261
2021-11-13T11:42:14.398;536845038936003950;-258;924;-262
2021-11-13T11:42:14.418;536845038955709896;-269;923;-258
2021-11-13T11:42:14.438;536845038975415842;-264;923;-262
2021-11-13T11:42:14.457;536845038995121788;-276;931;-253
2021-11-13T11:42:14.477;536845039014827734;-277;927;-267
2021-11-13T11:42:14.497;536845039034533680;-268;918;-275
2021-11-13T11:42:14.516;536845039054249841;-288;915;-275
2021-11-13T11:42:14.536;536845039073965982;-247;926;-241
2021-11-13T11:42:14.556;536845039093682123;-230;933;-235
2021-11-13T11:42:14.576;536845039113398264;-237;933;-229
2021-11-13T11:42:14.595;536845039133114405;-209;922;-226
2021-11-13T11:42:14.615;536845039152830546;-233;927;-195
2021-11-13T11:42:14.635;536845039172546687;-210;967;-202
2021-11-13T11:42:14.655;536845039192262828;-213;955;-243
2021-11-13T11:42:14.674;536845039211978969;-205;915;-277
2021-11-13T11:42:14.694;536845039231695110;-149;945;-233
2021-11-13T11:42:14.714;536845039251411251;-168;950;-223
2021-11-13T11:42:14.733;536845039271127392;-148;977;-200
2021-11-13T11:42:14.753;536845039290843533;-181;960;-215
2021-11-13T11:42:14.773;536845039310559674;-152;938;-262
2021-11-13T11:42:14.793;536845039330275815;-131;937;-256
2021-11-13T11:42:14.812;536845039349991956;-129;962;-212
2021-11-13T11:42:14.832;536845039369708097;-115;966;-211
2021-11-13T11:42:14.852;536845039389424238;-113;967;-156
2021-11-13T11:42:14.871;536845039409140379;-108;981;-127
2021-11-13T11:42:14.891;536845039428856520;-129;973;-192
2021-11-13T11:42:14.911;536845039448572661;-109;978;-240
2021-11-13T11:42:14.931;536845039468288802;-110;946;-209
2021-11-13T11:42:14.950;536845039488004943;-178;980;-239
2021-11-13T11:42:14.970;536845039507721084;-179;921;-260
2021-11-13T11:42:14.990;536845039527437225;-120;879;-196
2021-11-13T11:42:15.009;536845039547153366;-298;1092;-338
2021-11-13T11:42:15.029;536845039566869507;-89;883;-336
2021-11-13T11:42:15.049;536845039586585648;-266;850;-282
2021-11-13T11:42:15.069;536845039606301789;-246;966;-276
2021-11-13T11:42:15.088;536845039626017930;-211;927;-255
2021-11-13T11:42:15.108;536845039645734071;-228;905;-285
2021-11-13T11:42:15.128;536845039665450212;-146;965;-251
2021-11-13T11:42:15.147;536845039685166353;-107;911;-262
2021-11-13T11:42:15.167;536845039704882494;-50;998;-194
2021-11-13T11:42:15.187;536845039724598635;-55;972;-185
2021-11-13T11:42:15.207;536845039744314776;-42;918;-200
