Phone timestamp;sensor timestamp [ns];X [mg];Y [mg];Z [mg]
2021-11-13T11:31:32.340;536844294164140592;-250;-475;738
2021-11-13T11:31:32.359;536844294183894598;-256;-501;742
2021-11-13T11:31:32.379;536844294203648604;-246;-555;768
2021-11-13T11:31:32.399;536844294223402610;-245;-616;815
2021-11-13T11:31:32.419;536844294243156616;-262;-664;837
2021-11-13T11:31:32.438;536844294262910622;-254;-684;835
2021-11-13T11:31:32.458;536844294282664628;-249;-664;851
2021-11-13T11:31:32.478;536844294302418634;-250;-625;864
2021-11-13T11:31:32.498;536844294322172640;-246;-584;850
2021-11-13T11:31:32.517;536844294341926646;-234;-557;807
2021-11-13T11:31:32.537;536844294361680652;-222;-567;777
2021-11-13T11:31:32.557;536844294381434658;-211;-602;777
2021-11-13T11:31:32.577;536844294401188664;-252;-623;770
2021-11-13T11:31:32.596;536844294420942670;-245;-629;778
2021-11-13T11:31:32.616;536844294440696676;-242;-627;793
2021-11-13T11:31:32.636;536844294460450682;-245;-627;802
2021-11-13T11:31:32.656;536844294480204688;-238;-639;796
2021-11-13T11:31:32.675;536844294499958694;-236;-626;799
2021-11-13T11:31:32.695;536844294519712700;-241;-602;794
2021-11-13T11:31:32.715;536844294539466706;-240;-604;794
2021-11-13T11:31:32.735;536844294559220712;-241;-610;785
2021-11-13T11:31:32.754;536844294578974718;-233;-625;784
2021-11-13T11:31:32.774;536844294598728724;-220;-630;803
2021-11-13T11:31:32.794;536844294618482730;-240;-622;810
2021-11-13T11:31:32.814;536844294638236736;-252;-621;798
2021-11-13T11:31:32.833;536844294657990742;-247;-627;784
2021-11-13T11:31:32.853;536844294677744748;-246;-620;781
2021-11-13T11:31:32.873;536844294697498754;-248;-623;774
2021-11-13T11:31:32.893;536844294717252760;-239;-621;777
2021-11-13T11:31:32.912;536844294737006766;-240;-598;776
2021-11-13T11:31:32.932;536844294756760772;-245;-584;767
2021-11-13T11:31:32.952;536844294776514778;-251;-603;770
2021-11-13T11:31:32.972;536844294796268784;-251;-625;777
2021-11-13T11:31:32.991;536844294816022790;-229;-628;790
2021-11-13T11:31:33.011;536844294835776796;-238;-621;795
2021-11-13T11:31:33.031;536844294855530802;-240;-620;790
2021-11-13T11:31:33.051;536844294875284836;-244;-623;779
2021-11-13T11:31:33.070;536844294895038842;-241;-620;771
2021-11-13T11:31:33.090;536844294914792848;-248;-610;759
2021-11-13T11:31:33.110;536844294934546854;-229;-610;751
2021-11-13T11:31:33.130;536844294954300860;-220;-602;743
2021-11-13T11:31:33.149;536844294974054866;-222;-577;735
2021-11-13T11:31:33.169;536844294993808872;-216;-558;723
2021-11-13T11:31:33.189;536844295013562878;-213;-525;700
2021-11-13T11:31:33.209;536844295033316884;-200;-515;668
2021-11-13T11:31:33.228;536844295053070890;-187;-509;646
2021-11-13T11:31:33.248;536844295072824896;-185;-507;673
2021-11-13T11:31:33.268;536844295092578902;-180;-500;672
2021-11-13T11:31:33.288;536844295112332908;-191;-498;653
2021-11-13T11:31:33.307;536844295132086914;-196;-492;627
2021-11-13T11:31:33.327;536844295151840920;-156;-467;608
2021-11-13T11:31:33.347;536844295171594926;-129;-438;602
2021-11-13T11:31:33.367;536844295191348932;-173;-425;624
2021-11-13T11:31:33.386;536844295211102938;-237;-459;673
2021-11-13T11:31:33.406;536844295230856944;-230;-504;722
2021-11-13T11:31:33.426;536844295250610950;-197;-586;737
2021-11-13T11:31:33.446;536844295270364956;-131;-600;755
2021-11-13T11:31:33.465;536844295290118962;-170;-563;757
2021-11-13T11:31:33.485;536844295309872968;-213;-516;767
2021-11-13T11:31:33.505;536844295329626974;-242;-520;776
2021-11-13T11:31:33.525;536844295349380980;-223;-583;808
2021-11-13T11:31:33.544;536844295369134986;-213;-637;851
2021-11-13T11:31:33.564;536844295388888992;-193;-647;855
2021-11-13T11:31:33.584;536844295408642998;-187;-596;832
2021-11-13T11:31:33.604;536844295428397004;-200;-533;785
2021-11-13T11:31:33.624;536844295448151010;-227;-498;774
2021-11-13T11:31:33.643;536844295467905016;-246;-502;792
2021-11-13T11:31:33.663;536844295487659022;-252;-544;829
2021-11-13T11:31:33.683;536844295507413028;-192;-585;868
2021-11-13T11:31:33.703;536844295527167034;-158;-569;867
2021-11-13T11:31:33.722;536844295546921040;-166;-533;872
2021-11-13T11:31:33.742;536844295566675046;-202;-519;867
2021-11-13T11:31:33.762;536844295586414495;-218;-503;878
2021-11-13T11:31:33.782;536844295606153938;-198;-499;881
2021-11-13T11:31:33.801;536844295625893381;-193;-520;885
2021-11-13T11:31:33.821;536844295645632824;-157;-540;893
2021-11-13T11:31:33.841;536844295665372267;-177;-554;913
2021-11-13T11:31:33.860;536844295685111710;-206;-578;917
2021-11-13T11:31:33.880;536844295704851153;-218;-573;926
2021-11-13T11:31:33.900;536844295724590596;-175;-568;931
2021-11-13T11:31:33.920;536844295744330039;-141;-564;920
2021-11-13T11:31:33.939;536844295764069482;-167;-552;916
2021-11-13T11:31:33.959;536844295783808925;-198;-563;938
2021-11-13T11:31:33.979;536844295803548368;-199;-578;951
2021-11-13T11:31:33.999;536844295823287811;-207;-605;952
2021-11-13T11:31:34.018;536844295843027254;-170;-602;948
2021-11-13T11:31:34.038;536844295862766697;-178;-594;952
2021-11-13T11:31:34.058;536844295882506140;-197;-596;959
2021-11-13T11:31:34.078;536844295902245583;-214;-574;972
2021-11-13T11:31:34.097;536844295921985026;-205;-592;968
2021-11-13T11:31:34.117;536844295941724469;-187;-599;974
2021-11-13T11:31:34.137;536844295961463912;-184;-569;988
2021-11-13T11:31:34.157;536844295981203355;-176;-545;990
2021-11-13T11:31:34.176;536844296000942798;-165;-566;984
2021-11-13T11:31:34.196;536844296020682241;-203;-574;1000
2021-11-13T11:31:34.216;536844296040421684;-221;-588;1006
2021-11-13T11:31:34.236;536844296060161127;-168;-607;992
2021-11-13T11:31:34.255;536844296079900570;-149;-567;989
2021-11-13T11:31:34.275;536844296099640013;-182;-539;1003
2021-11-13T11:31:34.295;536844296119379456;-181;-543;1013
2021-11-13T11:31:34.314;536844296139118899;-135;-568;1024
2021-11-13T11:31:34.334;536844296158858342;-192;-594;1059
2021-11-13T11:31:34.354;536844296178597785;-172;-625;1090
2021-11-13T11:31:34.374;536844296198337228;-154;-645;1119
2021-11-13T11:31:34.393;536844296218076671;-185;-626;1162
2021-11-13T11:31:34.413;536844296237816114;-171;-623;1185
2021-11-13T11:31:34.433;536844296257555557;-140;-625;1196
2021-11-13T11:31:34.453;536844296277295000;-185;-629;1230
2021-11-13T11:31:34.472;536844296297027177;-200;-633;1219
2021-11-13T11:31:34.492;536844296316759338;-190;-639;1188
2021-11-13T11:31:34.512;536844296336491499;-183;-631;1181
2021-11-13T11:31:34.532;536844296356223660;-206;-616;1178
2021-11-13T11:31:34.551;536844296375955821;-178;-621;1169
2021-11-13T11:31:34.571;536844296395687982;-172;-590;1141
2021-11-13T11:31:34.591;536844296415420143;-170;-606;1093
2021-11-13T11:31:34.611;536844296435152304;-175;-576;1069
2021-11-13T11:31:34.630;536844296454884465;-180;-556;1036
2021-11-13T11:31:34.650;536844296474616626;-132;-580;1025
2021-11-13T11:31:34.670;536844296494348787;-146;-589;1017
2021-11-13T11:31:34.689;536844296514080948;-156;-607;1000
2021-11-13T11:31:34.709;536844296533813109;-193;-583;979
2021-11-13T11:31:34.729;536844296553545270;-178;-555;973
2021-11-13T11:31:34.749;536844296573277431;-181;-536;982
2021-11-13T11:31:34.768;536844296593009592;-162;-541;959
2021-11-13T11:31:34.788;536844296612741753;-184;-544;930
2021-11-13T11:31:34.808;536844296632473914;-206;-518;883
2021-11-13T11:31:34.828;536844296652206075;-195;-508;847
2021-11-13T11:31:34.847;536844296671938236;-199;-507;816
2021-11-13T11:31:34.867;536844296691670397;-197;-502;787
2021-11-13T11:31:34.887;536844296711402558;-186;-499;760
2021-11-13T11:31:34.906;536844296731134719;-192;-484;747
2021-11-13T11:31:34.926;536844296750866880;-176;-473;721
2021-11-13T11:31:34.946;536844296770599041;-178;-482;674
2021-11-13T11:31:34.966;536844296790331202;-151;-501;648
2021-11-13T11:31:34.985;536844296810063363;-187;-503;618
2021-11-13T11:31:35.005;536844296829795524;-172;-517;629
2021-11-13T11:31:35.025;536844296849527685;-180;-503;647
2021-11-13T11:31:35.045;536844296869259846;-151;-489;644
2021-11-13T11:31:35.064;536844296888992007;-147;-500;615
2021-11-13T11:31:35.084;536844296908724168;-192;-523;597
2021-11-13T11:31:35.104;536844296928456329;-223;-542;547
2021-11-13T11:31:35.124;536844296948188490;-210;-528;562
2021-11-13T11:31:35.143;536844296967920651;-211;-512;607
2021-11-13T11:31:35.163;536844296987652812;-185;-452;602
2021-11-13T11:31:35.183;536844297007399566;-170;-419;554
2021-11-13T11:31:35.203;536844297027146290;-191;-411;526
2021-11-13T11:31:35.222;536844297046893014;-226;-452;556
2021-11-13T11:31:35.242;536844297066639738;-219;-490;599
2021-11-13T11:31:35.262;536844297086386462;-182;-504;635
2021-11-13T11:31:35.281;536844297106133186;-182;-521;660
2021-11-13T11:31:35.301;536844297125879910;-242;-536;659
2021-11-13T11:31:35.321;536844297145626634;-262;-582;685
2021-11-13T11:31:35.341;536844297165373358;-312;-637;720
2021-11-13T11:31:35.360;536844297185120082;-275;-688;767
2021-11-13T11:31:35.380;536844297204866806;-242;-700;794
2021-11-13T11:31:35.400;536844297224613530;-274;-696;809
2021-11-13T11:31:35.420;536844297244360254;-301;-657;795
2021-11-13T11:31:35.439;536844297264106978;-306;-632;777
2021-11-13T11:31:35.459;536844297283853702;-264;-643;770
2021-11-13T11:31:35.479;536844297303600426;-277;-659;757
2021-11-13T11:31:35.499;536844297323347150;-257;-645;752
2021-11-13T11:31:35.518;536844297343093874;-258;-626;772
2021-11-13T11:31:35.538;536844297362840598;-261;-642;777
2021-11-13T11:31:35.558;536844297382587322;-262;-661;779
2021-11-13T11:31:35.578;536844297402334046;-278;-670;777
2021-11-13T11:31:35.597;536844297422080770;-257;-658;775
2021-11-13T11:31:35.617;536844297441827494;-265;-629;772
2021-11-13T11:31:35.637;536844297461574218;-270;-615;755
2021-11-13T11:31:35.657;536844297481320942;-286;-620;750
2021-11-13T11:31:35.676;536844297501067666;-272;-627;745
2021-11-13T11:31:35.696;536844297520814390;-274;-631;752
2021-11-13T11:31:35.716;536844297540561114;-282;-633;762
2021-11-13T11:31:35.736;536844297560307838;-271;-630;781
2021-11-13T11:31:35.755;536844297580054562;-256;-625;787
2021-11-13T11:31:35.775;536844297599801286;-246;-635;780
2021-11-13T11:31:35.795;536844297619548010;-286;-627;772
2021-11-13T11:31:35.815;536844297639294734;-281;-618;770
2021-11-13T11:31:35.834;536844297659041458;-261;-628;763
2021-11-13T11:31:35.854;536844297678788182;-254;-632;760
2021-11-13T11:31:35.874;536844297698534906;-249;-640;760
2021-11-13T11:31:35.894;536844297718267087;-255;-633;761
2021-11-13T11:31:35.913;536844297737999248;-261;-630;755
2021-11-13T11:31:35.933;536844297757731409;-268;-625;753
2021-11-13T11:31:35.953;536844297777463570;-261;-628;753
2021-11-13T11:31:35.973;536844297797195731;-251;-635;766
2021-11-13T11:31:35.992;536844297816927892;-258;-632;773
2021-11-13T11:31:36.012;536844297836660053;-265;-636;755
2021-11-13T11:31:36.032;536844297856392214;-261;-624;747
2021-11-13T11:31:36.051;536844297876124375;-253;-627;734
2021-11-13T11:31:36.071;536844297895856536;-254;-618;714
2021-11-13T11:31:36.091;536844297915588697;-247;-588;685
2021-11-13T11:31:36.111;536844297935320858;-242;-557;654
2021-11-13T11:31:36.130;536844297955053019;-209;-533;647
2021-11-13T11:31:36.150;536844297974785180;-244;-531;632
2021-11-13T11:31:36.170;536844297994517341;-237;-519;629
2021-11-13T11:31:36.190;536844298014249502;-201;-512;642
2021-11-13T11:31:36.209;536844298033981663;-192;-532;645
2021-11-13T11:31:36.229;536844298053713824;-202;-533;643
2021-11-13T11:31:36.249;536844298073445985;-196;-517;620
2021-11-13T11:31:36.269;536844298093178146;-173;-464;611
2021-11-13T11:31:36.288;536844298112910307;-154;-408;650
2021-11-13T11:31:36.308;536844298132642468;-169;-460;674
2021-11-13T11:31:36.328;536844298152374629;-204;-503;719
2021-11-13T11:31:36.347;536844298172106790;-218;-552;737
2021-11-13T11:31:36.367;536844298191838951;-169;-591;751
2021-11-13T11:31:36.387;536844298211571112;-162;-584;755
2021-11-13T11:31:36.407;536844298231303273;-177;-549;758
2021-11-13T11:31:36.426;536844298251035434;-200;-518;740
2021-11-13T11:31:36.446;536844298270767595;-161;-498;744
2021-11-13T11:31:36.466;536844298290499756;-134;-485;750
2021-11-13T11:31:36.486;536844298310231917;-218;-517;782
2021-11-13T11:31:36.505;536844298329964078;-301;-580;823
2021-11-13T11:31:36.525;536844298349696239;-315;-631;855
2021-11-13T11:31:36.545;536844298369428400;-213;-642;813
2021-11-13T11:31:36.565;536844298389160561;-125;-631;800
2021-11-13T11:31:36.584;536844298408892722;-152;-558;815
2021-11-13T11:31:36.604;536844298428632173;-239;-515;823
2021-11-13T11:31:36.624;536844298448371616;-237;-478;800
2021-11-13T11:31:36.643;536844298468111059;-132;-465;805
2021-11-13T11:31:36.663;536844298487850502;-130;-500;841
2021-11-13T11:31:36.683;536844298507589945;-195;-547;865
2021-11-13T11:31:36.703;536844298527329388;-248;-582;861
2021-11-13T11:31:36.722;536844298547068831;-223;-593;871
2021-11-13T11:31:36.742;536844298566808274;-172;-557;894
2021-11-13T11:31:36.762;536844298586547717;-145;-527;927
2021-11-13T11:31:36.782;536844298606287160;-174;-520;928
2021-11-13T11:31:36.801;536844298626026603;-221;-506;935
2021-11-13T11:31:36.821;536844298645766046;-216;-499;937
2021-11-13T11:31:36.841;536844298665505489;-209;-517;941
2021-11-13T11:31:36.861;536844298685244932;-206;-530;951
2021-11-13T11:31:36.880;536844298704984375;-172;-522;939
2021-11-13T11:31:36.900;536844298724723818;-200;-533;944
2021-11-13T11:31:36.920;536844298744463261;-241;-513;940
2021-11-13T11:31:36.940;536844298764202704;-223;-519;939
2021-11-13T11:31:36.959;536844298783942147;-200;-508;940
2021-11-13T11:31:36.979;536844298803681590;-191;-507;958
2021-11-13T11:31:36.999;536844298823421033;-212;-509;955
2021-11-13T11:31:37.019;536844298843160476;-194;-508;941
2021-11-13T11:31:37.038;536844298862899919;-196;-517;926
2021-11-13T11:31:37.058;536844298882639362;-180;-519;939
2021-11-13T11:31:37.078;536844298902378805;-203;-537;975
2021-11-13T11:31:37.097;536844298922118248;-231;-551;972
2021-11-13T11:31:37.117;536844298941857691;-182;-551;961
2021-11-13T11:31:37.137;536844298961597134;-171;-538;956
2021-11-13T11:31:37.157;536844298981336577;-173;-546;970
2021-11-13T11:31:37.176;536844299001076020;-193;-529;982
2021-11-13T11:31:37.196;536844299020815463;-181;-528;986
2021-11-13T11:31:37.216;536844299040554906;-135;-549;1020
2021-11-13T11:31:37.236;536844299060294349;-143;-540;1045
2021-11-13T11:31:37.255;536844299080033792;-133;-552;1030
2021-11-13T11:31:37.275;536844299099773235;-136;-549;1021
2021-11-13T11:31:37.295;536844299119512678;-154;-563;1026
2021-11-13T11:31:37.315;536844299139246317;-147;-580;1043
2021-11-13T11:31:37.334;536844299158979934;-149;-608;1091
2021-11-13T11:31:37.354;536844299178713551;-161;-646;1130
2021-11-13T11:31:37.374;536844299198447168;-133;-626;1146
2021-11-13T11:31:37.394;536844299218180785;-182;-631;1164
2021-11-13T11:31:37.413;536844299237914402;-202;-635;1187
2021-11-13T11:31:37.433;536844299257648019;-180;-662;1194
2021-11-13T11:31:37.453;536844299277381636;-199;-680;1207
2021-11-13T11:31:37.472;536844299297115253;-188;-695;1212
2021-11-13T11:31:37.492;536844299316848870;-188;-650;1205
2021-11-13T11:31:37.512;536844299336582487;-191;-629;1190
2021-11-13T11:31:37.532;536844299356316104;-187;-625;1163
2021-11-13T11:31:37.551;536844299376049721;-189;-638;1160
2021-11-13T11:31:37.571;536844299395783338;-180;-633;1148
2021-11-13T11:31:37.591;536844299415516955;-178;-599;1106
2021-11-13T11:31:37.611;536844299435250572;-182;-588;1085
2021-11-13T11:31:37.630;536844299454984189;-190;-584;1085
2021-11-13T11:31:37.650;536844299474717806;-136;-583;1074
2021-11-13T11:31:37.670;536844299494451423;-165;-555;1039
2021-11-13T11:31:37.690;536844299514185040;-187;-526;1005
2021-11-13T11:31:37.709;536844299533918657;-166;-534;976
2021-11-13T11:31:37.729;536844299553652274;-157;-556;980
2021-11-13T11:31:37.749;536844299573385891;-142;-566;986
2021-11-13T11:31:37.768;536844299593119508;-172;-560;983
2021-11-13T11:31:37.788;536844299612853125;-198;-571;964
2021-11-13T11:31:37.808;536844299632586742;-197;-569;949
2021-11-13T11:31:37.828;536844299652320359;-197;-555;932
2021-11-13T11:31:37.847;536844299672053976;-187;-516;893
2021-11-13T11:31:37.867;536844299691787593;-182;-501;867
2021-11-13T11:31:37.887;536844299711521210;-196;-494;839
2021-11-13T11:31:37.907;536844299731254827;-149;-481;814
2021-11-13T11:31:37.926;536844299750988444;-187;-469;788
2021-11-13T11:31:37.946;536844299770722061;-176;-489;762
2021-11-13T11:31:37.966;536844299790455678;-175;-498;740
2021-11-13T11:31:37.986;536844299810189295;-196;-504;710
2021-11-13T11:31:38.005;536844299829922912;-195;-486;662
2021-11-13T11:31:38.025;536844299849660899;-155;-458;633
2021-11-13T11:31:38.045;536844299869398886;-161;-439;645
2021-11-13T11:31:38.064;536844299889136873;-187;-445;631
2021-11-13T11:31:38.084;536844299908874860;-202;-451;617
2021-11-13T11:31:38.104;536844299928612847;-175;-464;601
2021-11-13T11:31:38.124;536844299948350834;-164;-468;617
2021-11-13T11:31:38.143;536844299968088821;-175;-493;643
2021-11-13T11:31:38.163;536844299987826808;-200;-517;648
2021-11-13T11:31:38.183;536844300007564795;-228;-530;643
2021-11-13T11:31:38.203;536844300027302782;-210;-510;628
2021-11-13T11:31:38.222;536844300047040769;-200;-501;636
2021-11-13T11:31:38.242;536844300066778756;-204;-493;624
2021-11-13T11:31:38.262;536844300086516743;-188;-489;602
2021-11-13T11:31:38.282;536844300106254730;-175;-470;585
2021-11-13T11:31:38.301;536844300125992717;-199;-452;581
2021-11-13T11:31:38.321;536844300145730704;-229;-480;606
2021-11-13T11:31:38.341;536844300165468691;-250;-490;614
2021-11-13T11:31:38.361;536844300185206678;-259;-523;630
2021-11-13T11:31:38.380;536844300204944665;-253;-572;682
2021-11-13T11:31:38.400;536844300224682652;-254;-594;721
2021-11-13T11:31:38.420;536844300244420639;-259;-624;746
2021-11-13T11:31:38.440;536844300264158626;-277;-654;770
2021-11-13T11:31:38.459;536844300283896613;-319;-662;774
2021-11-13T11:31:38.479;536844300303634600;-297;-688;785
2021-11-13T11:31:38.499;536844300323372587;-256;-704;768
2021-11-13T11:31:38.518;536844300343110574;-260;-696;761
2021-11-13T11:31:38.538;536844300362848561;-254;-663;752
2021-11-13T11:31:38.558;536844300382586548;-257;-634;749
2021-11-13T11:31:38.578;536844300402324535;-243;-628;754
2021-11-13T11:31:38.597;536844300422062522;-254;-616;750
2021-11-13T11:31:38.617;536844300441800509;-257;-620;753
2021-11-13T11:31:38.637;536844300461538496;-282;-625;753
2021-11-13T11:31:38.657;536844300481276483;-262;-643;749
2021-11-13T11:31:38.676;536844300501014470;-250;-648;754
2021-11-13T11:31:38.696;536844300520752457;-256;-639;770
2021-11-13T11:31:38.716;536844300540490444;-262;-636;781
2021-11-13T11:31:38.736;536844300560222613;-265;-625;779
2021-11-13T11:31:38.755;536844300579954774;-255;-617;774
2021-11-13T11:31:38.775;536844300599686935;-256;-631;764
2021-11-13T11:31:38.795;536844300619419096;-257;-648;756
2021-11-13T11:31:38.815;536844300639151257;-251;-642;757
2021-11-13T11:31:38.834;536844300658883418;-255;-623;765
2021-11-13T11:31:38.854;536844300678615579;-258;-622;770
2021-11-13T11:31:38.874;536844300698347740;-261;-631;768
2021-11-13T11:31:38.893;536844300718079901;-258;-645;765
2021-11-13T11:31:38.913;536844300737812062;-259;-635;760
2021-11-13T11:31:38.933;536844300757544223;-258;-635;761
2021-11-13T11:31:38.953;536844300777276384;-259;-633;764
2021-11-13T11:31:38.972;536844300797008545;-253;-638;761
2021-11-13T11:31:38.992;536844300816740706;-256;-631;765
2021-11-13T11:31:39.012;536844300836472867;-254;-631;767
2021-11-13T11:31:39.032;536844300856205028;-257;-628;761
2021-11-13T11:31:39.051;536844300875937189;-254;-631;758
2021-11-13T11:31:39.071;536844300895669350;-252;-632;755
2021-11-13T11:31:39.091;536844300915401511;-256;-626;739
2021-11-13T11:31:39.110;536844300935133672;-244;-612;705
2021-11-13T11:31:39.130;536844300954865833;-249;-578;687
2021-11-13T11:31:39.150;536844300974597994;-258;-573;680
2021-11-13T11:31:39.170;536844300994330155;-243;-563;669
2021-11-13T11:31:39.189;536844301014062316;-216;-556;682
2021-11-13T11:31:39.209;536844301033794477;-189;-513;689
2021-11-13T11:31:39.229;536844301053526638;-201;-518;671
2021-11-13T11:31:39.249;536844301073258799;-209;-557;682
2021-11-13T11:31:39.268;536844301092990960;-225;-573;697
2021-11-13T11:31:39.288;536844301112723121;-221;-531;678
2021-11-13T11:31:39.308;536844301132455282;-143;-495;655
2021-11-13T11:31:39.328;536844301152187443;-136;-458;665
2021-11-13T11:31:39.347;536844301171919604;-175;-483;706
2021-11-13T11:31:39.367;536844301191651765;-204;-510;708
2021-11-13T11:31:39.387;536844301211383926;-189;-496;679
2021-11-13T11:31:39.406;536844301231116087;-150;-476;678
2021-11-13T11:31:39.426;536844301250848248;-173;-513;714
2021-11-13T11:31:39.446;536844301270583330;-191;-564;745
2021-11-13T11:31:39.466;536844301290318404;-208;-563;759
2021-11-13T11:31:39.485;536844301310053478;-213;-518;767
2021-11-13T11:31:39.505;536844301329788552;-194;-504;761
2021-11-13T11:31:39.525;536844301349523626;-183;-509;749
2021-11-13T11:31:39.545;536844301369258700;-163;-512;733
2021-11-13T11:31:39.564;536844301388993774;-183;-515;738
2021-11-13T11:31:39.584;536844301408728848;-225;-494;757
2021-11-13T11:31:39.604;536844301428463922;-226;-506;767
2021-11-13T11:31:39.624;536844301448198996;-230;-566;776
2021-11-13T11:31:39.643;536844301467934070;-209;-623;781
2021-11-13T11:31:39.663;536844301487669144;-198;-598;794
2021-11-13T11:31:39.683;536844301507404218;-196;-552;812
2021-11-13T11:31:39.702;536844301527139292;-203;-532;818
2021-11-13T11:31:39.722;536844301546874366;-223;-548;819
2021-11-13T11:31:39.742;536844301566609440;-199;-554;831
2021-11-13T11:31:39.762;536844301586344514;-164;-555;850
2021-11-13T11:31:39.781;536844301606079588;-213;-553;872
2021-11-13T11:31:39.801;536844301625814662;-238;-553;879
2021-11-13T11:31:39.821;536844301645549736;-209;-613;885
2021-11-13T11:31:39.841;536844301665284810;-173;-633;884
2021-11-13T11:31:39.860;536844301685019884;-195;-593;899
2021-11-13T11:31:39.880;536844301704754958;-209;-537;885
2021-11-13T11:31:39.900;536844301724490032;-209;-521;883
2021-11-13T11:31:39.920;536844301744225106;-220;-549;911
2021-11-13T11:31:39.939;536844301763960180;-226;-550;946
2021-11-13T11:31:39.959;536844301783695254;-199;-574;962
2021-11-13T11:31:39.979;536844301803430328;-193;-573;966
2021-11-13T11:31:39.999;536844301823165402;-204;-559;971
2021-11-13T11:31:40.018;536844301842900476;-194;-542;966
2021-11-13T11:31:40.038;536844301862635550;-175;-518;976
2021-11-13T11:31:40.058;536844301882370624;-159;-518;988
2021-11-13T11:31:40.077;536844301902105698;-161;-515;998
2021-11-13T11:31:40.097;536844301921840772;-142;-525;995
2021-11-13T11:31:40.117;536844301941575846;-174;-549;989
2021-11-13T11:31:40.137;536844301961310920;-173;-573;999
2021-11-13T11:31:40.156;536844301981047472;-152;-544;1026
2021-11-13T11:31:40.176;536844302000784002;-150;-552;1031
2021-11-13T11:31:40.196;536844302020520532;-187;-559;1005
2021-11-13T11:31:40.216;536844302040257062;-143;-557;1007
2021-11-13T11:31:40.235;536844302059993592;-146;-542;1021
2021-11-13T11:31:40.255;536844302079730122;-168;-533;1020
2021-11-13T11:31:40.275;536844302099466652;-180;-521;998
2021-11-13T11:31:40.295;536844302119203182;-141;-550;980
2021-11-13T11:31:40.314;536844302138939712;-130;-573;967
2021-11-13T11:31:40.334;536844302158676242;-157;-594;974
2021-11-13T11:31:40.354;536844302178412772;-194;-616;972
2021-11-13T11:31:40.374;536844302198149302;-148;-580;978
2021-11-13T11:31:40.393;536844302217885832;-147;-570;1013
2021-11-13T11:31:40.413;536844302237622362;-181;-611;1029
2021-11-13T11:31:40.433;536844302257358892;-162;-626;1051
2021-11-13T11:31:40.452;536844302277095422;-187;-626;1076
2021-11-13T11:31:40.472;536844302296831952;-205;-620;1094
2021-11-13T11:31:40.492;536844302316568482;-196;-639;1105
2021-11-13T11:31:40.512;536844302336305012;-201;-674;1132
2021-11-13T11:31:40.531;536844302356041542;-182;-670;1147
2021-11-13T11:31:40.551;536844302375778072;-149;-641;1137
2021-11-13T11:31:40.571;536844302395514602;-173;-622;1113
2021-11-13T11:31:40.591;536844302415251132;-166;-639;1107
2021-11-13T11:31:40.610;536844302434987662;-127;-642;1145
2021-11-13T11:31:40.630;536844302454724192;-153;-590;1169
2021-11-13T11:31:40.650;536844302474460722;-173;-570;1117
2021-11-13T11:31:40.670;536844302494197252;-135;-567;1073
2021-11-13T11:31:40.689;536844302513933782;-137;-610;1060
2021-11-13T11:31:40.709;536844302533670312;-129;-598;1055
2021-11-13T11:31:40.729;536844302553406842;-124;-549;1042
2021-11-13T11:31:40.749;536844302573143372;-141;-553;1039
2021-11-13T11:31:40.768;536844302592879902;-152;-530;1048
2021-11-13T11:31:40.788;536844302612616432;-177;-530;1035
2021-11-13T11:31:40.808;536844302632352962;-153;-529;1007
2021-11-13T11:31:40.827;536844302652089492;-142;-535;985
2021-11-13T11:31:40.847;536844302671826022;-160;-546;976
2021-11-13T11:31:40.867;536844302691572780;-214;-574;961
2021-11-13T11:31:40.887;536844302711319504;-193;-594;948
2021-11-13T11:31:40.906;536844302731066228;-164;-565;944
2021-11-13T11:31:40.926;536844302750812952;-155;-525;927
2021-11-13T11:31:40.946;536844302770559676;-179;-523;916
2021-11-13T11:31:40.966;536844302790306400;-204;-534;925
2021-11-13T11:31:40.985;536844302810053124;-219;-527;878
2021-11-13T11:31:41.005;536844302829799848;-198;-518;822
2021-11-13T11:31:41.025;536844302849546572;-170;-500;787
2021-11-13T11:31:41.045;536844302869293296;-175;-507;774
2021-11-13T11:31:41.064;536844302889040020;-219;-501;767
2021-11-13T11:31:41.084;536844302908786744;-210;-503;739
2021-11-13T11:31:41.104;536844302928533468;-196;-508;721
2021-11-13T11:31:41.124;536844302948280192;-191;-489;684
2021-11-13T11:31:41.143;536844302968026916;-212;-472;630
2021-11-13T11:31:41.163;536844302987773640;-210;-489;622
2021-11-13T11:31:41.183;536844303007520364;-213;-508;642
2021-11-13T11:31:41.203;536844303027267088;-214;-508;644
2021-11-13T11:31:41.222;536844303047013812;-220;-479;622
2021-11-13T11:31:41.242;536844303066760536;-214;-498;607
2021-11-13T11:31:41.262;536844303086507260;-238;-517;621
2021-11-13T11:31:41.282;536844303106253984;-250;-546;638
2021-11-13T11:31:41.301;536844303126000708;-240;-555;641
2021-11-13T11:31:41.321;536844303145747432;-218;-526;636
2021-11-13T11:31:41.341;536844303165494156;-225;-508;628
2021-11-13T11:31:41.361;536844303185240880;-257;-504;636
2021-11-13T11:31:41.380;536844303204987604;-262;-508;628
2021-11-13T11:31:41.400;536844303224734328;-238;-527;606
2021-11-13T11:31:41.420;536844303244481052;-217;-523;588
2021-11-13T11:31:41.440;536844303264227776;-218;-496;565
2021-11-13T11:31:41.459;536844303283974500;-235;-480;563
2021-11-13T11:31:41.479;536844303303721224;-252;-487;578
2021-11-13T11:31:41.499;536844303323467948;-259;-515;600
2021-11-13T11:31:41.519;536844303343214672;-289;-566;635
2021-11-13T11:31:41.538;536844303362961396;-312;-623;677
2021-11-13T11:31:41.558;536844303382708120;-303;-695;740
2021-11-13T11:31:41.578;536844303402450507;-325;-759;777
2021-11-13T11:31:41.598;536844303422192862;-307;-750;803
2021-11-13T11:31:41.617;536844303441935217;-272;-700;792
2021-11-13T11:31:41.637;536844303461677572;-305;-646;770
2021-11-13T11:31:41.657;536844303481419927;-308;-625;734
2021-11-13T11:31:41.677;536844303501162282;-320;-619;700
2021-11-13T11:31:41.696;536844303520904637;-296;-620;695
2021-11-13T11:31:41.716;536844303540646992;-282;-634;695
2021-11-13T11:31:41.736;536844303560389347;-321;-681;719
2021-11-13T11:31:41.755;536844303580131702;-310;-710;747
2021-11-13T11:31:41.775;536844303599874057;-311;-712;775
2021-11-13T11:31:41.795;536844303619616412;-286;-700;771
2021-11-13T11:31:41.815;536844303639358767;-294;-661;761
2021-11-13T11:31:41.834;536844303659101122;-305;-641;752
2021-11-13T11:31:41.854;536844303678843477;-296;-631;749
2021-11-13T11:31:41.874;536844303698585832;-276;-629;755
2021-11-13T11:31:41.894;536844303718328187;-279;-608;756
2021-11-13T11:31:41.913;536844303738070542;-286;-622;756
2021-11-13T11:31:41.933;536844303757812897;-309;-637;755
2021-11-13T11:31:41.953;536844303777555252;-284;-658;767
2021-11-13T11:31:41.973;536844303797297607;-266;-652;776
2021-11-13T11:31:41.992;536844303817039962;-289;-638;779
2021-11-13T11:31:42.012;536844303836782317;-300;-631;771
2021-11-13T11:31:42.032;536844303856524672;-302;-627;760
2021-11-13T11:31:42.052;536844303876267027;-297;-629;752
2021-11-13T11:31:42.071;536844303896009382;-279;-631;751
2021-11-13T11:31:42.091;536844303915751737;-266;-633;753
2021-11-13T11:31:42.111;536844303935494092;-257;-635;763
2021-11-13T11:31:42.131;536844303955236447;-263;-632;765
2021-11-13T11:31:42.150;536844303974978802;-260;-632;758
2021-11-13T11:31:42.170;536844303994721157;-266;-634;754
2021-11-13T11:31:42.190;536844304014463512;-269;-634;746
2021-11-13T11:31:42.210;536844304034205867;-265;-632;736
2021-11-13T11:31:42.229;536844304053948222;-259;-627;730
2021-11-13T11:31:42.249;536844304073690577;-259;-628;730
2021-11-13T11:31:42.269;536844304093432932;-260;-632;721
2021-11-13T11:31:42.289;536844304113176754;-269;-625;703
2021-11-13T11:31:42.308;536844304132920566;-255;-619;668
2021-11-13T11:31:42.328;536844304152664378;-236;-616;652
2021-11-13T11:31:42.348;536844304172408190;-234;-594;655
2021-11-13T11:31:42.368;536844304192152002;-230;-561;675
2021-11-13T11:31:42.387;536844304211895814;-239;-547;666
2021-11-13T11:31:42.407;536844304231639626;-216;-511;638
2021-11-13T11:31:42.427;536844304251383438;-202;-487;617
2021-11-13T11:31:42.446;536844304271127250;-213;-496;640
2021-11-13T11:31:42.466;536844304290871062;-230;-517;680
2021-11-13T11:31:42.486;536844304310614874;-248;-530;681
2021-11-13T11:31:42.506;536844304330358686;-246;-549;680
2021-11-13T11:31:42.525;536844304350102498;-228;-556;666
2021-11-13T11:31:42.545;536844304369846310;-196;-532;665
2021-11-13T11:31:42.565;536844304389590122;-211;-518;654
2021-11-13T11:31:42.585;536844304409333934;-225;-517;659
2021-11-13T11:31:42.604;536844304429077746;-206;-533;697
2021-11-13T11:31:42.624;536844304448821558;-218;-537;735
2021-11-13T11:31:42.644;536844304468565370;-237;-523;771
2021-11-13T11:31:42.664;536844304488309182;-271;-547;784
2021-11-13T11:31:42.683;536844304508052994;-260;-554;761
2021-11-13T11:31:42.703;536844304527796806;-196;-547;724
2021-11-13T11:31:42.723;536844304547540618;-143;-526;717
2021-11-13T11:31:42.743;536844304567284430;-207;-498;750
2021-11-13T11:31:42.762;536844304587028242;-267;-494;781
2021-11-13T11:31:42.782;536844304606772054;-292;-468;768
2021-11-13T11:31:42.802;536844304626515866;-209;-478;760
2021-11-13T11:31:42.822;536844304646259678;-161;-549;751
2021-11-13T11:31:42.841;536844304666003490;-225;-554;775
2021-11-13T11:31:42.861;536844304685747302;-256;-551;803
2021-11-13T11:31:42.881;536844304705491114;-298;-562;833
2021-11-13T11:31:42.901;536844304725234926;-268;-578;853
2021-11-13T11:31:42.920;536844304744978738;-184;-570;834
2021-11-13T11:31:42.940;536844304764722550;-171;-574;834
2021-11-13T11:31:42.960;536844304784466362;-216;-588;859
2021-11-13T11:31:42.980;536844304804210174;-229;-537;870
2021-11-13T11:31:42.999;536844304823953994;-222;-526;873
2021-11-13T11:31:43.019;536844304843697806;-230;-583;879
2021-11-13T11:31:43.039;536844304863441618;-230;-644;889
2021-11-13T11:31:43.059;536844304883185430;-252;-633;890
2021-11-13T11:31:43.078;536844304902929242;-247;-589;888
2021-11-13T11:31:43.098;536844304922673054;-250;-555;901
2021-11-13T11:31:43.118;536844304942416866;-246;-586;917
2021-11-13T11:31:43.138;536844304962160678;-235;-621;946
2021-11-13T11:31:43.157;536844304981904490;-240;-591;954
2021-11-13T11:31:43.177;536844305001648302;-237;-572;945
2021-11-13T11:31:43.197;536844305021392114;-249;-553;938
2021-11-13T11:31:43.216;536844305041135926;-227;-594;922
2021-11-13T11:31:43.236;536844305060879738;-230;-631;933
2021-11-13T11:31:43.256;536844305080623550;-215;-635;967
2021-11-13T11:31:43.276;536844305100367362;-208;-636;971
2021-11-13T11:31:43.295;536844305120111174;-205;-628;969
2021-11-13T11:31:43.315;536844305139854986;-222;-616;960
2021-11-13T11:31:43.335;536844305159598798;-224;-607;936
2021-11-13T11:31:43.355;536844305179342610;-195;-625;949
2021-11-13T11:31:43.374;536844305199086422;-205;-663;976
2021-11-13T11:31:43.394;536844305218830234;-218;-620;968
2021-11-13T11:31:43.414;536844305238574046;-216;-583;929
2021-11-13T11:31:43.434;536844305258317858;-213;-581;898
2021-11-13T11:31:43.453;536844305278061670;-231;-586;910
2021-11-13T11:31:43.473;536844305297805482;-207;-661;919
2021-11-13T11:31:43.493;536844305317549294;-162;-631;926
2021-11-13T11:31:43.513;536844305337293106;-225;-617;929
2021-11-13T11:31:43.532;536844305357036918;-245;-612;939
2021-11-13T11:31:43.552;536844305376780730;-229;-615;956
2021-11-13T11:31:43.572;536844305396524542;-198;-617;966
2021-11-13T11:31:43.592;536844305416268354;-218;-617;968
2021-11-13T11:31:43.611;536844305436012166;-225;-630;975
2021-11-13T11:31:43.631;536844305455755978;-209;-625;985
2021-11-13T11:31:43.651;536844305475499790;-226;-624;987
2021-11-13T11:31:43.671;536844305495243602;-227;-647;986
2021-11-13T11:31:43.690;536844305514987414;-236;-663;986
2021-11-13T11:31:43.710;536844305534722496;-216;-672;1000
2021-11-13T11:31:43.730;536844305554457570;-205;-648;1008
2021-11-13T11:31:43.750;536844305574192644;-222;-636;1039
2021-11-13T11:31:43.769;536844305593927718;-248;-635;1068
2021-11-13T11:31:43.789;536844305613662792;-248;-675;1091
2021-11-13T11:31:43.809;536844305633397866;-226;-698;1109
2021-11-13T11:31:43.828;536844305653132940;-233;-696;1120
2021-11-13T11:31:43.848;536844305672868014;-252;-653;1123
2021-11-13T11:31:43.868;536844305692603088;-254;-659;1114
2021-11-13T11:31:43.888;536844305712338162;-229;-687;1096
2021-11-13T11:31:43.907;536844305732073236;-210;-683;1075
2021-11-13T11:31:43.927;536844305751808310;-219;-633;1055
2021-11-13T11:31:43.947;536844305771543384;-240;-604;1023
2021-11-13T11:31:43.967;536844305791278458;-225;-620;999
2021-11-13T11:31:43.986;536844305811013532;-216;-636;996
2021-11-13T11:31:44.006;536844305830748606;-236;-623;992
2021-11-13T11:31:44.026;536844305850483680;-237;-622;976
2021-11-13T11:31:44.046;536844305870218754;-225;-598;974
2021-11-13T11:31:44.065;536844305889953828;-242;-605;960
2021-11-13T11:31:44.085;536844305909688902;-253;-608;948
2021-11-13T11:31:44.105;536844305929423976;-250;-595;927
2021-11-13T11:31:44.125;536844305949159050;-226;-601;893
2021-11-13T11:31:44.144;536844305968894124;-222;-591;874
2021-11-13T11:31:44.164;536844305988629198;-246;-568;859
2021-11-13T11:31:44.184;536844306008364272;-243;-591;823
2021-11-13T11:31:44.203;536844306028099346;-224;-579;820
2021-11-13T11:31:44.223;536844306047834420;-220;-543;812
2021-11-13T11:31:44.243;536844306067569494;-230;-508;788
2021-11-13T11:31:44.263;536844306087304568;-232;-508;768
2021-11-13T11:31:44.282;536844306107039642;-240;-515;755
2021-11-13T11:31:44.302;536844306126774716;-234;-514;739
2021-11-13T11:31:44.322;536844306146509790;-230;-507;718
2021-11-13T11:31:44.342;536844306166244864;-207;-499;693
2021-11-13T11:31:44.361;536844306185979938;-214;-499;679
2021-11-13T11:31:44.381;536844306205715012;-207;-502;680
2021-11-13T11:31:44.401;536844306225450086;-218;-507;698
2021-11-13T11:31:44.421;536844306245183725;-229;-498;694
2021-11-13T11:31:44.440;536844306264917342;-223;-506;690
2021-11-13T11:31:44.460;536844306284650959;-210;-523;657
2021-11-13T11:31:44.480;536844306304384576;-196;-533;648
2021-11-13T11:31:44.499;536844306324118193;-223;-543;653
2021-11-13T11:31:44.519;536844306343851810;-233;-545;668
2021-11-13T11:31:44.539;536844306363585427;-250;-524;701
2021-11-13T11:31:44.559;536844306383319044;-261;-522;689
2021-11-13T11:31:44.578;536844306403052661;-250;-525;660
2021-11-13T11:31:44.598;536844306422786278;-221;-547;617
2021-11-13T11:31:44.618;536844306442519895;-209;-526;623
2021-11-13T11:31:44.638;536844306462253512;-191;-505;614
2021-11-13T11:31:44.657;536844306481987129;-207;-461;597
2021-11-13T11:31:44.677;536844306501720746;-215;-435;586
2021-11-13T11:31:44.697;536844306521454363;-229;-445;565
2021-11-13T11:31:44.717;536844306541187980;-218;-488;550
2021-11-13T11:31:44.736;536844306560921597;-209;-513;562
2021-11-13T11:31:44.756;536844306580655214;-219;-528;594
2021-11-13T11:31:44.776;536844306600388831;-205;-564;642
2021-11-13T11:31:44.795;536844306620122448;-239;-594;731
2021-11-13T11:31:44.815;536844306639856065;-287;-669;800
2021-11-13T11:31:44.835;536844306659589682;-345;-737;854
2021-11-13T11:31:44.855;536844306679323299;-329;-749;859
2021-11-13T11:31:44.874;536844306699056916;-266;-743;847
2021-11-13T11:31:44.894;536844306718790533;-245;-721;823
2021-11-13T11:31:44.914;536844306738524150;-278;-656;782
2021-11-13T11:31:44.934;536844306758257767;-292;-576;761
2021-11-13T11:31:44.953;536844306777991384;-271;-518;742
2021-11-13T11:31:44.973;536844306797725001;-256;-508;742
2021-11-13T11:31:44.993;536844306817458618;-278;-543;737
2021-11-13T11:31:45.013;536844306837192235;-272;-606;740
2021-11-13T11:31:45.032;536844306856925852;-277;-646;770
2021-11-13T11:31:45.052;536844306876659469;-311;-688;792
2021-11-13T11:31:45.072;536844306896393086;-298;-686;799
2021-11-13T11:31:45.091;536844306916126703;-272;-659;798
2021-11-13T11:31:45.111;536844306935860320;-267;-634;795
2021-11-13T11:31:45.131;536844306955595402;-270;-620;775
2021-11-13T11:31:45.151;536844306975330476;-261;-589;761
2021-11-13T11:31:45.170;536844306995065550;-271;-570;753
2021-11-13T11:31:45.190;536844307014800624;-274;-579;756
2021-11-13T11:31:45.210;536844307034535698;-274;-616;763
2021-11-13T11:31:45.230;536844307054270772;-280;-642;771
2021-11-13T11:31:45.249;536844307074005846;-259;-648;782
2021-11-13T11:31:45.269;536844307093740920;-280;-642;781
2021-11-13T11:31:45.289;536844307113475994;-273;-641;777
2021-11-13T11:31:45.309;536844307133211068;-259;-634;772
2021-11-13T11:31:45.328;536844307152946142;-257;-628;764
2021-11-13T11:31:45.348;536844307172681216;-259;-625;762
2021-11-13T11:31:45.368;536844307192416290;-264;-625;760
2021-11-13T11:31:45.388;536844307212151364;-263;-629;754
2021-11-13T11:31:45.407;536844307231886438;-265;-636;755
2021-11-13T11:31:45.427;536844307251621512;-279;-645;763
2021-11-13T11:31:45.447;536844307271356586;-265;-655;774
2021-11-13T11:31:45.466;536844307291091660;-263;-637;773
2021-11-13T11:31:45.486;536844307310826734;-266;-628;760
2021-11-13T11:31:45.506;536844307330561808;-274;-620;750
2021-11-13T11:31:45.526;536844307350296882;-274;-618;749
2021-11-13T11:31:45.545;536844307370031956;-261;-617;733
2021-11-13T11:31:45.565;536844307389767030;-256;-601;715
2021-11-13T11:31:45.585;536844307409502104;-271;-589;698
2021-11-13T11:31:45.605;536844307429237178;-290;-608;699
2021-11-13T11:31:45.624;536844307448972252;-294;-611;695
2021-11-13T11:31:45.644;536844307468707326;-255;-603;662
2021-11-13T11:31:45.664;536844307488442400;-206;-574;657
2021-11-13T11:31:45.684;536844307508177474;-198;-524;642
2021-11-13T11:31:45.703;536844307527912548;-179;-490;608
2021-11-13T11:31:45.723;536844307547647622;-190;-429;613
2021-11-13T11:31:45.743;536844307567382696;-210;-403;623
2021-11-13T11:31:45.762;536844307587117770;-232;-454;628
2021-11-13T11:31:45.782;536844307606852844;-162;-485;617
2021-11-13T11:31:45.802;536844307626587918;-101;-478;599
2021-11-13T11:31:45.822;536844307646322992;-128;-461;608
2021-11-13T11:31:45.841;536844307666058072;-155;-468;649
2021-11-13T11:31:45.861;536844307685793146;-220;-485;727
2021-11-13T11:31:45.881;536844307705528220;-241;-539;763
2021-11-13T11:31:45.901;536844307725263294;-212;-596;770
2021-11-13T11:31:45.920;536844307744998368;-139;-586;761
2021-11-13T11:31:45.940;536844307764733442;-173;-582;776
2021-11-13T11:31:45.960;536844307784468516;-265;-568;774
2021-11-13T11:31:45.980;536844307804203590;-277;-558;765
2021-11-13T11:31:45.999;536844307823938664;-208;-536;740
2021-11-13T11:31:46.019;536844307843673738;-180;-511;737
2021-11-13T11:31:46.039;536844307863408812;-171;-544;747
2021-11-13T11:31:46.059;536844307883143886;-198;-595;769
2021-11-13T11:31:46.078;536844307902878960;-226;-631;785
2021-11-13T11:31:46.098;536844307922614034;-269;-588;828
2021-11-13T11:31:46.118;536844307942349108;-238;-546;857
2021-11-13T11:31:46.137;536844307962084182;-195;-504;862
2021-11-13T11:31:46.157;536844307981819256;-192;-522;861
2021-11-13T11:31:46.177;536844308001554330;-242;-547;847
2021-11-13T11:31:46.197;536844308021289404;-239;-556;844
2021-11-13T11:31:46.216;536844308041024478;-227;-583;862
2021-11-13T11:31:46.236;536844308060759552;-199;-611;892
2021-11-13T11:31:46.256;536844308080494626;-191;-613;876
2021-11-13T11:31:46.276;536844308100229700;-194;-583;858
2021-11-13T11:31:46.295;536844308119964774;-209;-552;843
2021-11-13T11:31:46.315;536844308139699848;-177;-526;848
2021-11-13T11:31:46.335;536844308159434922;-204;-557;891
2021-11-13T11:31:46.355;536844308179169996;-218;-583;904
2021-11-13T11:31:46.374;536844308198905070;-207;-620;924
2021-11-13T11:31:46.394;536844308218640144;-194;-639;937
2021-11-13T11:31:46.414;536844308238375218;-227;-642;947
2021-11-13T11:31:46.433;536844308258110292;-225;-623;961
2021-11-13T11:31:46.453;536844308277845366;-243;-565;974
2021-11-13T11:31:46.473;536844308297580440;-220;-538;977
2021-11-13T11:31:46.493;536844308317315514;-211;-542;972
2021-11-13T11:31:46.512;536844308337050588;-212;-555;962
2021-11-13T11:31:46.532;536844308356785662;-230;-590;945
2021-11-13T11:31:46.552;536844308376517839;-256;-611;939
2021-11-13T11:31:46.572;536844308396250000;-255;-631;957
2021-11-13T11:31:46.591;536844308415982161;-221;-636;957
2021-11-13T11:31:46.611;536844308435714322;-182;-598;959
2021-11-13T11:31:46.631;536844308455446483;-194;-591;955
2021-11-13T11:31:46.651;536844308475178644;-219;-570;954
2021-11-13T11:31:46.670;536844308494910805;-238;-557;963
2021-11-13T11:31:46.690;536844308514642966;-239;-609;975
2021-11-13T11:31:46.710;536844308534375127;-221;-618;977
2021-11-13T11:31:46.729;536844308554107288;-219;-622;978
2021-11-13T11:31:46.749;536844308573839449;-230;-624;989
2021-11-13T11:31:46.769;536844308593571610;-248;-628;1015
2021-11-13T11:31:46.789;536844308613303771;-244;-628;1028
2021-11-13T11:31:46.808;536844308633035932;-231;-625;1021
2021-11-13T11:31:46.828;536844308652768093;-206;-595;1023
2021-11-13T11:31:46.848;536844308672500254;-205;-558;1015
2021-11-13T11:31:46.868;536844308692232415;-249;-559;1002
2021-11-13T11:31:46.887;536844308711964576;-277;-595;994
2021-11-13T11:31:46.907;536844308731696737;-256;-631;1000
2021-11-13T11:31:46.927;536844308751428898;-234;-632;1042
2021-11-13T11:31:46.947;536844308771161059;-256;-618;1064
2021-11-13T11:31:46.966;536844308790893220;-262;-633;1090
2021-11-13T11:31:46.986;536844308810625381;-254;-665;1121
2021-11-13T11:31:47.006;536844308830357542;-250;-641;1147
2021-11-13T11:31:47.025;536844308850089703;-250;-607;1144
2021-11-13T11:31:47.045;536844308869821864;-249;-572;1094
2021-11-13T11:31:47.065;536844308889554025;-215;-573;1057
2021-11-13T11:31:47.085;536844308909286186;-210;-592;1030
2021-11-13T11:31:47.104;536844308929018347;-231;-599;1016
2021-11-13T11:31:47.124;536844308948750508;-231;-615;989
2021-11-13T11:31:47.144;536844308968482669;-221;-624;984
2021-11-13T11:31:47.164;536844308988214830;-234;-610;997
2021-11-13T11:31:47.183;536844309007946991;-226;-588;1015
2021-11-13T11:31:47.203;536844309027679152;-224;-584;998
2021-11-13T11:31:47.223;536844309047411313;-226;-591;1003
2021-11-13T11:31:47.243;536844309067143474;-221;-587;995
2021-11-13T11:31:47.262;536844309086881490;-201;-572;978
2021-11-13T11:31:47.282;536844309106619476;-234;-570;948
2021-11-13T11:31:47.302;536844309126357462;-244;-574;920
2021-11-13T11:31:47.321;536844309146095448;-231;-563;904
2021-11-13T11:31:47.341;536844309165833434;-222;-556;875
2021-11-13T11:31:47.361;536844309185571420;-205;-569;870
2021-11-13T11:31:47.381;536844309205309406;-215;-584;865
2021-11-13T11:31:47.400;536844309225047392;-200;-519;862
2021-11-13T11:31:47.420;536844309244785378;-225;-514;852
2021-11-13T11:31:47.440;536844309264523364;-243;-573;850
2021-11-13T11:31:47.460;536844309284261350;-240;-615;855
2021-11-13T11:31:47.479;536844309303999336;-241;-593;815
2021-11-13T11:31:47.499;536844309323737322;-227;-544;771
2021-11-13T11:31:47.519;536844309343475308;-219;-517;745
2021-11-13T11:31:47.539;536844309363213294;-249;-518;729
2021-11-13T11:31:47.558;536844309382951280;-254;-546;711
2021-11-13T11:31:47.578;536844309402689266;-256;-558;720
2021-11-13T11:31:47.598;536844309422427252;-236;-534;734
2021-11-13T11:31:47.618;536844309442165238;-241;-511;728
2021-11-13T11:31:47.637;536844309461903224;-247;-509;708
2021-11-13T11:31:47.657;536844309481641210;-246;-526;669
2021-11-13T11:31:47.677;536844309501379196;-231;-532;645
2021-11-13T11:31:47.696;536844309521117182;-236;-518;639
2021-11-13T11:31:47.716;536844309540855168;-257;-523;643
2021-11-13T11:31:47.736;536844309560593154;-280;-560;666
2021-11-13T11:31:47.756;536844309580331140;-240;-572;667
2021-11-13T11:31:47.775;536844309600069126;-214;-539;655
2021-11-13T11:31:47.795;536844309619807112;-207;-517;618
2021-11-13T11:31:47.815;536844309639545098;-246;-508;590
2021-11-13T11:31:47.835;536844309659283084;-256;-513;575
2021-11-13T11:31:47.854;536844309679021070;-225;-524;580
2021-11-13T11:31:47.874;536844309698759056;-196;-512;580
2021-11-13T11:31:47.894;536844309718497042;-188;-507;574
2021-11-13T11:31:47.914;536844309738235028;-195;-516;560
2021-11-13T11:31:47.933;536844309757973014;-251;-507;555
2021-11-13T11:31:47.953;536844309777711000;-255;-513;567
2021-11-13T11:31:47.973;536844309797438800;-259;-526;591
2021-11-13T11:31:47.993;536844309817166592;-256;-551;653
2021-11-13T11:31:48.012;536844309836894384;-247;-597;721
2021-11-13T11:31:48.032;536844309856622176;-271;-606;771
2021-11-13T11:31:48.052;536844309876349968;-301;-663;797
2021-11-13T11:31:48.071;536844309896077760;-311;-708;802
2021-11-13T11:31:48.091;536844309915805552;-266;-710;786
2021-11-13T11:31:48.111;536844309935533344;-281;-683;767
2021-11-13T11:31:48.131;536844309955261136;-298;-636;744
2021-11-13T11:31:48.150;536844309974988928;-312;-617;735
2021-11-13T11:31:48.170;536844309994716720;-301;-609;735
2021-11-13T11:31:48.190;536844310014444512;-288;-633;738
2021-11-13T11:31:48.210;536844310034172304;-270;-648;760
2021-11-13T11:31:48.229;536844310053900096;-279;-654;770
2021-11-13T11:31:48.249;536844310073627888;-270;-633;778
2021-11-13T11:31:48.269;536844310093355680;-257;-634;781
2021-11-13T11:31:48.288;536844310113083472;-254;-636;771
2021-11-13T11:31:48.308;536844310132811264;-259;-633;772
2021-11-13T11:31:48.328;536844310152539056;-268;-623;765
2021-11-13T11:31:48.348;536844310172266848;-270;-617;760
2021-11-13T11:31:48.367;536844310191994640;-270;-623;760
2021-11-13T11:31:48.387;536844310211722432;-259;-634;764
2021-11-13T11:31:48.407;536844310231450224;-265;-646;774
2021-11-13T11:31:48.427;536844310251178016;-289;-644;777
2021-11-13T11:31:48.446;536844310270905808;-290;-632;772
2021-11-13T11:31:48.466;536844310290633600;-275;-628;765
2021-11-13T11:31:48.486;536844310310361392;-263;-630;766
2021-11-13T11:31:48.505;536844310330089184;-280;-633;771
2021-11-13T11:31:48.525;536844310349816976;-288;-622;774
2021-11-13T11:31:48.545;536844310369544768;-277;-616;775
2021-11-13T11:31:48.565;536844310389272560;-288;-625;769
2021-11-13T11:31:48.584;536844310409000352;-271;-636;764
2021-11-13T11:31:48.604;536844310428728144;-292;-637;760
2021-11-13T11:31:48.624;536844310448455936;-288;-628;750
2021-11-13T11:31:48.644;536844310468183728;-259;-621;737
2021-11-13T11:31:48.663;536844310487911520;-273;-623;720
2021-11-13T11:31:48.683;536844310507645169;-307;-608;705
2021-11-13T11:31:48.703;536844310527378786;-305;-608;696
2021-11-13T11:31:48.722;536844310547112403;-258;-587;694
2021-11-13T11:31:48.742;536844310566846020;-254;-577;694
2021-11-13T11:31:48.762;536844310586579637;-259;-553;685
2021-11-13T11:31:48.782;536844310606313254;-252;-555;684
2021-11-13T11:31:48.801;536844310626046871;-253;-552;673
2021-11-13T11:31:48.821;536844310645780488;-255;-518;665
2021-11-13T11:31:48.841;536844310665514105;-236;-495;641
2021-11-13T11:31:48.861;536844310685247722;-185;-488;633
2021-11-13T11:31:48.880;536844310704981339;-173;-486;652
2021-11-13T11:31:48.900;536844310724714956;-196;-498;665
2021-11-13T11:31:48.920;536844310744448573;-210;-495;681
2021-11-13T11:31:48.940;536844310764182190;-201;-453;657
2021-11-13T11:31:48.959;536844310783915807;-150;-407;635
2021-11-13T11:31:48.979;536844310803649424;-154;-419;663
2021-11-13T11:31:48.999;536844310823383041;-165;-458;688
2021-11-13T11:31:49.018;536844310843116658;-186;-471;705
2021-11-13T11:31:49.038;536844310862850275;-205;-479;738
2021-11-13T11:31:49.058;536844310882583892;-240;-500;777
2021-11-13T11:31:49.078;536844310902317509;-250;-532;795
2021-11-13T11:31:49.097;536844310922051126;-212;-559;770
2021-11-13T11:31:49.117;536844310941784743;-165;-516;747
2021-11-13T11:31:49.137;536844310961518360;-213;-478;741
2021-11-13T11:31:49.157;536844310981251977;-275;-453;762
2021-11-13T11:31:49.176;536844311000985594;-345;-524;797
2021-11-13T11:31:49.196;536844311020719211;-282;-616;817
2021-11-13T11:31:49.216;536844311040452828;-197;-662;836
2021-11-13T11:31:49.236;536844311060186445;-149;-625;842
2021-11-13T11:31:49.255;536844311079920062;-186;-515;847
2021-11-13T11:31:49.275;536844311099653679;-260;-470;821
2021-11-13T11:31:49.295;536844311119387296;-324;-493;861
2021-11-13T11:31:49.314;536844311139120913;-300;-548;892
2021-11-13T11:31:49.334;536844311158854530;-237;-587;906
2021-11-13T11:31:49.354;536844311178588147;-230;-587;882
2021-11-13T11:31:49.374;536844311198321764;-247;-550;871
2021-11-13T11:31:49.393;536844311218051032;-260;-545;875
2021-11-13T11:31:49.413;536844311237780280;-251;-541;918
2021-11-13T11:31:49.433;536844311257509528;-235;-576;953
2021-11-13T11:31:49.453;536844311277238776;-211;-580;979
2021-11-13T11:31:49.472;536844311296968024;-232;-544;973
2021-11-13T11:31:49.492;536844311316697272;-206;-529;957
2021-11-13T11:31:49.512;536844311336426520;-204;-521;956
2021-11-13T11:31:49.532;536844311356155768;-234;-555;969
2021-11-13T11:31:49.551;536844311375885016;-231;-593;973
2021-11-13T11:31:49.571;536844311395614264;-199;-610;990
2021-11-13T11:31:49.591;536844311415343512;-188;-586;987
2021-11-13T11:31:49.610;536844311435072760;-183;-584;984
2021-11-13T11:31:49.630;536844311454802008;-214;-559;987
2021-11-13T11:31:49.650;536844311474531256;-213;-545;986
2021-11-13T11:31:49.670;536844311494260504;-198;-529;970
2021-11-13T11:31:49.689;536844311513989752;-197;-518;968
2021-11-13T11:31:49.709;536844311533719000;-198;-533;971
2021-11-13T11:31:49.729;536844311553448248;-202;-597;981
2021-11-13T11:31:49.749;536844311573177496;-217;-592;987
2021-11-13T11:31:49.768;536844311592906744;-231;-594;986
2021-11-13T11:31:49.788;536844311612635992;-213;-594;989
2021-11-13T11:31:49.808;536844311632365240;-225;-583;1015
2021-11-13T11:31:49.827;536844311652094488;-211;-597;1030
2021-11-13T11:31:49.847;536844311671823736;-201;-575;1036
2021-11-13T11:31:49.867;536844311691552984;-222;-600;1035
2021-11-13T11:31:49.887;536844311711282232;-252;-623;1032
2021-11-13T11:31:49.906;536844311731011480;-223;-631;1029
2021-11-13T11:31:49.926;536844311750740728;-219;-628;1038
2021-11-13T11:31:49.946;536844311770469976;-207;-634;1040
2021-11-13T11:31:49.966;536844311790199224;-232;-623;1053
2021-11-13T11:31:49.985;536844311809928472;-239;-619;1045
2021-11-13T11:31:50.005;536844311829657720;-226;-629;1040
2021-11-13T11:31:50.025;536844311849386968;-199;-640;1063
2021-11-13T11:31:50.044;536844311869116216;-227;-649;1091
2021-11-13T11:31:50.064;536844311888845464;-234;-627;1098
2021-11-13T11:31:50.084;536844311908574712;-249;-593;1092
