Phone timestamp;sensor timestamp [ns];X [mg];Y [mg];Z [mg]
2021-12-04T11:17:48.490;536588510990098546;58;629;709
2021-12-04T11:17:48.509;536588511009785560;54;633;709
2021-12-04T11:17:48.529;536588511029472574;41;643;701
2021-12-04T11:17:48.549;536588511049159588;51;643;709
2021-12-04T11:17:48.568;536588511068846602;49;631;718
2021-12-04T11:17:48.588;536588511088533616;56;621;724
2021-12-04T11:17:48.608;536588511108220630;56;623;727
2021-12-04T11:17:48.627;536588511127907644;49;620;727
2021-12-04T11:17:48.647;536588511147594658;48;623;729
2021-12-04T11:17:48.667;536588511167281672;55;622;730
2021-12-04T11:17:48.686;536588511186968686;48;624;727
2021-12-04T11:17:48.706;536588511206655700;59;626;725
2021-12-04T11:17:48.726;536588511226342714;58;630;720
2021-12-04T11:17:48.745;536588511246029728;55;630;714
2021-12-04T11:17:48.765;536588511265716742;58;639;712
2021-12-04T11:17:48.785;536588511285403756;60;633;707
2021-12-04T11:17:48.804;536588511305090770;60;623;703
2021-12-04T11:17:48.824;536588511324777784;58;630;704
2021-12-04T11:17:48.844;536588511344464798;64;636;715
2021-12-04T11:17:48.864;536588511364151812;68;635;720
2021-12-04T11:17:48.883;536588511383838826;61;645;727
2021-12-04T11:17:48.903;536588511403525840;64;668;730
2021-12-04T11:17:48.923;536588511423212854;57;672;725
2021-12-04T11:17:48.942;536588511442899868;60;655;712
2021-12-04T11:17:48.962;536588511462586882;69;640;710
2021-12-04T11:17:48.982;536588511482273896;77;644;711
2021-12-04T11:17:49.001;536588511501960910;68;647;717
2021-12-04T11:17:49.021;536588511521647924;73;645;722
2021-12-04T11:17:49.041;536588511541334938;81;642;723
2021-12-04T11:17:49.060;536588511561021952;69;635;726
2021-12-04T11:17:49.080;536588511580708966;71;653;725
2021-12-04T11:17:49.100;536588511600395980;75;654;720
2021-12-04T11:17:49.119;536588511620082994;73;637;727
2021-12-04T11:17:49.139;536588511639770008;65;627;729
2021-12-04T11:17:49.159;536588511659457022;73;629;726
2021-12-04T11:17:49.179;536588511679144036;60;626;728
2021-12-04T11:17:49.198;536588511698831066;61;622;737
2021-12-04T11:17:49.218;536588511718518080;64;622;745
2021-12-04T11:17:49.238;536588511738205094;58;628;747
2021-12-04T11:17:49.257;536588511757892108;54;631;740
2021-12-04T11:17:49.277;536588511777579122;59;624;734
2021-12-04T11:17:49.297;536588511797266136;60;617;727
2021-12-04T11:17:49.316;536588511816953150;51;613;717
2021-12-04T11:17:49.336;536588511836640164;38;616;715
2021-12-04T11:17:49.356;536588511856327178;48;621;725
2021-12-04T11:17:49.375;536588511876014192;47;616;727
2021-12-04T11:17:49.395;536588511895701206;52;613;729
2021-12-04T11:17:49.415;536588511915388220;53;613;731
2021-12-04T11:17:49.434;536588511935075234;52;621;734
2021-12-04T11:17:49.454;536588511954762248;43;634;729
2021-12-04T11:17:49.474;536588511974449262;39;630;720
2021-12-04T11:17:49.494;536588511994136276;40;625;707
2021-12-04T11:17:49.513;536588512013823290;49;623;702
2021-12-04T11:17:49.533;536588512033510304;45;627;706
2021-12-04T11:17:49.553;536588512053197318;51;623;720
2021-12-04T11:17:49.572;536588512072884332;41;629;735
2021-12-04T11:17:49.592;536588512092571346;32;623;734
2021-12-04T11:17:49.612;536588512112258360;38;620;724
2021-12-04T11:17:49.631;536588512131945374;44;619;719
2021-12-04T11:17:49.651;536588512151632388;52;625;726
2021-12-04T11:17:49.671;536588512171319402;49;623;728
2021-12-04T11:17:49.690;536588512191006416;52;613;725
2021-12-04T11:17:49.710;536588512210693430;49;614;723
2021-12-04T11:17:49.730;536588512230380444;57;619;727
2021-12-04T11:17:49.749;536588512250067458;57;628;730
2021-12-04T11:17:49.769;536588512269754472;53;637;737
2021-12-04T11:17:49.789;536588512289441486;52;618;738
2021-12-04T11:17:49.809;536588512309128500;51;617;739
2021-12-04T11:17:49.828;536588512328815514;58;625;736
2021-12-04T11:17:49.848;536588512348502528;49;625;729
2021-12-04T11:17:49.868;536588512368189542;56;623;726
2021-12-04T11:17:49.887;536588512387876556;57;619;727
2021-12-04T11:17:49.907;536588512407563582;55;619;727
2021-12-04T11:17:49.927;536588512427250596;57;623;730
2021-12-04T11:17:49.946;536588512446937610;48;624;735
2021-12-04T11:17:49.966;536588512466624624;56;627;737
2021-12-04T11:17:49.986;536588512486311638;47;620;734
2021-12-04T11:17:50.005;536588512505998652;40;624;734
2021-12-04T11:17:50.025;536588512525685666;53;632;735
2021-12-04T11:17:50.045;536588512545372680;54;632;736
2021-12-04T11:17:50.064;536588512565059694;49;618;738
2021-12-04T11:17:50.084;536588512584746708;51;616;736
2021-12-04T11:17:50.104;536588512604433722;47;621;737
2021-12-04T11:17:50.124;536588512624120736;47;622;732
2021-12-04T11:17:50.143;536588512643807750;51;618;729
2021-12-04T11:17:50.163;536588512663494764;46;619;733
2021-12-04T11:17:50.183;536588512683181778;49;621;732
2021-12-04T11:17:50.202;536588512702868792;50;622;732
2021-12-04T11:17:50.222;536588512722555806;43;623;738
2021-12-04T11:17:50.242;536588512742242820;46;620;742
2021-12-04T11:17:50.261;536588512761929834;47;615;742
2021-12-04T11:17:50.281;536588512781616848;50;613;738
2021-12-04T11:17:50.301;536588512801303862;40;619;731
2021-12-04T11:17:50.320;536588512820990876;52;619;730
2021-12-04T11:17:50.340;536588512840677890;35;616;724
2021-12-04T11:17:50.360;536588512860364904;42;616;726
2021-12-04T11:17:50.379;536588512880051918;33;616;731
2021-12-04T11:17:50.399;536588512899738932;36;616;738
2021-12-04T11:17:50.419;536588512919425946;35;618;743
2021-12-04T11:17:50.439;536588512939112960;29;615;739
2021-12-04T11:17:50.458;536588512958799974;34;613;732
2021-12-04T11:17:50.478;536588512978486988;30;619;733
2021-12-04T11:17:50.498;536588512998174002;43;625;734
2021-12-04T11:17:50.517;536588513017861016;37;623;731
2021-12-04T11:17:50.537;536588513037548030;32;624;729
2021-12-04T11:17:50.557;536588513057235044;41;620;725
2021-12-04T11:17:50.576;536588513076922058;44;622;722
2021-12-04T11:17:50.596;536588513096609072;42;623;722
2021-12-04T11:17:50.616;536588513116296102;51;620;724
2021-12-04T11:17:50.635;536588513135983116;33;624;716
2021-12-04T11:17:50.655;536588513155670130;47;621;703
2021-12-04T11:17:50.675;536588513175357144;49;609;673
2021-12-04T11:17:50.694;536588513195044158;34;575;625
2021-12-04T11:17:50.714;536588513214731172;38;544;580
2021-12-04T11:17:50.734;536588513234418186;43;488;518
2021-12-04T11:17:50.754;536588513254105200;53;444;483
2021-12-04T11:17:50.773;536588513273792214;49;446;496
2021-12-04T11:17:50.793;536588513293479228;53;477;547
2021-12-04T11:17:50.813;536588513313166242;30;468;589
2021-12-04T11:17:50.832;536588513332853256;-10;464;579
2021-12-04T11:17:50.852;536588513352540270;-44;478;560
2021-12-04T11:17:50.872;536588513372227284;1;491;547
2021-12-04T11:17:50.891;536588513391914298;41;489;554
2021-12-04T11:17:50.911;536588513411601312;59;507;570
2021-12-04T11:17:50.931;536588513431288326;63;545;582
2021-12-04T11:17:50.950;536588513450975340;75;589;579
2021-12-04T11:17:50.970;536588513470662354;36;556;548
2021-12-04T11:17:50.990;536588513490349368;28;541;536
2021-12-04T11:17:51.009;536588513510036382;72;533;574
2021-12-04T11:17:51.029;536588513529723396;83;548;610
2021-12-04T11:17:51.049;536588513549410410;64;563;631
2021-12-04T11:17:51.068;536588513569097424;24;591;647
2021-12-04T11:17:51.088;536588513588784438;14;603;642
2021-12-04T11:17:51.108;536588513608471452;20;615;639
2021-12-04T11:17:51.128;536588513628158466;62;668;679
2021-12-04T11:17:51.147;536588513647845480;59;646;694
2021-12-04T11:17:51.167;536588513667532494;35;621;705
2021-12-04T11:17:51.187;536588513687219508;25;636;740
2021-12-04T11:17:51.206;536588513706906522;22;659;756
2021-12-04T11:17:51.226;536588513726593536;16;639;751
2021-12-04T11:17:51.246;536588513746280550;21;628;737
2021-12-04T11:17:51.265;536588513765967564;48;658;743
2021-12-04T11:17:51.285;536588513785654578;41;691;753
2021-12-04T11:17:51.305;536588513805341592;28;721;748
2021-12-04T11:17:51.324;536588513825028622;-1;698;758
2021-12-04T11:17:51.344;536588513844715636;14;667;784
2021-12-04T11:17:51.364;536588513864402650;40;634;796
2021-12-04T11:17:51.383;536588513884089664;54;623;790
2021-12-04T11:17:51.403;536588513903776678;35;661;773
2021-12-04T11:17:51.423;536588513923463692;63;656;778
2021-12-04T11:17:51.443;536588513943150706;58;671;796
2021-12-04T11:17:51.462;536588513962837720;41;690;835
2021-12-04T11:17:51.482;536588513982524734;15;692;866
2021-12-04T11:17:51.502;536588514002211748;-14;704;857
2021-12-04T11:17:51.521;536588514021898762;-48;690;835
2021-12-04T11:17:51.541;536588514041585776;-50;681;852
2021-12-04T11:17:51.561;536588514061272790;6;697;865
2021-12-04T11:17:51.580;536588514080959804;49;658;845
2021-12-04T11:17:51.600;536588514100646818;17;647;807
2021-12-04T11:17:51.620;536588514120333832;-16;651;778
2021-12-04T11:17:51.639;536588514140020846;-21;666;799
2021-12-04T11:17:51.659;536588514159707860;-3;687;844
2021-12-04T11:17:51.679;536588514179394874;15;693;848
2021-12-04T11:17:51.698;536588514199081888;16;659;808
2021-12-04T11:17:51.718;536588514218768902;-30;656;812
2021-12-04T11:17:51.738;536588514238455916;-5;662;877
2021-12-04T11:17:51.758;536588514258142930;8;693;924
2021-12-04T11:17:51.777;536588514277829944;-15;721;943
2021-12-04T11:17:51.797;536588514297516958;2;729;943
2021-12-04T11:17:51.817;536588514317203972;4;731;961
2021-12-04T11:17:51.836;536588514336890986;7;742;981
2021-12-04T11:17:51.856;536588514356578000;-7;780;991
2021-12-04T11:17:51.876;536588514376265014;-31;773;994
2021-12-04T11:17:51.895;536588514395952028;-36;786;995
2021-12-04T11:17:51.915;536588514415639042;-10;787;1006
2021-12-04T11:17:51.935;536588514435326056;-7;800;998
2021-12-04T11:17:51.954;536588514455013070;-1;810;979
2021-12-04T11:17:51.974;536588514474700084;3;812;972
2021-12-04T11:17:51.994;536588514494387098;-4;781;962
2021-12-04T11:17:52.013;536588514514074112;0;750;950
