Phone timestamp;sensor timestamp [ns];X [mg];Y [mg];Z [mg]
2021-11-13T11:34:33.941;536844578495442692;167;835;-499
2021-11-13T11:34:33.960;536844578515153008;187;858;-484
2021-11-13T11:34:33.980;536844578534863324;330;835;-488
2021-11-13T11:34:34.000;536844578554573640;271;848;-465
2021-11-13T11:34:34.019;536844578574283956;233;865;-467
2021-11-13T11:34:34.039;536844578593994272;212;857;-471
2021-11-13T11:34:34.059;536844578613704588;254;863;-466
2021-11-13T11:34:34.078;536844578633414904;225;868;-452
2021-11-13T11:34:34.098;536844578653125220;273;876;-428
2021-11-13T11:34:34.118;536844578672835536;195;878;-436
2021-11-13T11:34:34.138;536844578692545852;125;870;-459
2021-11-13T11:34:34.157;536844578712256168;144;854;-513
2021-11-13T11:34:34.177;536844578731966484;137;863;-484
2021-11-13T11:34:34.197;536844578751676800;177;886;-425
2021-11-13T11:34:34.216;536844578771387116;166;879;-439
2021-11-13T11:34:34.236;536844578791097432;57;861;-443
2021-11-13T11:34:34.256;536844578810807748;138;885;-437
2021-11-13T11:34:34.276;536844578830518064;187;891;-419
2021-11-13T11:34:34.295;536844578850228380;125;887;-416
2021-11-13T11:34:34.315;536844578869938696;147;894;-425
2021-11-13T11:34:34.335;536844578889649012;147;909;-412
2021-11-13T11:34:34.354;536844578909359328;-52;885;-397
2021-11-13T11:34:34.374;536844578929069644;-114;858;-455
2021-11-13T11:34:34.394;536844578948779960;-16;898;-391
2021-11-13T11:34:34.414;536844578968490276;-116;892;-375
2021-11-13T11:34:34.433;536844578988200592;-182;868;-364
2021-11-13T11:34:34.453;536844579007910908;-78;938;-321
2021-11-13T11:34:34.473;536844579027621224;-117;948;-306
2021-11-13T11:34:34.492;536844579047331540;-168;929;-293
2021-11-13T11:34:34.512;536844579067041856;-245;919;-356
2021-11-13T11:34:34.532;536844579086752172;-254;895;-385
2021-11-13T11:34:34.552;536844579106462488;-190;895;-389
2021-11-13T11:34:34.571;536844579126172804;-72;916;-383
2021-11-13T11:34:34.591;536844579145883120;-2;933;-345
2021-11-13T11:34:34.611;536844579165593436;20;927;-372
2021-11-13T11:34:34.630;536844579185303752;-15;926;-388
2021-11-13T11:34:34.650;536844579205014076;-46;914;-387
2021-11-13T11:34:34.670;536844579224724392;-37;931;-364
2021-11-13T11:34:34.689;536844579244434708;-35;942;-353
2021-11-13T11:34:34.709;536844579264145024;-75;928;-359
2021-11-13T11:34:34.729;536844579283855340;-115;910;-379
2021-11-13T11:34:34.749;536844579303565656;-116;900;-389
2021-11-13T11:34:34.768;536844579323275972;-180;930;-397
2021-11-13T11:34:34.788;536844579342986288;-43;908;-341
2021-11-13T11:34:34.808;536844579362696604;-129;912;-362
2021-11-13T11:34:34.827;536844579382406920;-121;913;-367
2021-11-13T11:34:34.847;536844579402117236;-113;914;-357
2021-11-13T11:34:34.867;536844579421827552;-120;918;-359
2021-11-13T11:34:34.887;536844579441537868;-116;930;-336
2021-11-13T11:34:34.906;536844579461248184;-118;941;-309
2021-11-13T11:34:34.926;536844579480958500;-98;942;-316
2021-11-13T11:34:34.946;536844579500668816;-96;915;-364
2021-11-13T11:34:34.965;536844579520379132;-72;927;-352
2021-11-13T11:34:34.985;536844579540089448;-125;868;-373
2021-11-13T11:34:35.005;536844579559799764;-61;871;-384
2021-11-13T11:34:35.025;536844579579510080;164;824;-435
2021-11-13T11:34:35.044;536844579599220396;459;953;-377
2021-11-13T11:34:35.064;536844579618930712;118;949;-443
2021-11-13T11:34:35.084;536844579638641028;83;883;-403
2021-11-13T11:34:35.103;536844579658351344;153;894;-370
2021-11-13T11:34:35.123;536844579678061660;73;858;-498
2021-11-13T11:34:35.143;536844579697771976;183;877;-490
2021-11-13T11:34:35.163;536844579717482292;-19;778;-537
2021-11-13T11:34:35.182;536844579737192608;154;929;-464
2021-11-13T11:34:35.202;536844579756902924;134;817;-434
2021-11-13T11:34:35.222;536844579776613240;43;840;-529
2021-11-13T11:34:35.241;536844579796323556;449;863;-509
2021-11-13T11:34:35.261;536844579816033872;211;881;-424
2021-11-13T11:34:35.281;536844579835744188;305;892;-455
2021-11-13T11:34:35.301;536844579855454504;171;837;-422
2021-11-13T11:34:35.320;536844579875164820;-48;846;-495
2021-11-13T11:34:35.340;536844579894875136;210;788;-563
2021-11-13T11:34:35.360;536844579914569432;191;831;-515
2021-11-13T11:34:35.379;536844579934263728;264;832;-588
2021-11-13T11:34:35.399;536844579953958024;146;799;-551
2021-11-13T11:34:35.419;536844579973652320;94;815;-580
2021-11-13T11:34:35.438;536844579993346616;168;783;-586
2021-11-13T11:34:35.458;536844580013040912;232;830;-501
2021-11-13T11:34:35.478;536844580032735208;400;846;-500
2021-11-13T11:34:35.497;536844580052429504;349;777;-502
2021-11-13T11:34:35.517;536844580072123800;159;804;-522
2021-11-13T11:34:35.537;536844580091818096;172;846;-455
2021-11-13T11:34:35.557;536844580111512392;254;824;-497
2021-11-13T11:34:35.576;536844580131206688;311;821;-504
2021-11-13T11:34:35.596;536844580150900984;312;774;-571
2021-11-13T11:34:35.616;536844580170595280;208;790;-531
2021-11-13T11:34:35.635;536844580190289576;222;833;-507
2021-11-13T11:34:35.655;536844580209983872;289;794;-506
2021-11-13T11:34:35.675;536844580229678168;279;767;-561
2021-11-13T11:34:35.694;536844580249372464;271;771;-566
2021-11-13T11:34:35.714;536844580269066760;276;776;-564
2021-11-13T11:34:35.734;536844580288761056;346;775;-554
2021-11-13T11:34:35.754;536844580308455352;355;778;-512
2021-11-13T11:34:35.773;536844580328149648;302;767;-568
2021-11-13T11:34:35.793;536844580347843944;227;757;-615
2021-11-13T11:34:35.813;536844580367538240;268;778;-568
2021-11-13T11:34:35.832;536844580387232536;335;756;-566
2021-11-13T11:34:35.852;536844580406926832;313;759;-563
2021-11-13T11:34:35.872;536844580426621128;299;772;-557
2021-11-13T11:34:35.891;536844580446315424;231;778;-546
2021-11-13T11:34:35.911;536844580466009720;249;775;-553
2021-11-13T11:34:35.931;536844580485704016;296;749;-550
2021-11-13T11:34:35.950;536844580505398312;405;767;-556
2021-11-13T11:34:35.970;536844580525092608;340;773;-530
2021-11-13T11:34:35.990;536844580544786904;315;763;-559
2021-11-13T11:34:36.010;536844580564481200;275;757;-548
2021-11-13T11:34:36.029;536844580584175496;308;766;-539
2021-11-13T11:34:36.049;536844580603869792;324;774;-537
2021-11-13T11:34:36.069;536844580623572842;298;783;-522
2021-11-13T11:34:36.088;536844580643275876;301;781;-530
2021-11-13T11:34:36.108;536844580662978910;311;772;-516
2021-11-13T11:34:36.128;536844580682681944;302;794;-494
2021-11-13T11:34:36.147;536844580702384978;309;780;-505
2021-11-13T11:34:36.167;536844580722088012;365;800;-507
2021-11-13T11:34:36.187;536844580741791046;303;788;-522
2021-11-13T11:34:36.207;536844580761494080;332;784;-512
2021-11-13T11:34:36.226;536844580781197114;306;781;-506
2021-11-13T11:34:36.246;536844580800900148;328;788;-527
2021-11-13T11:34:36.266;536844580820603182;364;781;-505
2021-11-13T11:34:36.285;536844580840306216;355;805;-494
2021-11-13T11:34:36.305;536844580860009250;370;800;-484
2021-11-13T11:34:36.325;536844580879712284;361;794;-493
2021-11-13T11:34:36.344;536844580899415318;309;799;-498
2021-11-13T11:34:36.364;536844580919118352;299;794;-498
2021-11-13T11:34:36.384;536844580938821386;261;802;-508
2021-11-13T11:34:36.404;536844580958524420;289;793;-523
2021-11-13T11:34:36.423;536844580978227454;341;804;-497
2021-11-13T11:34:36.443;536844580997930488;338;802;-480
2021-11-13T11:34:36.463;536844581017633522;350;825;-466
2021-11-13T11:34:36.482;536844581037336556;248;811;-481
2021-11-13T11:34:36.502;536844581057039590;273;839;-476
2021-11-13T11:34:36.522;536844581076742624;286;825;-477
2021-11-13T11:34:36.542;536844581096445658;295;808;-485
2021-11-13T11:34:36.561;536844581116148692;289;805;-508
2021-11-13T11:34:36.581;536844581135851726;301;814;-508
2021-11-13T11:34:36.601;536844581155554760;307;817;-485
2021-11-13T11:34:36.620;536844581175257794;280;827;-481
2021-11-13T11:34:36.640;536844581194960828;227;860;-441
2021-11-13T11:34:36.660;536844581214663862;259;860;-466
2021-11-13T11:34:36.679;536844581234366896;252;844;-469
2021-11-13T11:34:36.699;536844581254069930;266;863;-429
2021-11-13T11:34:36.719;536844581273772964;363;844;-483
2021-11-13T11:34:36.739;536844581293475998;282;842;-435
2021-11-13T11:34:36.758;536844581313179032;183;885;-423
2021-11-13T11:34:36.778;536844581332880637;120;880;-439
2021-11-13T11:34:36.798;536844581352582214;102;877;-455
2021-11-13T11:34:36.817;536844581372283791;179;870;-490
2021-11-13T11:34:36.837;536844581391985368;244;833;-502
2021-11-13T11:34:36.857;536844581411686945;276;878;-438
2021-11-13T11:34:36.876;536844581431388522;203;901;-376
2021-11-13T11:34:36.896;536844581451090099;131;934;-283
2021-11-13T11:34:36.916;536844581470791676;33;921;-291
2021-11-13T11:34:36.936;536844581490493253;121;887;-406
2021-11-13T11:34:36.955;536844581510194830;178;879;-472
2021-11-13T11:34:36.975;536844581529896407;104;889;-428
2021-11-13T11:34:36.995;536844581549597984;141;898;-430
2021-11-13T11:34:37.014;536844581569299561;54;922;-336
2021-11-13T11:34:37.034;536844581589001138;186;947;-275
2021-11-13T11:34:37.054;536844581608702715;76;907;-349
2021-11-13T11:34:37.073;536844581628404292;36;922;-323
2021-11-13T11:34:37.093;536844581648105869;-98;898;-391
2021-11-13T11:34:37.113;536844581667807446;-149;911;-337
2021-11-13T11:34:37.133;536844581687509023;-235;892;-292
2021-11-13T11:34:37.152;536844581707210600;-127;905;-272
2021-11-13T11:34:37.172;536844581726912177;-106;927;-357
2021-11-13T11:34:37.192;536844581746613754;-97;934;-350
2021-11-13T11:34:37.211;536844581766315331;-182;931;-286
2021-11-13T11:34:37.231;536844581786016908;-227;942;-243
2021-11-13T11:34:37.251;536844581805718485;-210;952;-248
2021-11-13T11:34:37.270;536844581825420062;-196;947;-290
2021-11-13T11:34:37.290;536844581845121639;-177;921;-343
2021-11-13T11:34:37.310;536844581864823216;-169;925;-339
2021-11-13T11:34:37.330;536844581884524793;-121;933;-311
2021-11-13T11:34:37.349;536844581904226370;-134;933;-309
2021-11-13T11:34:37.369;536844581923927947;-117;928;-314
2021-11-13T11:34:37.389;536844581943629524;-68;939;-342
2021-11-13T11:34:37.408;536844581963331101;-87;899;-410
2021-11-13T11:34:37.428;536844581983032678;-78;941;-330
2021-11-13T11:34:37.448;536844582002734255;-60;959;-282
2021-11-13T11:34:37.467;536844582022435832;-96;952;-272
2021-11-13T11:34:37.487;536844582042130140;-70;951;-280
2021-11-13T11:34:37.507;536844582061824436;-49;961;-288
2021-11-13T11:34:37.527;536844582081518732;-86;941;-299
2021-11-13T11:34:37.546;536844582101213028;-115;929;-353
2021-11-13T11:34:37.566;536844582120907324;-175;897;-367
2021-11-13T11:34:37.586;536844582140601620;-137;922;-346
2021-11-13T11:34:37.605;536844582160295916;-148;949;-294
2021-11-13T11:34:37.625;536844582179990212;-159;938;-266
2021-11-13T11:34:37.645;536844582199684508;-132;924;-308
2021-11-13T11:34:37.664;536844582219378804;-52;931;-340
2021-11-13T11:34:37.684;536844582239073100;-89;903;-345
2021-11-13T11:34:37.704;536844582258767396;-11;948;-303
2021-11-13T11:34:37.724;536844582278461692;-149;940;-310
2021-11-13T11:34:37.743;536844582298155988;-306;836;-378
2021-11-13T11:34:37.763;536844582317850284;37;864;-474
2021-11-13T11:34:37.783;536844582337544580;290;940;-388
2021-11-13T11:34:37.802;536844582357238876;240;944;-398
2021-11-13T11:34:37.822;536844582376933172;135;949;-396
2021-11-13T11:34:37.842;536844582396627468;-85;909;-359
2021-11-13T11:34:37.861;536844582416321764;-277;867;-304
2021-11-13T11:34:37.881;536844582436016060;69;844;-430
2021-11-13T11:34:37.901;536844582455710356;339;895;-466
2021-11-13T11:34:37.920;536844582475404652;324;918;-489
2021-11-13T11:34:37.940;536844582495098948;122;878;-441
2021-11-13T11:34:37.960;536844582514793244;-73;853;-424
2021-11-13T11:34:37.980;536844582534487540;145;881;-428
2021-11-13T11:34:37.999;536844582554181836;227;889;-396
2021-11-13T11:34:38.019;536844582573876132;165;892;-482
2021-11-13T11:34:38.039;536844582593570428;198;861;-476
2021-11-13T11:34:38.058;536844582613264724;85;855;-494
2021-11-13T11:34:38.078;536844582632959020;227;869;-463
2021-11-13T11:34:38.098;536844582652653316;241;867;-452
2021-11-13T11:34:38.117;536844582672347612;226;873;-466
2021-11-13T11:34:38.137;536844582692041908;187;847;-486
2021-11-13T11:34:38.157;536844582711736204;121;840;-492
2021-11-13T11:34:38.176;536844582731430500;233;839;-498
2021-11-13T11:34:38.196;536844582751133546;286;850;-493
2021-11-13T11:34:38.216;536844582770836580;262;818;-531
2021-11-13T11:34:38.236;536844582790539614;216;817;-514
2021-11-13T11:34:38.255;536844582810242648;125;793;-533
2021-11-13T11:34:38.275;536844582829945682;229;828;-548
2021-11-13T11:34:38.295;536844582849648716;269;790;-542
2021-11-13T11:34:38.314;536844582869351750;293;800;-517
2021-11-13T11:34:38.334;536844582889054784;247;808;-481
2021-11-13T11:34:38.354;536844582908757818;216;824;-486
2021-11-13T11:34:38.374;536844582928460852;263;807;-518
2021-11-13T11:34:38.393;536844582948163886;281;804;-497
2021-11-13T11:34:38.413;536844582967866920;333;807;-510
2021-11-13T11:34:38.433;536844582987569954;307;786;-540
2021-11-13T11:34:38.452;536844583007272988;253;788;-530
2021-11-13T11:34:38.472;536844583026976022;250;830;-467
2021-11-13T11:34:38.492;536844583046679056;312;818;-488
2021-11-13T11:34:38.511;536844583066382090;359;795;-492
2021-11-13T11:34:38.531;536844583086085124;374;796;-492
2021-11-13T11:34:38.551;536844583105788158;313;789;-515
2021-11-13T11:34:38.571;536844583125491192;287;773;-539
2021-11-13T11:34:38.590;536844583145194226;278;784;-518
2021-11-13T11:34:38.610;536844583164897260;281;781;-514
2021-11-13T11:34:38.630;536844583184600294;298;795;-529
2021-11-13T11:34:38.649;536844583204303328;345;766;-540
2021-11-13T11:34:38.669;536844583224006362;338;763;-547
2021-11-13T11:34:38.689;536844583243709396;262;779;-541
2021-11-13T11:34:38.708;536844583263412430;305;770;-529
2021-11-13T11:34:38.728;536844583283115464;283;785;-527
2021-11-13T11:34:38.748;536844583302818498;324;781;-510
2021-11-13T11:34:38.768;536844583322521532;340;773;-534
2021-11-13T11:34:38.787;536844583342224566;359;763;-542
2021-11-13T11:34:38.807;536844583361927600;342;765;-542
2021-11-13T11:34:38.827;536844583381630634;283;789;-514
2021-11-13T11:34:38.846;536844583401333668;316;789;-503
2021-11-13T11:34:38.866;536844583421036702;328;794;-504
2021-11-13T11:34:38.886;536844583440739736;379;768;-525
2021-11-13T11:34:38.906;536844583460447151;367;776;-498
2021-11-13T11:34:38.925;536844583480154554;285;796;-506
2021-11-13T11:34:38.945;536844583499861957;329;784;-510
2021-11-13T11:34:38.965;536844583519569360;324;765;-515
2021-11-13T11:34:38.984;536844583539276763;309;786;-518
2021-11-13T11:34:39.004;536844583558984166;310;779;-511
2021-11-13T11:34:39.024;536844583578691569;304;779;-515
2021-11-13T11:34:39.043;536844583598398972;308;775;-538
2021-11-13T11:34:39.063;536844583618106375;300;765;-532
2021-11-13T11:34:39.083;536844583637813778;294;771;-542
2021-11-13T11:34:39.103;536844583657521181;302;766;-539
2021-11-13T11:34:39.122;536844583677228584;298;767;-542
2021-11-13T11:34:39.142;536844583696935987;302;771;-538
2021-11-13T11:34:39.162;536844583716643390;311;774;-527
2021-11-13T11:34:39.181;536844583736350793;309;778;-514
2021-11-13T11:34:39.201;536844583756058196;332;782;-522
2021-11-13T11:34:39.221;536844583775765599;347;775;-514
2021-11-13T11:34:39.241;536844583795473002;319;780;-525
2021-11-13T11:34:39.260;536844583815180405;342;786;-515
2021-11-13T11:34:39.280;536844583834887808;321;781;-500
2021-11-13T11:34:39.300;536844583854595211;292;783;-528
2021-11-13T11:34:39.319;536844583874302614;298;775;-540
2021-11-13T11:34:39.339;536844583894010017;297;788;-526
2021-11-13T11:34:39.359;536844583913717420;335;781;-512
2021-11-13T11:34:39.378;536844583933424823;319;795;-501
2021-11-13T11:34:39.398;536844583953132226;326;804;-493
2021-11-13T11:34:39.418;536844583972839629;377;784;-487
2021-11-13T11:34:39.438;536844583992547032;351;815;-470
2021-11-13T11:34:39.457;536844584012254435;290;811;-485
2021-11-13T11:34:39.477;536844584031961838;297;798;-509
2021-11-13T11:34:39.497;536844584051669241;254;795;-515
2021-11-13T11:34:39.516;536844584071376644;347;795;-491
2021-11-13T11:34:39.536;536844584091084047;292;806;-494
2021-11-13T11:34:39.556;536844584110791450;229;801;-519
2021-11-13T11:34:39.576;536844584130498853;230;801;-546
2021-11-13T11:34:39.595;536844584150206256;207;795;-545
2021-11-13T11:34:39.615;536844584169903496;261;785;-545
2021-11-13T11:34:39.635;536844584189600704;224;811;-532
2021-11-13T11:34:39.654;536844584209297912;243;815;-537
2021-11-13T11:34:39.674;536844584228995120;283;816;-508
2021-11-13T11:34:39.694;536844584248692328;268;820;-496
2021-11-13T11:34:39.713;536844584268389536;285;811;-490
2021-11-13T11:34:39.733;536844584288086744;288;855;-473
2021-11-13T11:34:39.753;536844584307783952;272;864;-475
2021-11-13T11:34:39.773;536844584327481160;180;866;-481
2021-11-13T11:34:39.792;536844584347178368;246;846;-476
2021-11-13T11:34:39.812;536844584366875576;242;866;-456
2021-11-13T11:34:39.832;536844584386572784;237;865;-456
2021-11-13T11:34:39.851;536844584406269992;157;869;-477
2021-11-13T11:34:39.871;536844584425967200;127;864;-489
2021-11-13T11:34:39.891;536844584445664408;173;845;-497
2021-11-13T11:34:39.910;536844584465361616;132;859;-485
2021-11-13T11:34:39.930;536844584485058824;164;885;-462
2021-11-13T11:34:39.950;536844584504756032;71;858;-475
2021-11-13T11:34:39.970;536844584524453240;97;888;-417
2021-11-13T11:34:39.989;536844584544150448;123;910;-390
2021-11-13T11:34:40.009;536844584563847656;123;907;-388
2021-11-13T11:34:40.029;536844584583544864;56;882;-386
2021-11-13T11:34:40.048;536844584603242072;50;895;-344
2021-11-13T11:34:40.068;536844584622939280;11;908;-330
2021-11-13T11:34:40.088;536844584642636488;30;905;-383
2021-11-13T11:34:40.107;536844584662333696;-65;905;-390
2021-11-13T11:34:40.127;536844584682030904;-43;916;-366
2021-11-13T11:34:40.147;536844584701728112;-40;902;-364
2021-11-13T11:34:40.166;536844584721425320;-138;883;-386
2021-11-13T11:34:40.186;536844584741122528;-104;927;-292
2021-11-13T11:34:40.206;536844584760819736;-86;980;-222
2021-11-13T11:34:40.226;536844584780516944;-429;910;-270
2021-11-13T11:34:40.245;536844584800214152;-476;821;-444
2021-11-13T11:34:40.265;536844584819911360;-342;839;-432
2021-11-13T11:34:40.285;536844584839608568;-134;954;-312
2021-11-13T11:34:40.304;536844584859305776;-14;975;-310
2021-11-13T11:34:40.324;536844584879004445;-85;937;-333
2021-11-13T11:34:40.344;536844584898703110;-30;918;-359
2021-11-13T11:34:40.363;536844584918401775;5;927;-391
2021-11-13T11:34:40.383;536844584938100440;-67;912;-394
2021-11-13T11:34:40.403;536844584957799105;-125;895;-355
2021-11-13T11:34:40.423;536844584977497770;-92;938;-298
2021-11-13T11:34:40.442;536844584997196435;-70;946;-283
2021-11-13T11:34:40.462;536844585016895100;26;960;-314
2021-11-13T11:34:40.482;536844585036593765;-10;939;-381
2021-11-13T11:34:40.501;536844585056292430;-63;918;-403
2021-11-13T11:34:40.521;536844585075991095;-113;911;-389
2021-11-13T11:34:40.541;536844585095689760;-168;898;-377
2021-11-13T11:34:40.560;536844585115388425;-128;924;-331
2021-11-13T11:34:40.580;536844585135087090;-111;930;-325
2021-11-13T11:34:40.600;536844585154785755;-85;932;-336
2021-11-13T11:34:40.620;536844585174484420;-94;926;-356
2021-11-13T11:34:40.639;536844585194183085;-109;913;-368
2021-11-13T11:34:40.659;536844585213881750;-101;923;-376
2021-11-13T11:34:40.679;536844585233580415;-94;916;-363
2021-11-13T11:34:40.698;536844585253279080;-45;937;-354
2021-11-13T11:34:40.718;536844585272977745;-25;947;-340
2021-11-13T11:34:40.738;536844585292676410;-42;938;-345
2021-11-13T11:34:40.757;536844585312375075;-74;928;-348
2021-11-13T11:34:40.777;536844585332073740;-80;926;-348
2021-11-13T11:34:40.797;536844585351772405;-70;931;-340
2021-11-13T11:34:40.817;536844585371471070;-93;925;-349
2021-11-13T11:34:40.836;536844585391169735;-129;913;-369
2021-11-13T11:34:40.856;536844585410868400;-130;912;-364
2021-11-13T11:34:40.876;536844585430567065;-91;919;-354
2021-11-13T11:34:40.895;536844585450265730;-68;939;-346
2021-11-13T11:34:40.915;536844585469964395;-98;940;-335
2021-11-13T11:34:40.935;536844585489663060;-126;945;-302
2021-11-13T11:34:40.954;536844585509361725;-198;932;-328
2021-11-13T11:34:40.974;536844585529060390;-119;914;-373
2021-11-13T11:34:40.994;536844585548759055;118;904;-318
2021-11-13T11:34:41.014;536844585568457720;220;957;-227
2021-11-13T11:34:41.033;536844585588149123;-12;924;-266
2021-11-13T11:34:41.053;536844585607840506;23;807;-487
2021-11-13T11:34:41.073;536844585627531889;237;982;-409
2021-11-13T11:34:41.092;536844585647223272;116;874;-291
2021-11-13T11:34:41.112;536844585666914655;-100;799;-517
2021-11-13T11:34:41.132;536844585686606038;-85;854;-485
2021-11-13T11:34:41.151;536844585706297421;268;906;-484
2021-11-13T11:34:41.171;536844585725988804;309;890;-512
2021-11-13T11:34:41.191;536844585745680187;203;858;-470
2021-11-13T11:34:41.210;536844585765371570;-128;759;-477
2021-11-13T11:34:41.230;536844585785062953;14;872;-462
2021-11-13T11:34:41.250;536844585804754336;439;864;-480
2021-11-13T11:34:41.270;536844585824445719;278;828;-546
2021-11-13T11:34:41.289;536844585844137102;190;807;-550
2021-11-13T11:34:41.309;536844585863828485;2;824;-572
2021-11-13T11:34:41.329;536844585883519868;164;778;-599
2021-11-13T11:34:41.348;536844585903211251;302;823;-516
2021-11-13T11:34:41.368;536844585922902634;298;843;-545
2021-11-13T11:34:41.388;536844585942594017;240;785;-535
2021-11-13T11:34:41.407;536844585962285400;166;777;-578
2021-11-13T11:34:41.427;536844585981976783;401;813;-536
2021-11-13T11:34:41.447;536844586001668166;279;799;-532
2021-11-13T11:34:41.466;536844586021359549;250;812;-527
2021-11-13T11:34:41.486;536844586041050932;133;806;-513
2021-11-13T11:34:41.506;536844586060742315;262;815;-518
2021-11-13T11:34:41.525;536844586080433698;305;789;-532
2021-11-13T11:34:41.545;536844586100125081;354;773;-529
2021-11-13T11:34:41.565;536844586119816464;233;787;-524
2021-11-13T11:34:41.585;536844586139507847;259;798;-546
2021-11-13T11:34:41.604;536844586159199230;249;772;-566
2021-11-13T11:34:41.624;536844586178890613;355;794;-527
2021-11-13T11:34:41.644;536844586198581996;318;771;-531
2021-11-13T11:34:41.663;536844586218273379;302;796;-533
2021-11-13T11:34:41.683;536844586237964762;273;784;-508
2021-11-13T11:34:41.703;536844586257656145;285;803;-531
2021-11-13T11:34:41.722;536844586277347528;299;762;-542
2021-11-13T11:34:41.742;536844586297052046;333;777;-529
2021-11-13T11:34:41.762;536844586316756536;318;785;-511
2021-11-13T11:34:41.782;536844586336461026;239;793;-526
2021-11-13T11:34:41.801;536844586356165516;244;791;-539
2021-11-13T11:34:41.821;536844586375870006;260;784;-537
2021-11-13T11:34:41.841;536844586395574496;319;768;-544
2021-11-13T11:34:41.860;536844586415278986;311;776;-506
2021-11-13T11:34:41.880;536844586434983476;270;803;-521
2021-11-13T11:34:41.900;536844586454687966;303;764;-563
2021-11-13T11:34:41.919;536844586474392456;259;771;-561
2021-11-13T11:34:41.939;536844586494096946;363;771;-544
2021-11-13T11:34:41.959;536844586513801436;319;764;-512
2021-11-13T11:34:41.979;536844586533505926;306;794;-511
2021-11-13T11:34:41.998;536844586553210416;279;790;-501
2021-11-13T11:34:42.018;536844586572914906;288;780;-534
2021-11-13T11:34:42.038;536844586592619396;332;762;-555
2021-11-13T11:34:42.057;536844586612323886;290;760;-550
2021-11-13T11:34:42.077;536844586632028376;290;772;-534
2021-11-13T11:34:42.097;536844586651732866;277;785;-512
2021-11-13T11:34:42.116;536844586671437356;317;790;-501
2021-11-13T11:34:42.136;536844586691141846;347;767;-529
2021-11-13T11:34:42.156;536844586710846336;374;753;-545
2021-11-13T11:34:42.176;536844586730550826;310;773;-541
2021-11-13T11:34:42.195;536844586750255316;289;788;-521
2021-11-13T11:34:42.215;536844586769959806;298;771;-507
2021-11-13T11:34:42.235;536844586789664296;318;780;-537
2021-11-13T11:34:42.254;536844586809368786;344;756;-560
2021-11-13T11:34:42.274;536844586829073276;341;761;-547
2021-11-13T11:34:42.294;536844586848777766;341;784;-515
2021-11-13T11:34:42.314;536844586868482256;365;761;-521
2021-11-13T11:34:42.333;536844586888186746;351;789;-502
2021-11-13T11:34:42.353;536844586907891236;338;779;-511
2021-11-13T11:34:42.373;536844586927595726;326;764;-535
2021-11-13T11:34:42.392;536844586947300216;292;783;-530
2021-11-13T11:34:42.412;536844586967004706;324;777;-522
2021-11-13T11:34:42.432;536844586986709196;331;776;-505
2021-11-13T11:34:42.451;536844587006403496;337;786;-506
2021-11-13T11:34:42.471;536844587026097792;357;797;-499
2021-11-13T11:34:42.491;536844587045792088;347;793;-492
2021-11-13T11:34:42.511;536844587065486384;377;782;-482
2021-11-13T11:34:42.530;536844587085180680;332;793;-488
2021-11-13T11:34:42.550;536844587104874976;369;791;-489
2021-11-13T11:34:42.570;536844587124569272;312;804;-487
2021-11-13T11:34:42.589;536844587144263568;312;793;-501
2021-11-13T11:34:42.609;536844587163957864;321;791;-506
2021-11-13T11:34:42.629;536844587183652160;333;782;-511
2021-11-13T11:34:42.648;536844587203346456;338;799;-508
2021-11-13T11:34:42.668;536844587223040752;310;784;-524
2021-11-13T11:34:42.688;536844587242735048;316;787;-519
2021-11-13T11:34:42.707;536844587262429344;292;795;-507
2021-11-13T11:34:42.727;536844587282123640;287;790;-514
2021-11-13T11:34:42.747;536844587301817936;283;806;-501
2021-11-13T11:34:42.767;536844587321512232;275;794;-518
2021-11-13T11:34:42.786;536844587341206528;265;791;-535
2021-11-13T11:34:42.806;536844587360900824;263;790;-549
2021-11-13T11:34:42.826;536844587380595120;237;806;-516
2021-11-13T11:34:42.845;536844587400289416;253;839;-496
2021-11-13T11:34:42.865;536844587419983712;263;808;-507
2021-11-13T11:34:42.885;536844587439678008;287;806;-510
2021-11-13T11:34:42.904;536844587459372304;278;821;-522
2021-11-13T11:34:42.924;536844587479066600;194;825;-514
2021-11-13T11:34:42.944;536844587498760896;181;834;-500
2021-11-13T11:34:42.964;536844587518455192;161;853;-477
2021-11-13T11:34:42.983;536844587538149488;178;870;-482
2021-11-13T11:34:43.003;536844587557843784;275;836;-502
2021-11-13T11:34:43.023;536844587577538080;252;852;-487
2021-11-13T11:34:43.042;536844587597232376;205;868;-483
2021-11-13T11:34:43.062;536844587616926672;128;864;-473
2021-11-13T11:34:43.082;536844587636620968;123;862;-452
2021-11-13T11:34:43.101;536844587656315264;108;872;-455
2021-11-13T11:34:43.121;536844587676009560;147;878;-447
2021-11-13T11:34:43.141;536844587695703856;134;879;-446
2021-11-13T11:34:43.160;536844587715405434;142;891;-447
2021-11-13T11:34:43.180;536844587735107012;95;889;-408
2021-11-13T11:34:43.200;536844587754808590;34;874;-409
2021-11-13T11:34:43.220;536844587774510168;74;890;-430
2021-11-13T11:34:43.239;536844587794211746;49;919;-386
2021-11-13T11:34:43.259;536844587813913324;-24;899;-394
2021-11-13T11:34:43.279;536844587833614902;-85;890;-377
2021-11-13T11:34:43.298;536844587853316480;-138;884;-347
2021-11-13T11:34:43.318;536844587873018058;-172;885;-334
2021-11-13T11:34:43.338;536844587892719636;-138;923;-335
2021-11-13T11:34:43.357;536844587912421214;-40;946;-357
2021-11-13T11:34:43.377;536844587932122792;-23;938;-371
2021-11-13T11:34:43.397;536844587951824370;-1;922;-374
2021-11-13T11:34:43.417;536844587971525948;-50;915;-381
2021-11-13T11:34:43.436;536844587991227526;-41;940;-351
2021-11-13T11:34:43.456;536844588010929104;-99;940;-351
2021-11-13T11:34:43.476;536844588030630682;-116;911;-357
2021-11-13T11:34:43.495;536844588050332260;-108;904;-356
2021-11-13T11:34:43.515;536844588070033838;-53;916;-364
2021-11-13T11:34:43.535;536844588089735416;-13;940;-350
2021-11-13T11:34:43.554;536844588109436994;-39;937;-366
2021-11-13T11:34:43.574;536844588129138572;-56;937;-369
2021-11-13T11:34:43.594;536844588148840150;-63;927;-359
2021-11-13T11:34:43.614;536844588168541728;-28;932;-355
2021-11-13T11:34:43.633;536844588188243306;-22;938;-356
2021-11-13T11:34:43.653;536844588207944884;-53;931;-368
2021-11-13T11:34:43.673;536844588227646462;-74;927;-359
2021-11-13T11:34:43.692;536844588247348040;-103;920;-365
2021-11-13T11:34:43.712;536844588267049618;-77;916;-352
2021-11-13T11:34:43.732;536844588286751196;-51;934;-340
2021-11-13T11:34:43.752;536844588306452774;-49;938;-343
2021-11-13T11:34:43.771;536844588326154352;-70;928;-346
2021-11-13T11:34:43.791;536844588345855930;-83;930;-352
2021-11-13T11:34:43.811;536844588365557508;-77;929;-355
2021-11-13T11:34:43.830;536844588385259086;-76;925;-360
2021-11-13T11:34:43.850;536844588404960664;-92;924;-357
2021-11-13T11:34:43.870;536844588424662273;-107;926;-356
2021-11-13T11:34:43.889;536844588444363850;-114;923;-345
2021-11-13T11:34:43.909;536844588464065427;-118;922;-339
2021-11-13T11:34:43.929;536844588483767004;-111;925;-330
2021-11-13T11:34:43.949;536844588503468581;-61;927;-332
2021-11-13T11:34:43.968;536844588523170158;-21;947;-339
2021-11-13T11:34:43.988;536844588542871735;-66;946;-332
2021-11-13T11:34:44.008;536844588562573312;-110;913;-363
2021-11-13T11:34:44.027;536844588582274889;-41;910;-331
2021-11-13T11:34:44.047;536844588601976466;120;891;-297
2021-11-13T11:34:44.067;536844588621678043;172;942;-382
2021-11-13T11:34:44.086;536844588641379620;122;936;-381
2021-11-13T11:34:44.106;536844588661081197;-85;897;-286
2021-11-13T11:34:44.126;536844588680782774;-68;767;-471
2021-11-13T11:34:44.146;536844588700484351;342;928;-497
2021-11-13T11:34:44.165;536844588720185928;285;915;-470
2021-11-13T11:34:44.185;536844588739887505;40;817;-553
2021-11-13T11:34:44.205;536844588759589082;-89;862;-417
2021-11-13T11:34:44.224;536844588779290659;-47;813;-447
2021-11-13T11:34:44.244;536844588798992236;448;897;-488
2021-11-13T11:34:44.264;536844588818693813;399;817;-504
2021-11-13T11:34:44.283;536844588838395390;234;859;-513
2021-11-13T11:34:44.303;536844588858096967;126;824;-446
2021-11-13T11:34:44.323;536844588877798544;-2;854;-493
2021-11-13T11:34:44.343;536844588897500121;292;832;-532
2021-11-13T11:34:44.362;536844588917201698;232;802;-556
2021-11-13T11:34:44.382;536844588936903275;297;808;-582
2021-11-13T11:34:44.402;536844588956604852;237;831;-467
2021-11-13T11:34:44.421;536844588976306429;214;853;-463
2021-11-13T11:34:44.441;536844588996008006;227;838;-515
2021-11-13T11:34:44.461;536844589015709583;245;790;-552
2021-11-13T11:34:44.480;536844589035411160;358;781;-588
2021-11-13T11:34:44.500;536844589055112737;328;770;-539
2021-11-13T11:34:44.520;536844589074814314;274;798;-506
2021-11-13T11:34:44.540;536844589094515891;197;839;-506
2021-11-13T11:34:44.559;536844589114217468;268;780;-499
2021-11-13T11:34:44.579;536844589133916141;269;803;-546
2021-11-13T11:34:44.599;536844589153614806;291;767;-585
2021-11-13T11:34:44.618;536844589173313471;238;759;-588
2021-11-13T11:34:44.638;536844589193012136;177;806;-528
2021-11-13T11:34:44.658;536844589212710801;226;796;-541
2021-11-13T11:34:44.677;536844589232409466;260;771;-576
2021-11-13T11:34:44.697;536844589252108131;240;762;-605
2021-11-13T11:34:44.717;536844589271806796;301;766;-581
2021-11-13T11:34:44.737;536844589291505461;331;779;-515
2021-11-13T11:34:44.756;536844589311204126;377;785;-523
2021-11-13T11:34:44.776;536844589330902791;304;770;-504
2021-11-13T11:34:44.796;536844589350601456;305;805;-510
2021-11-13T11:34:44.815;536844589370300121;426;772;-483
2021-11-13T11:34:44.835;536844589389998786;340;793;-474
2021-11-13T11:34:44.855;536844589409697451;354;800;-493
2021-11-13T11:34:44.874;536844589429396116;311;774;-529
2021-11-13T11:34:44.894;536844589449094781;359;772;-518
2021-11-13T11:34:44.914;536844589468793446;282;783;-528
2021-11-13T11:34:44.934;536844589488492111;322;770;-511
2021-11-13T11:34:44.953;536844589508190776;306;774;-513
2021-11-13T11:34:44.973;536844589527889441;366;776;-504
2021-11-13T11:34:44.993;536844589547588106;313;780;-542
2021-11-13T11:34:45.012;536844589567286771;354;753;-544
2021-11-13T11:34:45.032;536844589586985436;297;770;-533
2021-11-13T11:34:45.052;536844589606684101;306;782;-524
2021-11-13T11:34:45.071;536844589626382766;352;780;-498
2021-11-13T11:34:45.091;536844589646081431;330;773;-516
2021-11-13T11:34:45.111;536844589665780096;329;785;-508
2021-11-13T11:34:45.131;536844589685478761;355;769;-497
2021-11-13T11:34:45.150;536844589705177426;331;776;-540
2021-11-13T11:34:45.170;536844589724876091;375;769;-523
2021-11-13T11:34:45.190;536844589744574756;347;783;-501
2021-11-13T11:34:45.209;536844589764273421;354;784;-504
2021-11-13T11:34:45.229;536844589783972086;362;764;-523
2021-11-13T11:34:45.249;536844589803670751;350;763;-540
2021-11-13T11:34:45.268;536844589823369416;325;779;-528
2021-11-13T11:34:45.288;536844589843068093;353;769;-507
2021-11-13T11:34:45.308;536844589862766758;328;790;-495
2021-11-13T11:34:45.328;536844589882465423;352;793;-505
2021-11-13T11:34:45.347;536844589902164088;373;774;-487
2021-11-13T11:34:45.367;536844589921862753;327;783;-501
2021-11-13T11:34:45.387;536844589941561418;260;796;-535
2021-11-13T11:34:45.406;536844589961260083;323;767;-542
2021-11-13T11:34:45.426;536844589980958748;296;770;-550
2021-11-13T11:34:45.446;536844590000657413;321;764;-543
2021-11-13T11:34:45.465;536844590020356078;314;758;-563
2021-11-13T11:34:45.485;536844590040054743;314;769;-548
2021-11-13T11:34:45.505;536844590059753408;355;778;-531
2021-11-13T11:34:45.525;536844590079452073;293;762;-547
2021-11-13T11:34:45.544;536844590099150738;308;784;-510
2021-11-13T11:34:45.564;536844590118849403;371;789;-512
2021-11-13T11:34:45.584;536844590138548068;277;785;-514
2021-11-13T11:34:45.603;536844590158246733;298;783;-529
2021-11-13T11:34:45.623;536844590177945398;253;781;-548
2021-11-13T11:34:45.643;536844590197644063;291;793;-535
2021-11-13T11:34:45.662;536844590217342728;281;798;-500
2021-11-13T11:34:45.682;536844590237041393;242;819;-503
2021-11-13T11:34:45.702;536844590256740058;311;798;-566
2021-11-13T11:34:45.721;536844590276438723;320;767;-541
2021-11-13T11:34:45.741;536844590296137388;258;805;-519
2021-11-13T11:34:45.761;536844590315836053;248;834;-510
2021-11-13T11:34:45.781;536844590335534718;285;813;-518
2021-11-13T11:34:45.800;536844590355233383;308;807;-515
2021-11-13T11:34:45.820;536844590374932048;251;854;-470
2021-11-13T11:34:45.840;536844590394630713;218;873;-434
2021-11-13T11:34:45.859;536844590414329378;198;859;-455
2021-11-13T11:34:45.879;536844590434028043;224;858;-447
2021-11-13T11:34:45.899;536844590453726708;177;875;-465
2021-11-13T11:34:45.918;536844590473425373;163;853;-517
2021-11-13T11:34:45.938;536844590493124038;243;830;-521
2021-11-13T11:34:45.958;536844590512822703;215;875;-449
2021-11-13T11:34:45.978;536844590532521368;138;891;-372
2021-11-13T11:34:45.997;536844590552227346;67;891;-358
2021-11-13T11:34:46.017;536844590571933292;107;903;-382
2021-11-13T11:34:46.037;536844590591639238;111;876;-456
2021-11-13T11:34:46.056;536844590611345184;55;873;-460
2021-11-13T11:34:46.076;536844590631051130;38;898;-376
2021-11-13T11:34:46.096;536844590650757076;-80;920;-300
2021-11-13T11:34:46.116;536844590670463022;-53;902;-334
2021-11-13T11:34:46.135;536844590690168968;65;903;-387
2021-11-13T11:34:46.155;536844590709874914;30;941;-362
2021-11-13T11:34:46.175;536844590729580860;-92;919;-285
2021-11-13T11:34:46.194;536844590749286806;-169;931;-196
2021-11-13T11:34:46.214;536844590768992752;-236;930;-210
2021-11-13T11:34:46.234;536844590788698698;-317;926;-271
2021-11-13T11:34:46.253;536844590808404644;-258;925;-321
2021-11-13T11:34:46.273;536844590828110590;-176;931;-332
2021-11-13T11:34:46.293;536844590847816536;-149;932;-303
2021-11-13T11:34:46.313;536844590867522482;-116;933;-328
2021-11-13T11:34:46.332;536844590887228428;-104;935;-339
2021-11-13T11:34:46.352;536844590906934374;-39;937;-354
2021-11-13T11:34:46.372;536844590926640320;-18;934;-338
2021-11-13T11:34:46.391;536844590946346266;-12;949;-330
2021-11-13T11:34:46.411;536844590966052212;-58;935;-319
2021-11-13T11:34:46.431;536844590985758158;-63;925;-331
2021-11-13T11:34:46.451;536844591005464104;-38;946;-327
2021-11-13T11:34:46.470;536844591025170050;-49;940;-343
2021-11-13T11:34:46.490;536844591044875996;-62;936;-333
2021-11-13T11:34:46.510;536844591064581942;-67;940;-318
2021-11-13T11:34:46.529;536844591084287888;-98;939;-328
2021-11-13T11:34:46.549;536844591103993834;-115;924;-331
2021-11-13T11:34:46.569;536844591123699780;-91;934;-334
2021-11-13T11:34:46.588;536844591143405726;-68;936;-345
2021-11-13T11:34:46.608;536844591163111672;-66;925;-338
2021-11-13T11:34:46.628;536844591182817618;-83;926;-339
2021-11-13T11:34:46.648;536844591202523564;-88;934;-335
2021-11-13T11:34:46.667;536844591222229510;-95;926;-341
2021-11-13T11:34:46.687;536844591241935456;-69;929;-335
2021-11-13T11:34:46.707;536844591261626859;-56;939;-326
2021-11-13T11:34:46.726;536844591281318242;-58;942;-324
2021-11-13T11:34:46.746;536844591301009625;-79;939;-313
2021-11-13T11:34:46.766;536844591320701008;-108;932;-315
2021-11-13T11:34:46.785;536844591340392391;-126;931;-328
2021-11-13T11:34:46.805;536844591360083774;-99;923;-345
2021-11-13T11:34:46.825;536844591379775157;-3;937;-342
2021-11-13T11:34:46.845;536844591399466540;9;931;-324
2021-11-13T11:34:46.864;536844591419157923;-10;929;-354
2021-11-13T11:34:46.884;536844591438849306;-42;904;-383
2021-11-13T11:34:46.904;536844591458540689;126;880;-385
2021-11-13T11:34:46.923;536844591478232072;269;938;-319
2021-11-13T11:34:46.943;536844591497923455;141;922;-332
2021-11-13T11:34:46.963;536844591517614838;69;951;-384
2021-11-13T11:34:46.982;536844591537306221;-92;910;-353
2021-11-13T11:34:47.002;536844591556997604;-136;791;-449
2021-11-13T11:34:47.022;536844591576688987;246;872;-442
2021-11-13T11:34:47.041;536844591596380370;434;945;-413
2021-11-13T11:34:47.061;536844591616071753;116;852;-669
2021-11-13T11:34:47.081;536844591635763136;86;927;-232
2021-11-13T11:34:47.101;536844591655454519;-101;774;-419
2021-11-13T11:34:47.120;536844591675145902;262;902;-424
2021-11-13T11:34:47.140;536844591694837285;358;860;-517
2021-11-13T11:34:47.160;536844591714528668;347;856;-582
2021-11-13T11:34:47.179;536844591734220051;218;868;-503
2021-11-13T11:34:47.199;536844591753911434;-65;768;-505
2021-11-13T11:34:47.219;536844591773602817;24;855;-498
2021-11-13T11:34:47.238;536844591793294200;413;861;-497
2021-11-13T11:34:47.258;536844591812985583;335;830;-549
2021-11-13T11:34:47.278;536844591832676966;218;778;-546
2021-11-13T11:34:47.297;536844591852368349;109;838;-505
2021-11-13T11:34:47.317;536844591872059732;158;816;-507
2021-11-13T11:34:47.337;536844591891751115;292;854;-489
2021-11-13T11:34:47.356;536844591911442498;297;807;-499
2021-11-13T11:34:47.376;536844591931133881;142;846;-522
2021-11-13T11:34:47.396;536844591950825264;226;784;-542
2021-11-13T11:34:47.416;536844591970523933;238;835;-475
2021-11-13T11:34:47.435;536844591990222598;235;808;-522
2021-11-13T11:34:47.455;536844592009921263;283;798;-503
2021-11-13T11:34:47.475;536844592029619928;282;791;-530
2021-11-13T11:34:47.494;536844592049318593;223;778;-545
2021-11-13T11:34:47.514;536844592069017258;251;833;-509
2021-11-13T11:34:47.534;536844592088715923;328;788;-509
2021-11-13T11:34:47.553;536844592108414588;339;784;-532
2021-11-13T11:34:47.573;536844592128113253;258;772;-586
2021-11-13T11:34:47.593;536844592147811918;286;786;-536
2021-11-13T11:34:47.613;536844592167510583;330;784;-512
2021-11-13T11:34:47.632;536844592187209248;339;777;-532
2021-11-13T11:34:47.652;536844592206907913;267;785;-521
2021-11-13T11:34:47.672;536844592226606578;267;781;-545
2021-11-13T11:34:47.691;536844592246305243;270;788;-531
2021-11-13T11:34:47.711;536844592266003908;290;783;-550
2021-11-13T11:34:47.731;536844592285702573;365;767;-518
2021-11-13T11:34:47.750;536844592305401238;277;795;-495
2021-11-13T11:34:47.770;536844592325099903;304;777;-541
2021-11-13T11:34:47.790;536844592344798568;273;783;-550
2021-11-13T11:34:47.810;536844592364497233;270;764;-557
2021-11-13T11:34:47.829;536844592384195898;290;777;-546
2021-11-13T11:34:47.849;536844592403894563;295;770;-558
2021-11-13T11:34:47.869;536844592423593228;376;757;-524
2021-11-13T11:34:47.888;536844592443291893;350;782;-506
2021-11-13T11:34:47.908;536844592462990558;318;787;-495
2021-11-13T11:34:47.928;536844592482689223;305;785;-488
2021-11-13T11:34:47.947;536844592502387888;292;800;-504
2021-11-13T11:34:47.967;536844592522086553;372;784;-494
2021-11-13T11:34:47.987;536844592541785218;354;795;-503
2021-11-13T11:34:48.007;536844592561483883;337;782;-503
2021-11-13T11:34:48.026;536844592581182548;342;778;-512
2021-11-13T11:34:48.046;536844592600881213;295;790;-503
2021-11-13T11:34:48.066;536844592620579878;353;774;-514
2021-11-13T11:34:48.085;536844592640278543;350;776;-517
2021-11-13T11:34:48.105;536844592659977208;334;785;-509
2021-11-13T11:34:48.125;536844592679664242;352;780;-507
2021-11-13T11:34:48.144;536844592699351256;327;788;-499
2021-11-13T11:34:48.164;536844592719038270;315;788;-498
2021-11-13T11:34:48.184;536844592738725284;346;785;-497
2021-11-13T11:34:48.203;536844592758412298;346;781;-516
2021-11-13T11:34:48.223;536844592778099312;345;781;-509
2021-11-13T11:34:48.243;536844592797786326;322;778;-522
2021-11-13T11:34:48.263;536844592817473340;354;778;-519
2021-11-13T11:34:48.282;536844592837160354;320;781;-516
2021-11-13T11:34:48.302;536844592856847368;309;784;-518
2021-11-13T11:34:48.322;536844592876534382;286;782;-517
2021-11-13T11:34:48.341;536844592896221396;270;800;-512
2021-11-13T11:34:48.361;536844592915908410;287;796;-508
2021-11-13T11:34:48.381;536844592935595424;333;760;-511
2021-11-13T11:34:48.400;536844592955282438;262;788;-521
2021-11-13T11:34:48.420;536844592974969452;348;786;-529
2021-11-13T11:34:48.440;536844592994656466;285;783;-529
2021-11-13T11:34:48.459;536844593014343480;278;779;-553
2021-11-13T11:34:48.479;536844593034030494;307;777;-543
2021-11-13T11:34:48.499;536844593053717508;321;791;-505
2021-11-13T11:34:48.518;536844593073404522;303;797;-503
2021-11-13T11:34:48.538;536844593093091536;328;788;-499
2021-11-13T11:34:48.558;536844593112778550;284;799;-500
2021-11-13T11:34:48.578;536844593132465564;313;796;-499
2021-11-13T11:34:48.597;536844593152152578;297;798;-501
2021-11-13T11:34:48.617;536844593171839592;309;795;-524
2021-11-13T11:34:48.637;536844593191526606;279;789;-519
2021-11-13T11:34:48.656;536844593211213620;272;819;-510
2021-11-13T11:34:48.676;536844593230900634;273;808;-503
2021-11-13T11:34:48.696;536844593250587648;306;805;-495
2021-11-13T11:34:48.715;536844593270274662;240;808;-509
2021-11-13T11:34:48.735;536844593289961676;198;829;-495
2021-11-13T11:34:48.755;536844593309648690;242;818;-505
2021-11-13T11:34:48.774;536844593329335704;276;816;-489
2021-11-13T11:34:48.794;536844593349022718;292;842;-492
2021-11-13T11:34:48.814;536844593368709732;267;834;-491
2021-11-13T11:34:48.833;536844593388404036;255;844;-490
2021-11-13T11:34:48.853;536844593408098332;329;811;-495
2021-11-13T11:34:48.873;536844593427792628;243;832;-470
2021-11-13T11:34:48.893;536844593447486924;180;871;-474
2021-11-13T11:34:48.912;536844593467181220;124;866;-478
2021-11-13T11:34:48.932;536844593486875516;149;866;-475
2021-11-13T11:34:48.952;536844593506569812;230;861;-490
2021-11-13T11:34:48.971;536844593526264108;225;834;-495
2021-11-13T11:34:48.991;536844593545958404;206;864;-478
2021-11-13T11:34:49.011;536844593565652700;30;874;-443
2021-11-13T11:34:49.030;536844593585346996;201;880;-491
2021-11-13T11:34:49.050;536844593605041292;151;870;-467
2021-11-13T11:34:49.070;536844593624735588;163;868;-474
2021-11-13T11:34:49.089;536844593644429884;226;896;-472
2021-11-13T11:34:49.109;536844593664124180;134;872;-450
2021-11-13T11:34:49.129;536844593683818476;82;889;-383
2021-11-13T11:34:49.149;536844593703512772;42;870;-400
2021-11-13T11:34:49.168;536844593723207068;67;883;-445
2021-11-13T11:34:49.188;536844593742901364;32;905;-410
2021-11-13T11:34:49.208;536844593762595660;-57;882;-435
2021-11-13T11:34:49.227;536844593782289956;-88;886;-366
2021-11-13T11:34:49.247;536844593801984252;-39;913;-290
2021-11-13T11:34:49.267;536844593821678548;-100;936;-286
2021-11-13T11:34:49.286;536844593841372844;-152;916;-283
2021-11-13T11:34:49.306;536844593861067140;-149;928;-313
2021-11-13T11:34:49.326;536844593880761436;-82;945;-330
2021-11-13T11:34:49.346;536844593900455732;-23;945;-382
2021-11-13T11:34:49.365;536844593920150028;-21;937;-387
2021-11-13T11:34:49.385;536844593939844324;-56;921;-379
2021-11-13T11:34:49.405;536844593959538620;-113;919;-364
2021-11-13T11:34:49.424;536844593979232916;-125;912;-346
2021-11-13T11:34:49.444;536844593998927212;-22;936;-334
2021-11-13T11:34:49.464;536844594018621508;0;928;-351
2021-11-13T11:34:49.483;536844594038315804;-36;924;-356
2021-11-13T11:34:49.503;536844594058010100;-80;927;-338
2021-11-13T11:34:49.523;536844594077704396;-60;938;-338
2021-11-13T11:34:49.542;536844594097398696;-11;939;-356
2021-11-13T11:34:49.562;536844594117092992;-30;935;-375
2021-11-13T11:34:49.582;536844594136787288;-85;910;-368
2021-11-13T11:34:49.602;536844594156481584;-77;935;-341
2021-11-13T11:34:49.621;536844594176175880;-74;933;-338
2021-11-13T11:34:49.641;536844594195870176;-74;921;-351
2021-11-13T11:34:49.661;536844594215564472;-47;940;-335
2021-11-13T11:34:49.680;536844594235258768;-21;949;-318
2021-11-13T11:34:49.700;536844594254953064;-92;928;-355
2021-11-13T11:34:49.720;536844594274647360;-69;919;-360
2021-11-13T11:34:49.739;536844594294341656;-13;933;-327
2021-11-13T11:34:49.759;536844594314035952;-26;931;-342
2021-11-13T11:34:49.779;536844594333730248;-34;929;-361
2021-11-13T11:34:49.798;536844594353424544;-30;927;-366
2021-11-13T11:34:49.818;536844594373118840;-88;932;-375
2021-11-13T11:34:49.838;536844594392813136;-12;897;-411
2021-11-13T11:34:49.858;536844594412507432;191;912;-270
2021-11-13T11:34:49.877;536844594432201728;161;964;-236
2021-11-13T11:34:49.897;536844594451896024;9;968;-306
2021-11-13T11:34:49.917;536844594471590320;-184;892;-387
2021-11-13T11:34:49.936;536844594491284616;-149;852;-459
2021-11-13T11:34:49.956;536844594510978912;139;872;-404
2021-11-13T11:34:49.976;536844594530673208;433;959;-381
2021-11-13T11:34:49.995;536844594550367504;97;919;-415
2021-11-13T11:34:50.015;536844594570061800;-82;847;-460
2021-11-13T11:34:50.035;536844594589756096;-98;840;-499
2021-11-13T11:34:50.055;536844594609450392;114;870;-452
2021-11-13T11:34:50.074;536844594629144688;358;935;-446
2021-11-13T11:34:50.094;536844594648838984;277;905;-429
2021-11-13T11:34:50.114;536844594668533280;-22;865;-357
2021-11-13T11:34:50.133;536844594688227576;-143;805;-483
2021-11-13T11:34:50.153;536844594707921872;162;829;-512
2021-11-13T11:34:50.173;536844594727616168;369;815;-550
2021-11-13T11:34:50.192;536844594747310464;398;869;-533
2021-11-13T11:34:50.212;536844594767004760;264;911;-448
2021-11-13T11:34:50.232;536844594786699056;-87;784;-460
2021-11-13T11:34:50.251;536844594806393360;25;847;-528
2021-11-13T11:34:50.271;536844594826087656;350;775;-514
2021-11-13T11:34:50.291;536844594845781952;400;845;-521
2021-11-13T11:34:50.311;536844594865476248;328;848;-518
2021-11-13T11:34:50.330;536844594885170544;216;822;-509
2021-11-13T11:34:50.350;536844594904864840;203;818;-499
2021-11-13T11:34:50.370;536844594924559136;296;810;-478
2021-11-13T11:34:50.389;536844594944253432;308;811;-500
2021-11-13T11:34:50.409;536844594963947728;258;802;-559
2021-11-13T11:34:50.429;536844594983642024;260;781;-568
2021-11-13T11:34:50.448;536844595003336320;177;790;-543
2021-11-13T11:34:50.468;536844595023030616;280;798;-563
2021-11-13T11:34:50.488;536844595042724912;303;763;-562
2021-11-13T11:34:50.507;536844595062419208;272;799;-523
2021-11-13T11:34:50.527;536844595082113504;259;781;-504
2021-11-13T11:34:50.547;536844595101807800;283;847;-457
2021-11-13T11:34:50.567;536844595121502096;313;790;-513
2021-11-13T11:34:50.586;536844595141196392;351;764;-541
2021-11-13T11:34:50.606;536844595160890688;263;763;-591
2021-11-13T11:34:50.626;536844595180584984;363;791;-505
2021-11-13T11:34:50.645;536844595200279280;371;783;-499
2021-11-13T11:34:50.665;536844595219973576;281;759;-552
2021-11-13T11:34:50.685;536844595239667872;184;714;-717
2021-11-13T11:34:50.704;536844595259362168;257;750;-616
2021-11-13T11:34:50.724;536844595279056464;322;759;-591
2021-11-13T11:34:50.744;536844595298750760;370;775;-541
2021-11-13T11:34:50.764;536844595318445056;337;745;-576
2021-11-13T11:34:50.783;536844595338139352;259;754;-535
2021-11-13T11:34:50.803;536844595357833648;238;776;-548
2021-11-13T11:34:50.823;536844595377527944;380;773;-512
2021-11-13T11:34:50.842;536844595397222240;397;771;-518
2021-11-13T11:34:50.862;536844595416916536;397;767;-509
2021-11-13T11:34:50.882;536844595436610832;298;766;-587
2021-11-13T11:34:50.901;536844595456305128;275;759;-560
2021-11-13T11:34:50.921;536844595475999424;248;761;-587
2021-11-13T11:34:50.941;536844595495693720;293;752;-583
2021-11-13T11:34:50.960;536844595515388016;364;759;-536
2021-11-13T11:34:50.980;536844595535082312;367;759;-527
2021-11-13T11:34:51.000;536844595554776608;277;760;-572
2021-11-13T11:34:51.020;536844595574470904;263;764;-573
2021-11-13T11:34:51.039;536844595594165200;282;781;-546
2021-11-13T11:34:51.059;536844595613859496;368;757;-529
2021-11-13T11:34:51.079;536844595633553792;376;751;-524
2021-11-13T11:34:51.098;536844595653248088;324;784;-516
2021-11-13T11:34:51.118;536844595672942384;294;785;-519
2021-11-13T11:34:51.138;536844595692636680;360;765;-525
2021-11-13T11:34:51.157;536844595712330976;339;747;-558
2021-11-13T11:34:51.177;536844595732025272;341;756;-559
2021-11-13T11:34:51.197;536844595751719568;305;778;-528
2021-11-13T11:34:51.216;536844595771413864;317;771;-523
2021-11-13T11:34:51.236;536844595791108160;324;769;-523
2021-11-13T11:34:51.256;536844595810802456;374;785;-511
2021-11-13T11:34:51.276;536844595830496752;366;773;-499
2021-11-13T11:34:51.295;536844595850191048;344;778;-517
2021-11-13T11:34:51.315;536844595869885344;341;784;-509
2021-11-13T11:34:51.335;536844595889579640;315;782;-513
2021-11-13T11:34:51.354;536844595909273936;317;757;-548
2021-11-13T11:34:51.374;536844595928968232;308;776;-542
2021-11-13T11:34:51.394;536844595948662528;333;767;-534
2021-11-13T11:34:51.413;536844595968356824;305;777;-520
2021-11-13T11:34:51.433;536844595988051120;305;784;-505
2021-11-13T11:34:51.453;536844596007745416;302;791;-510
2021-11-13T11:34:51.472;536844596027439712;335;782;-502
2021-11-13T11:34:51.492;536844596047134008;302;809;-490
2021-11-13T11:34:51.512;536844596066828304;373;791;-489
2021-11-13T11:34:51.532;536844596086522600;328;800;-481
2021-11-13T11:34:51.551;536844596106216896;298;808;-503
2021-11-13T11:34:51.571;536844596125911192;311;795;-503
2021-11-13T11:34:51.591;536844596145605488;339;792;-499
2021-11-13T11:34:51.610;536844596165299784;341;785;-491
2021-11-13T11:34:51.630;536844596184994080;310;795;-501
2021-11-13T11:34:51.650;536844596204688376;270;794;-525
