Phone timestamp;sensor timestamp [ns];X [mg];Y [mg];Z [mg]
2021-11-13T11:37:26.623;536844751138386758;-3;982;-187
2021-11-13T11:37:26.642;536844751158088336;7;955;-157
2021-11-13T11:37:26.662;536844751177789914;-13;948;-177
2021-11-13T11:37:26.682;536844751197491492;13;971;-131
2021-11-13T11:37:26.701;536844751217193070;42;985;-117
2021-11-13T11:37:26.721;536844751236894648;77;988;-121
2021-11-13T11:37:26.741;536844751256596226;88;985;-117
2021-11-13T11:37:26.760;536844751276297804;109;982;-116
2021-11-13T11:37:26.780;536844751295999382;74;979;-80
2021-11-13T11:37:26.800;536844751315700960;36;975;-73
2021-11-13T11:37:26.820;536844751335402538;29;984;-68
2021-11-13T11:37:26.839;536844751355104116;51;977;-45
2021-11-13T11:37:26.859;536844751374805694;56;975;-85
2021-11-13T11:37:26.879;536844751394507272;106;974;-87
2021-11-13T11:37:26.898;536844751414208850;107;981;-117
2021-11-13T11:37:26.918;536844751433910428;84;983;-102
2021-11-13T11:37:26.938;536844751453612006;75;981;-93
2021-11-13T11:37:26.957;536844751473313584;75;976;-100
2021-11-13T11:37:26.977;536844751493015162;102;977;-86
2021-11-13T11:37:26.997;536844751512716740;98;970;-80
2021-11-13T11:37:27.017;536844751532418318;111;970;-95
2021-11-13T11:37:27.036;536844751552119896;148;970;-109
2021-11-13T11:37:27.056;536844751571821474;149;973;-89
2021-11-13T11:37:27.076;536844751591523052;160;980;-110
2021-11-13T11:37:27.095;536844751611224630;146;983;-109
2021-11-13T11:37:27.115;536844751630926208;169;980;-89
2021-11-13T11:37:27.135;536844751650627786;195;965;-27
2021-11-13T11:37:27.154;536844751670329364;187;979;17
2021-11-13T11:37:27.174;536844751690030942;151;984;-3
2021-11-13T11:37:27.194;536844751709732520;144;987;-1
2021-11-13T11:37:27.214;536844751729434098;145;980;-17
2021-11-13T11:37:27.233;536844751749135676;133;980;-14
2021-11-13T11:37:27.253;536844751768837254;128;979;-18
2021-11-13T11:37:27.273;536844751788538832;126;977;-53
2021-11-13T11:37:27.292;536844751808240410;121;976;-81
2021-11-13T11:37:27.312;536844751827941988;117;972;-110
2021-11-13T11:37:27.332;536844751847643566;123;979;-91
2021-11-13T11:37:27.351;536844751867345144;121;974;-98
2021-11-13T11:37:27.371;536844751887046722;125;975;-124
2021-11-13T11:37:27.391;536844751906748300;122;978;-132
2021-11-13T11:37:27.411;536844751926449878;127;977;-121
2021-11-13T11:37:27.430;536844751946151456;114;982;-89
2021-11-13T11:37:27.450;536844751965853034;90;981;-66
2021-11-13T11:37:27.470;536844751985554612;66;983;-35
2021-11-13T11:37:27.489;536844752005256190;56;983;-22
2021-11-13T11:37:27.509;536844752024957768;72;979;-67
2021-11-13T11:37:27.529;536844752044659346;79;982;-101
2021-11-13T11:37:27.548;536844752064360924;79;979;-113
2021-11-13T11:37:27.568;536844752084062502;100;983;-126
2021-11-13T11:37:27.588;536844752103764080;70;971;-162
2021-11-13T11:37:27.608;536844752123465658;39;979;-128
2021-11-13T11:37:27.627;536844752143167236;18;971;-142
2021-11-13T11:37:27.647;536844752162868814;7;977;-146
2021-11-13T11:37:27.667;536844752182570392;16;980;-126
2021-11-13T11:37:27.686;536844752202271970;1;978;-121
2021-11-13T11:37:27.706;536844752221973548;-7;980;-118
2021-11-13T11:37:27.726;536844752241675126;-44;979;-112
2021-11-13T11:37:27.745;536844752261376704;-12;985;-113
2021-11-13T11:37:27.765;536844752281078282;-18;979;-135
2021-11-13T11:37:27.785;536844752300779860;-42;978;-160
2021-11-13T11:37:27.805;536844752320481438;-58;976;-158
2021-11-13T11:37:27.824;536844752340183016;-77;982;-135
2021-11-13T11:37:27.844;536844752359884594;-29;981;-145
2021-11-13T11:37:27.864;536844752379586172;-83;970;-179
2021-11-13T11:37:27.883;536844752399287750;-67;978;-211
2021-11-13T11:37:27.903;536844752418989328;-55;970;-214
2021-11-13T11:37:27.923;536844752438690906;-53;978;-178
2021-11-13T11:37:27.943;536844752458392484;-88;976;-173
2021-11-13T11:37:27.962;536844752478094062;-114;976;-162
2021-11-13T11:37:27.982;536844752497795640;-179;935;-201
2021-11-13T11:37:28.002;536844752517497218;-165;943;-220
2021-11-13T11:37:28.021;536844752537198796;-180;915;-191
2021-11-13T11:37:28.041;536844752556900405;-250;840;-204
2021-11-13T11:37:28.061;536844752576601982;51;1152;-67
2021-11-13T11:37:28.080;536844752596303559;-167;950;-156
2021-11-13T11:37:28.100;536844752616005136;-214;938;-165
2021-11-13T11:37:28.120;536844752635706713;-115;977;-220
2021-11-13T11:37:28.140;536844752655408290;-227;891;-307
2021-11-13T11:37:28.159;536844752675109867;-200;889;-337
2021-11-13T11:37:28.179;536844752694811444;-175;924;-325
2021-11-13T11:37:28.199;536844752714513021;-290;902;-304
2021-11-13T11:37:28.218;536844752734214598;-308;973;-249
2021-11-13T11:37:28.238;536844752753916175;-364;929;-231
2021-11-13T11:37:28.258;536844752773617752;-412;965;-222
2021-11-13T11:37:28.277;536844752793319329;-349;971;-219
2021-11-13T11:37:28.297;536844752813020906;-361;931;-242
2021-11-13T11:37:28.317;536844752832722483;-377;927;-193
2021-11-13T11:37:28.337;536844752852424060;-327;875;-285
2021-11-13T11:37:28.356;536844752872125637;-223;871;-378
2021-11-13T11:37:28.376;536844752891827214;-101;829;-375
2021-11-13T11:37:28.396;536844752911528791;-105;766;-330
2021-11-13T11:37:28.415;536844752931230368;-95;752;-273
2021-11-13T11:37:28.435;536844752950931945;-227;837;-188
2021-11-13T11:37:28.455;536844752970633522;-521;997;-106
2021-11-13T11:37:28.474;536844752990335099;-618;1096;-127
2021-11-13T11:37:28.494;536844753010036676;-400;964;-237
2021-11-13T11:37:28.514;536844753029738253;-220;890;-299
2021-11-13T11:37:28.534;536844753049439830;-276;925;-272
2021-11-13T11:37:28.553;536844753069141407;-356;938;-232
2021-11-13T11:37:28.573;536844753088842984;-326;910;-204
2021-11-13T11:37:28.593;536844753108544561;-274;923;-194
2021-11-13T11:37:28.612;536844753128246138;-270;925;-176
2021-11-13T11:37:28.632;536844753147947715;-295;920;-165
2021-11-13T11:37:28.652;536844753167649292;-307;928;-184
2021-11-13T11:37:28.671;536844753187350869;-311;929;-217
2021-11-13T11:37:28.691;536844753207052446;-320;917;-233
2021-11-13T11:37:28.711;536844753226754023;-308;920;-245
2021-11-13T11:37:28.731;536844753246455600;-303;919;-251
2021-11-13T11:37:28.750;536844753266152840;-294;915;-225
2021-11-13T11:37:28.770;536844753285850048;-303;933;-212
2021-11-13T11:37:28.790;536844753305547256;-273;940;-213
2021-11-13T11:37:28.809;536844753325244464;-257;928;-212
2021-11-13T11:37:28.829;536844753344941672;-291;914;-241
2021-11-13T11:37:28.849;536844753364638880;-296;928;-242
2021-11-13T11:37:28.868;536844753384336088;-294;916;-252
2021-11-13T11:37:28.888;536844753404033296;-288;941;-256
2021-11-13T11:37:28.908;536844753423730504;-289;934;-255
2021-11-13T11:37:28.928;536844753443427712;-284;934;-220
2021-11-13T11:37:28.947;536844753463124920;-280;935;-217
2021-11-13T11:37:28.967;536844753482822128;-282;921;-243
2021-11-13T11:37:28.987;536844753502519336;-290;904;-244
2021-11-13T11:37:29.006;536844753522216544;-260;922;-214
2021-11-13T11:37:29.026;536844753541913752;-289;901;-218
2021-11-13T11:37:29.046;536844753561610960;-321;909;-241
2021-11-13T11:37:29.065;536844753581308168;-287;937;-235
2021-11-13T11:37:29.085;536844753601005376;-267;959;-230
2021-11-13T11:37:29.105;536844753620702584;-269;928;-247
2021-11-13T11:37:29.125;536844753640399792;-273;914;-263
2021-11-13T11:37:29.144;536844753660097000;-282;928;-260
2021-11-13T11:37:29.164;536844753679794208;-231;927;-230
2021-11-13T11:37:29.184;536844753699491416;-206;945;-210
2021-11-13T11:37:29.203;536844753719188624;-229;932;-223
2021-11-13T11:37:29.223;536844753738885832;-222;906;-252
2021-11-13T11:37:29.243;536844753758583040;-154;980;-190
2021-11-13T11:37:29.262;536844753778280248;-121;967;-223
2021-11-13T11:37:29.282;536844753797977456;-217;901;-253
2021-11-13T11:37:29.302;536844753817674664;-182;900;-288
2021-11-13T11:37:29.321;536844753837371872;-170;951;-197
2021-11-13T11:37:29.341;536844753857069080;-78;991;-121
2021-11-13T11:37:29.361;536844753876766288;-106;958;-160
2021-11-13T11:37:29.381;536844753896463496;-141;926;-253
2021-11-13T11:37:29.400;536844753916160704;-138;956;-192
2021-11-13T11:37:29.420;536844753935857912;-22;986;-135
2021-11-13T11:37:29.440;536844753955555120;47;977;-111
2021-11-13T11:37:29.459;536844753975246519;32;987;-105
2021-11-13T11:37:29.479;536844753994937902;-59;983;-135
2021-11-13T11:37:29.499;536844754014629285;-18;978;-167
2021-11-13T11:37:29.518;536844754034320668;54;980;-145
2021-11-13T11:37:29.538;536844754054012051;100;978;-134
2021-11-13T11:37:29.558;536844754073703434;109;983;-145
2021-11-13T11:37:29.578;536844754093394817;79;976;-136
2021-11-13T11:37:29.597;536844754113086200;76;983;-104
2021-11-13T11:37:29.617;536844754132777583;66;983;-66
2021-11-13T11:37:29.637;536844754152468966;62;982;-45
2021-11-13T11:37:29.656;536844754172160349;72;977;-73
2021-11-13T11:37:29.676;536844754191851732;84;980;-40
2021-11-13T11:37:29.696;536844754211543115;116;980;-62
2021-11-13T11:37:29.715;536844754231234498;108;985;-42
2021-11-13T11:37:29.735;536844754250925881;92;981;-37
2021-11-13T11:37:29.755;536844754270617264;76;977;-27
2021-11-13T11:37:29.774;536844754290308647;86;971;-10
2021-11-13T11:37:29.794;536844754310000030;114;982;-6
2021-11-13T11:37:29.814;536844754329691413;120;979;-9
2021-11-13T11:37:29.833;536844754349382796;118;971;-48
2021-11-13T11:37:29.853;536844754369074179;127;970;-50
2021-11-13T11:37:29.873;536844754388765562;149;972;-75
2021-11-13T11:37:29.893;536844754408456945;166;975;-105
2021-11-13T11:37:29.912;536844754428148328;157;975;-112
2021-11-13T11:37:29.932;536844754447839711;187;976;-99
2021-11-13T11:37:29.952;536844754467531094;172;974;-93
2021-11-13T11:37:29.971;536844754487222477;186;964;-83
2021-11-13T11:37:29.991;536844754506913860;186;978;-40
2021-11-13T11:37:30.011;536844754526605243;142;980;18
2021-11-13T11:37:30.030;536844754546296626;125;984;45
2021-11-13T11:37:30.050;536844754565988009;128;983;55
2021-11-13T11:37:30.070;536844754585679392;125;984;38
2021-11-13T11:37:30.089;536844754605370775;158;978;11
2021-11-13T11:37:30.109;536844754625062158;139;980;-14
2021-11-13T11:37:30.129;536844754644753541;171;982;-15
2021-11-13T11:37:30.149;536844754664444924;162;982;-12
2021-11-13T11:37:30.168;536844754684146502;152;981;-12
2021-11-13T11:37:30.188;536844754703848080;132;979;-11
2021-11-13T11:37:30.208;536844754723549658;124;977;-4
2021-11-13T11:37:30.227;536844754743251236;145;987;7
2021-11-13T11:37:30.247;536844754762952814;167;987;-42
2021-11-13T11:37:30.267;536844754782654392;128;988;-60
2021-11-13T11:37:30.286;536844754802355970;117;979;-84
2021-11-13T11:37:30.306;536844754822057548;94;968;-93
2021-11-13T11:37:30.326;536844754841759126;76;967;-71
2021-11-13T11:37:30.346;536844754861460704;74;975;-42
2021-11-13T11:37:30.365;536844754881162282;59;978;-39
2021-11-13T11:37:30.385;536844754900863860;44;973;-41
2021-11-13T11:37:30.405;536844754920565438;49;979;-52
2021-11-13T11:37:30.424;536844754940267016;30;975;-71
2021-11-13T11:37:30.444;536844754959968594;40;985;-66
2021-11-13T11:37:30.464;536844754979670172;57;979;-57
2021-11-13T11:37:30.483;536844754999371750;22;978;-105
2021-11-13T11:37:30.503;536844755019073328;44;986;-94
2021-11-13T11:37:30.523;536844755038774906;38;984;-61
2021-11-13T11:37:30.543;536844755058476484;19;986;-91
2021-11-13T11:37:30.562;536844755078178062;8;995;-104
2021-11-13T11:37:30.582;536844755097879640;-16;1004;-64
2021-11-13T11:37:30.602;536844755117581218;-31;992;-75
2021-11-13T11:37:30.621;536844755137282796;-14;1003;-31
2021-11-13T11:37:30.641;536844755156984374;-61;995;-70
2021-11-13T11:37:30.661;536844755176685952;-36;953;-201
2021-11-13T11:37:30.681;536844755196387530;11;938;-238
2021-11-13T11:37:30.700;536844755216089108;6;981;-193
2021-11-13T11:37:30.720;536844755235790686;-95;985;-134
2021-11-13T11:37:30.740;536844755255492264;-192;992;-123
2021-11-13T11:37:30.759;536844755275193842;-242;1010;-13
2021-11-13T11:37:30.779;536844755294895420;-256;959;7
2021-11-13T11:37:30.799;536844755314596998;-258;948;-153
2021-11-13T11:37:30.818;536844755334298576;-234;946;-247
2021-11-13T11:37:30.838;536844755354000154;-109;925;-243
2021-11-13T11:37:30.858;536844755373701732;-67;871;-260
2021-11-13T11:37:30.878;536844755393403310;-83;822;-322
2021-11-13T11:37:30.897;536844755413104888;-52;816;-384
2021-11-13T11:37:30.917;536844755432806466;-80;839;-388
2021-11-13T11:37:30.937;536844755452508044;-79;808;-370
2021-11-13T11:37:30.956;536844755472209622;-317;885;-386
2021-11-13T11:37:30.976;536844755491911200;-458;1028;-227
2021-11-13T11:37:30.996;536844755511612778;-553;1014;-60
2021-11-13T11:37:31.015;536844755531314356;-485;977;-28
2021-11-13T11:37:31.035;536844755551015934;-394;929;-158
2021-11-13T11:37:31.055;536844755570717512;-254;874;-387
2021-11-13T11:37:31.075;536844755590419090;-137;865;-495
2021-11-13T11:37:31.094;536844755610120668;-183;886;-285
2021-11-13T11:37:31.114;536844755629822246;-357;945;-12
2021-11-13T11:37:31.134;536844755649523824;-512;974;100
2021-11-13T11:37:31.153;536844755669225402;-473;915;-75
2021-11-13T11:37:31.173;536844755688926980;-280;881;-308
2021-11-13T11:37:31.193;536844755708628558;-196;883;-305
2021-11-13T11:37:31.212;536844755728330136;-301;929;-146
2021-11-13T11:37:31.232;536844755748031714;-437;947;-107
2021-11-13T11:37:31.252;536844755767733292;-426;929;-192
2021-11-13T11:37:31.272;536844755787434870;-356;910;-293
2021-11-13T11:37:31.291;536844755807136448;-348;922;-298
2021-11-13T11:37:31.311;536844755826838026;-375;899;-245
2021-11-13T11:37:31.331;536844755846539604;-349;909;-212
2021-11-13T11:37:31.350;536844755866241182;-315;910;-219
2021-11-13T11:37:31.370;536844755885942760;-317;919;-224
2021-11-13T11:37:31.390;536844755905644338;-337;929;-228
2021-11-13T11:37:31.409;536844755925345916;-323;936;-223
2021-11-13T11:37:31.429;536844755945047494;-307;937;-229
2021-11-13T11:37:31.449;536844755964749072;-311;938;-241
2021-11-13T11:37:31.469;536844755984450650;-306;947;-249
2021-11-13T11:37:31.488;536844756004152228;-293;980;-264
2021-11-13T11:37:31.508;536844756023853806;-165;944;-325
2021-11-13T11:37:31.528;536844756043555384;-137;935;-254
2021-11-13T11:37:31.547;536844756063256962;-170;919;-95
2021-11-13T11:37:31.567;536844756082958540;-306;873;-1
2021-11-13T11:37:31.587;536844756102651403;-345;888;-13
2021-11-13T11:37:31.606;536844756122344242;-160;864;-136
2021-11-13T11:37:31.626;536844756142037081;12;783;-264
2021-11-13T11:37:31.646;536844756161729920;10;840;-357
2021-11-13T11:37:31.666;536844756181422759;-262;1204;-314
2021-11-13T11:37:31.685;536844756201115598;-218;1070;-189
2021-11-13T11:37:31.705;536844756220808437;-27;804;-147
2021-11-13T11:37:31.725;536844756240501276;-35;1018;-174
2021-11-13T11:37:31.744;536844756260194115;-2;1055;-142
2021-11-13T11:37:31.764;536844756279886954;12;971;-129
2021-11-13T11:37:31.784;536844756299579793;-32;957;-186
2021-11-13T11:37:31.803;536844756319272632;-8;962;-206
2021-11-13T11:37:31.823;536844756338965471;45;984;-140
2021-11-13T11:37:31.843;536844756358658310;28;976;-120
2021-11-13T11:37:31.862;536844756378351149;97;994;-179
2021-11-13T11:37:31.882;536844756398043988;83;971;-190
2021-11-13T11:37:31.902;536844756417736827;106;982;-217
2021-11-13T11:37:31.922;536844756437429666;95;982;-125
2021-11-13T11:37:31.941;536844756457122505;25;968;-131
2021-11-13T11:37:31.961;536844756476815344;63;980;-131
2021-11-13T11:37:31.981;536844756496508183;80;973;-132
2021-11-13T11:37:32.000;536844756516201022;115;981;-132
2021-11-13T11:37:32.020;536844756535893861;116;975;-103
2021-11-13T11:37:32.040;536844756555586700;107;985;-64
2021-11-13T11:37:32.059;536844756575279539;63;984;-23
2021-11-13T11:37:32.079;536844756594972378;74;978;-36
2021-11-13T11:37:32.099;536844756614665217;89;977;-48
2021-11-13T11:37:32.118;536844756634358056;104;979;-15
2021-11-13T11:37:32.138;536844756654050895;93;981;-6
2021-11-13T11:37:32.158;536844756673743734;105;978;-9
2021-11-13T11:37:32.178;536844756693436573;100;981;-35
2021-11-13T11:37:32.197;536844756713129412;118;974;-25
2021-11-13T11:37:32.217;536844756732822251;115;979;-16
2021-11-13T11:37:32.237;536844756752515090;122;983;-22
2021-11-13T11:37:32.256;536844756772207929;123;976;-48
2021-11-13T11:37:32.276;536844756791900768;126;963;-73
2021-11-13T11:37:32.296;536844756811603818;174;982;-105
2021-11-13T11:37:32.315;536844756831306852;192;972;-72
2021-11-13T11:37:32.335;536844756851009886;171;975;-71
2021-11-13T11:37:32.355;536844756870712920;191;986;-70
2021-11-13T11:37:32.375;536844756890415954;166;987;-64
2021-11-13T11:37:32.394;536844756910118988;174;984;-93
2021-11-13T11:37:32.414;536844756929822022;176;981;-90
2021-11-13T11:37:32.434;536844756949525056;166;967;-91
2021-11-13T11:37:32.453;536844756969228090;159;981;-83
2021-11-13T11:37:32.473;536844756988931124;133;980;-44
2021-11-13T11:37:32.493;536844757008634158;119;978;-24
2021-11-13T11:37:32.512;536844757028337192;115;980;-17
2021-11-13T11:37:32.532;536844757048040226;112;973;-5
2021-11-13T11:37:32.552;536844757067743260;116;982;-26
2021-11-13T11:37:32.572;536844757087446294;114;976;-56
2021-11-13T11:37:32.591;536844757107149328;106;980;-58
2021-11-13T11:37:32.611;536844757126852362;106;976;-75
2021-11-13T11:37:32.631;536844757146555396;117;974;-88
2021-11-13T11:37:32.650;536844757166258430;116;972;-99
2021-11-13T11:37:32.670;536844757185961464;119;973;-121
2021-11-13T11:37:32.690;536844757205664498;124;964;-155
2021-11-13T11:37:32.709;536844757225367532;114;984;-113
2021-11-13T11:37:32.729;536844757245070566;121;982;-107
2021-11-13T11:37:32.749;536844757264773600;114;985;-69
2021-11-13T11:37:32.769;536844757284476634;86;983;-60
2021-11-13T11:37:32.788;536844757304179668;34;982;-40
2021-11-13T11:37:32.808;536844757323882702;27;984;-8
2021-11-13T11:37:32.828;536844757343585736;25;980;-22
2021-11-13T11:37:32.847;536844757363288770;30;976;-62
2021-11-13T11:37:32.867;536844757382991804;20;986;-98
2021-11-13T11:37:32.887;536844757402694838;32;981;-118
2021-11-13T11:37:32.907;536844757422397872;20;974;-129
2021-11-13T11:37:32.926;536844757442100906;3;970;-128
2021-11-13T11:37:32.946;536844757461803940;-3;969;-127
2021-11-13T11:37:32.966;536844757481506974;-21;988;-136
2021-11-13T11:37:32.985;536844757501210008;-31;977;-126
2021-11-13T11:37:33.005;536844757520911613;-58;979;-133
2021-11-13T11:37:33.025;536844757540613190;-67;981;-122
2021-11-13T11:37:33.044;536844757560314767;-89;976;-126
2021-11-13T11:37:33.064;536844757580016344;-108;974;-183
2021-11-13T11:37:33.084;536844757599717921;-126;952;-193
2021-11-13T11:37:33.104;536844757619419498;-134;928;-192
2021-11-13T11:37:33.123;536844757639121075;-142;955;-156
2021-11-13T11:37:33.143;536844757658822652;-181;947;-199
2021-11-13T11:37:33.163;536844757678524229;-150;952;-172
2021-11-13T11:37:33.182;536844757698225806;-191;906;-218
2021-11-13T11:37:33.202;536844757717927383;-209;914;-304
2021-11-13T11:37:33.222;536844757737628960;-259;885;-330
2021-11-13T11:37:33.241;536844757757330537;-339;887;-220
2021-11-13T11:37:33.261;536844757777032114;-430;889;-240
2021-11-13T11:37:33.281;536844757796733691;-452;877;-290
2021-11-13T11:37:33.301;536844757816435268;-447;847;-359
2021-11-13T11:37:33.320;536844757836136845;-441;842;-379
2021-11-13T11:37:33.340;536844757855838422;-422;852;-415
2021-11-13T11:37:33.360;536844757875539999;-387;860;-413
2021-11-13T11:37:33.379;536844757895241576;-325;890;-296
2021-11-13T11:37:33.399;536844757914943153;-340;917;-265
2021-11-13T11:37:33.419;536844757934644730;-358;881;-313
2021-11-13T11:37:33.438;536844757954346307;-309;900;-279
2021-11-13T11:37:33.458;536844757974047884;-287;912;-247
2021-11-13T11:37:33.478;536844757993749461;-325;904;-245
2021-11-13T11:37:33.498;536844758013451038;-375;889;-267
2021-11-13T11:37:33.517;536844758033152615;-377;880;-315
2021-11-13T11:37:33.537;536844758052854192;-380;887;-361
2021-11-13T11:37:33.557;536844758072555769;-380;873;-365
2021-11-13T11:37:33.576;536844758092257346;-374;868;-352
2021-11-13T11:37:33.596;536844758111958923;-370;874;-313
2021-11-13T11:37:33.616;536844758131660500;-377;888;-297
2021-11-13T11:37:33.635;536844758151362077;-360;886;-291
2021-11-13T11:37:33.655;536844758171063654;-355;880;-297
2021-11-13T11:37:33.675;536844758190765231;-350;882;-306
2021-11-13T11:37:33.695;536844758210466808;-255;884;-264
2021-11-13T11:37:33.714;536844758230161116;-223;886;-189
2021-11-13T11:37:33.734;536844758249855412;-217;937;-107
2021-11-13T11:37:33.754;536844758269549708;-187;977;-156
2021-11-13T11:37:33.773;536844758289244004;-178;984;-190
2021-11-13T11:37:33.793;536844758308938300;-202;951;-246
2021-11-13T11:37:33.813;536844758328632596;-194;875;-336
2021-11-13T11:37:33.832;536844758348326892;-89;906;-344
2021-11-13T11:37:33.852;536844758368021188;-46;955;-238
2021-11-13T11:37:33.872;536844758387715484;-108;978;-195
2021-11-13T11:37:33.892;536844758407409780;-180;932;-199
2021-11-13T11:37:33.911;536844758427104076;-96;950;-170
2021-11-13T11:37:33.931;536844758446798372;-42;958;-199
2021-11-13T11:37:33.951;536844758466492668;-6;986;-137
2021-11-13T11:37:33.970;536844758486186964;-34;992;-121
2021-11-13T11:37:33.990;536844758505881260;-57;981;-138
2021-11-13T11:37:34.010;536844758525575556;13;974;-199
2021-11-13T11:37:34.029;536844758545269852;56;954;-228
2021-11-13T11:37:34.049;536844758564964148;58;973;-211
2021-11-13T11:37:34.069;536844758584658444;50;979;-171
2021-11-13T11:37:34.088;536844758604352740;8;968;-127
2021-11-13T11:37:34.108;536844758624047036;12;985;-81
2021-11-13T11:37:34.128;536844758643741332;44;973;-96
2021-11-13T11:37:34.148;536844758663435628;104;975;-103
2021-11-13T11:37:34.167;536844758683129924;112;980;-100
2021-11-13T11:37:34.187;536844758702824220;114;986;-69
2021-11-13T11:37:34.207;536844758722518516;111;984;-60
2021-11-13T11:37:34.226;536844758742212812;112;985;-58
2021-11-13T11:37:34.246;536844758761907108;112;983;-56
2021-11-13T11:37:34.266;536844758781601404;117;981;-45
2021-11-13T11:37:34.285;536844758801295700;117;971;-74
2021-11-13T11:37:34.305;536844758820989996;122;967;-84
2021-11-13T11:37:34.325;536844758840684292;120;983;-82
2021-11-13T11:37:34.344;536844758860378588;122;983;-50
2021-11-13T11:37:34.364;536844758880072884;113;980;-58
2021-11-13T11:37:34.384;536844758899767180;110;981;-47
2021-11-13T11:37:34.404;536844758919461476;112;975;-52
2021-11-13T11:37:34.423;536844758939164522;105;970;-88
2021-11-13T11:37:34.443;536844758958867556;118;960;-126
2021-11-13T11:37:34.463;536844758978570590;126;977;-120
2021-11-13T11:37:34.482;536844758998273624;139;977;-102
2021-11-13T11:37:34.502;536844759017976658;128;978;-111
2021-11-13T11:37:34.522;536844759037679692;130;975;-112
2021-11-13T11:37:34.541;536844759057382726;153;979;-93
2021-11-13T11:37:34.561;536844759077085760;144;981;-102
2021-11-13T11:37:34.581;536844759096788794;153;979;-109
2021-11-13T11:37:34.601;536844759116491828;150;972;-108
2021-11-13T11:37:34.620;536844759136194862;150;981;-84
2021-11-13T11:37:34.640;536844759155897896;142;981;-59
2021-11-13T11:37:34.660;536844759175600930;128;983;-27
2021-11-13T11:37:34.679;536844759195303964;122;981;-18
2021-11-13T11:37:34.699;536844759215006998;122;974;-41
2021-11-13T11:37:34.719;536844759234710032;124;982;-18
2021-11-13T11:37:34.739;536844759254413066;116;984;-12
2021-11-13T11:37:34.758;536844759274116100;99;983;-29
2021-11-13T11:37:34.778;536844759293819134;82;980;-41
2021-11-13T11:37:34.798;536844759313522168;87;972;-63
2021-11-13T11:37:34.817;536844759333225202;114;975;-108
2021-11-13T11:37:34.837;536844759352928236;120;974;-132
2021-11-13T11:37:34.857;536844759372631270;114;967;-123
2021-11-13T11:37:34.876;536844759392334304;84;978;-109
2021-11-13T11:37:34.896;536844759412037338;64;979;-107
2021-11-13T11:37:34.916;536844759431740372;70;982;-113
2021-11-13T11:37:34.936;536844759451443406;54;979;-74
2021-11-13T11:37:34.955;536844759471146440;39;981;-32
2021-11-13T11:37:34.975;536844759490849474;40;981;-96
2021-11-13T11:37:34.995;536844759510552508;35;984;-76
2021-11-13T11:37:35.014;536844759530255542;4;976;-72
2021-11-13T11:37:35.034;536844759549958576;10;982;-72
2021-11-13T11:37:35.054;536844759569661610;6;976;-66
2021-11-13T11:37:35.073;536844759589364644;2;979;-110
2021-11-13T11:37:35.093;536844759609067678;17;976;-139
2021-11-13T11:37:35.113;536844759628770712;15;982;-141
2021-11-13T11:37:35.133;536844759648470853;15;984;-145
2021-11-13T11:37:35.152;536844759668170974;6;979;-131
2021-11-13T11:37:35.172;536844759687871095;-5;981;-96
2021-11-13T11:37:35.192;536844759707571216;-45;984;-83
2021-11-13T11:37:35.211;536844759727271337;-55;986;-97
2021-11-13T11:37:35.231;536844759746971458;-62;982;-87
2021-11-13T11:37:35.251;536844759766671579;-92;976;-80
2021-11-13T11:37:35.270;536844759786371700;-86;980;-103
2021-11-13T11:37:35.290;536844759806071821;-112;970;-141
2021-11-13T11:37:35.310;536844759825771942;-127;965;-168
2021-11-13T11:37:35.330;536844759845472063;-138;961;-166
2021-11-13T11:37:35.349;536844759865172184;-181;937;-173
2021-11-13T11:37:35.369;536844759884872305;-210;933;-181
2021-11-13T11:37:35.389;536844759904572426;-232;934;-215
2021-11-13T11:37:35.408;536844759924272547;-230;936;-240
2021-11-13T11:37:35.428;536844759943972668;-236;916;-277
2021-11-13T11:37:35.448;536844759963672789;-223;927;-282
2021-11-13T11:37:35.467;536844759983372910;-236;929;-261
2021-11-13T11:37:35.487;536844760003073031;-266;915;-246
2021-11-13T11:37:35.507;536844760022773152;-351;887;-208
2021-11-13T11:37:35.527;536844760042473273;-398;893;-178
2021-11-13T11:37:35.546;536844760062173394;-384;887;-221
2021-11-13T11:37:35.566;536844760081873515;-361;909;-230
2021-11-13T11:37:35.586;536844760101573636;-314;909;-273
2021-11-13T11:37:35.605;536844760121273757;-328;893;-253
2021-11-13T11:37:35.625;536844760140973878;-396;891;-195
2021-11-13T11:37:35.645;536844760160673999;-400;890;-213
2021-11-13T11:37:35.664;536844760180374120;-342;902;-250
2021-11-13T11:37:35.684;536844760200074241;-335;907;-268
2021-11-13T11:37:35.704;536844760219774362;-379;885;-312
2021-11-13T11:37:35.724;536844760239474483;-392;878;-306
2021-11-13T11:37:35.743;536844760259174604;-388;888;-245
2021-11-13T11:37:35.763;536844760278874725;-384;888;-229
2021-11-13T11:37:35.783;536844760298574846;-352;902;-219
2021-11-13T11:37:35.802;536844760318274967;-322;902;-241
2021-11-13T11:37:35.822;536844760337975088;-362;896;-242
2021-11-13T11:37:35.842;536844760357679602;-379;893;-249
2021-11-13T11:37:35.861;536844760377384092;-379;892;-268
2021-11-13T11:37:35.881;536844760397088582;-380;890;-263
2021-11-13T11:37:35.901;536844760416793072;-378;893;-233
2021-11-13T11:37:35.921;536844760436497562;-372;888;-197
2021-11-13T11:37:35.940;536844760456202052;-330;899;-193
2021-11-13T11:37:35.960;536844760475906542;-277;923;-195
2021-11-13T11:37:35.980;536844760495611032;-274;935;-207
2021-11-13T11:37:35.999;536844760515315522;-289;946;-227
2021-11-13T11:37:36.019;536844760535020012;-319;939;-207
2021-11-13T11:37:36.039;536844760554724502;-318;920;-166
2021-11-13T11:37:36.059;536844760574428992;-294;920;-169
2021-11-13T11:37:36.078;536844760594133482;-240;896;-150
2021-11-13T11:37:36.098;536844760613837972;-182;916;-107
2021-11-13T11:37:36.118;536844760633542462;-212;914;-124
2021-11-13T11:37:36.137;536844760653246952;-256;986;-212
2021-11-13T11:37:36.157;536844760672951442;-208;974;-243
2021-11-13T11:37:36.177;536844760692655932;-96;920;-230
2021-11-13T11:37:36.196;536844760712360422;-80;962;-230
2021-11-13T11:37:36.216;536844760732064912;-150;974;-254
2021-11-13T11:37:36.236;536844760751769402;-138;954;-272
2021-11-13T11:37:36.256;536844760771473892;-183;886;-261
2021-11-13T11:37:36.275;536844760791178382;28;957;-201
2021-11-13T11:37:36.295;536844760810882872;1;985;-132
2021-11-13T11:37:36.315;536844760830587362;11;988;-157
2021-11-13T11:37:36.334;536844760850291852;-63;940;-179
2021-11-13T11:37:36.354;536844760869996342;4;984;-222
2021-11-13T11:37:36.374;536844760889700832;31;977;-200
2021-11-13T11:37:36.394;536844760909405322;73;971;-212
2021-11-13T11:37:36.413;536844760929109812;62;953;-203
2021-11-13T11:37:36.433;536844760948814302;107;980;-176
2021-11-13T11:37:36.453;536844760968518792;76;975;-150
2021-11-13T11:37:36.472;536844760988223282;103;981;-142
2021-11-13T11:37:36.492;536844761007927772;101;985;-126
2021-11-13T11:37:36.512;536844761027632262;121;981;-118
2021-11-13T11:37:36.531;536844761047336752;125;982;-119
2021-11-13T11:37:36.551;536844761067035425;118;970;-129
2021-11-13T11:37:36.571;536844761086734090;111;975;-116
2021-11-13T11:37:36.591;536844761106432755;105;977;-116
2021-11-13T11:37:36.610;536844761126131420;119;984;-101
2021-11-13T11:37:36.630;536844761145830085;116;975;-112
2021-11-13T11:37:36.650;536844761165528750;120;980;-109
2021-11-13T11:37:36.669;536844761185227415;110;968;-105
2021-11-13T11:37:36.689;536844761204926080;114;979;-91
2021-11-13T11:37:36.709;536844761224624745;101;972;-97
2021-11-13T11:37:36.728;536844761244323410;113;981;-88
2021-11-13T11:37:36.748;536844761264022075;97;972;-65
2021-11-13T11:37:36.768;536844761283720740;104;977;-60
2021-11-13T11:37:36.788;536844761303419405;92;972;-66
2021-11-13T11:37:36.807;536844761323118070;104;977;-77
2021-11-13T11:37:36.827;536844761342816735;110;970;-104
2021-11-13T11:37:36.847;536844761362515400;131;975;-98
2021-11-13T11:37:36.866;536844761382214065;139;970;-99
2021-11-13T11:37:36.886;536844761401912730;182;972;-89
2021-11-13T11:37:36.906;536844761421611395;164;974;-70
2021-11-13T11:37:36.925;536844761441310060;147;979;-56
2021-11-13T11:37:36.945;536844761461008725;170;979;-38
2021-11-13T11:37:36.965;536844761480707390;170;984;-20
2021-11-13T11:37:36.985;536844761500406055;178;983;-33
2021-11-13T11:37:37.004;536844761520104720;179;975;-42
2021-11-13T11:37:37.024;536844761539803385;188;980;-39
2021-11-13T11:37:37.044;536844761559502050;195;980;-32
2021-11-13T11:37:37.063;536844761579200715;194;981;-79
2021-11-13T11:37:37.083;536844761598899380;196;982;-95
2021-11-13T11:37:37.103;536844761618598045;195;981;-68
2021-11-13T11:37:37.122;536844761638296710;185;978;-80
2021-11-13T11:37:37.142;536844761657995375;165;978;-79
2021-11-13T11:37:37.162;536844761677694040;168;969;-68
2021-11-13T11:37:37.182;536844761697392705;147;976;-50
2021-11-13T11:37:37.201;536844761717091370;126;971;-80
2021-11-13T11:37:37.221;536844761736790035;144;983;-77
2021-11-13T11:37:37.241;536844761756488700;119;977;-73
2021-11-13T11:37:37.260;536844761776191748;120;983;-58
2021-11-13T11:37:37.280;536844761795894782;112;968;-82
2021-11-13T11:37:37.300;536844761815597816;114;973;-94
2021-11-13T11:37:37.319;536844761835300850;118;967;-102
2021-11-13T11:37:37.339;536844761855003884;119;976;-107
2021-11-13T11:37:37.359;536844761874706918;104;982;-108
2021-11-13T11:37:37.379;536844761894409952;92;979;-107
2021-11-13T11:37:37.398;536844761914112986;66;976;-79
2021-11-13T11:37:37.418;536844761933816020;52;978;-97
2021-11-13T11:37:37.438;536844761953519054;42;966;-109
2021-11-13T11:37:37.457;536844761973222088;95;983;-136
2021-11-13T11:37:37.477;536844761992925122;61;959;-157
2021-11-13T11:37:37.497;536844762012628156;83;981;-183
2021-11-13T11:37:37.516;536844762032331190;88;982;-217
2021-11-13T11:37:37.536;536844762052034224;89;975;-215
2021-11-13T11:37:37.556;536844762071737258;75;962;-211
2021-11-13T11:37:37.576;536844762091440292;41;960;-201
2021-11-13T11:37:37.595;536844762111143326;28;975;-177
2021-11-13T11:37:37.615;536844762130846360;4;973;-181
2021-11-13T11:37:37.635;536844762150549394;-12;978;-190
2021-11-13T11:37:37.654;536844762170252428;-24;969;-190
2021-11-13T11:37:37.674;536844762189955462;-36;976;-199
2021-11-13T11:37:37.694;536844762209658496;-40;977;-174
2021-11-13T11:37:37.713;536844762229361530;-76;968;-191
2021-11-13T11:37:37.733;536844762249064564;-114;957;-193
2021-11-13T11:37:37.753;536844762268767598;-120;960;-160
2021-11-13T11:37:37.773;536844762288470632;-136;977;-145
2021-11-13T11:37:37.792;536844762308173666;-129;961;-112
2021-11-13T11:37:37.812;536844762327876700;-130;965;-115
2021-11-13T11:37:37.832;536844762347579734;-98;1002;-180
2021-11-13T11:37:37.851;536844762367282768;-151;983;-241
2021-11-13T11:37:37.871;536844762386985802;-157;967;-187
2021-11-13T11:37:37.891;536844762406688836;-343;854;-232
2021-11-13T11:37:37.911;536844762426391870;-439;818;-269
2021-11-13T11:37:37.930;536844762446094904;-483;759;-296
2021-11-13T11:37:37.950;536844762465797938;-455;759;-259
2021-11-13T11:37:37.970;536844762485506823;-239;870;-262
2021-11-13T11:37:37.989;536844762505215682;-407;887;-431
2021-11-13T11:37:38.009;536844762524924541;-446;843;-480
2021-11-13T11:37:38.029;536844762544633400;-475;795;-480
2021-11-13T11:37:38.048;536844762564342259;-341;865;-367
2021-11-13T11:37:38.068;536844762584051118;-347;920;-269
2021-11-13T11:37:38.088;536844762603759977;-396;927;-257
2021-11-13T11:37:38.108;536844762623468836;-364;895;-248
2021-11-13T11:37:38.127;536844762643177695;-346;889;-289
2021-11-13T11:37:38.147;536844762662886554;-333;892;-317
2021-11-13T11:37:38.167;536844762682595413;-308;887;-314
2021-11-13T11:37:38.186;536844762702304272;-333;880;-349
2021-11-13T11:37:38.206;536844762722013131;-352;879;-329
2021-11-13T11:37:38.226;536844762741721990;-311;892;-331
2021-11-13T11:37:38.246;536844762761430849;-329;886;-328
2021-11-13T11:37:38.265;536844762781139708;-379;888;-293
2021-11-13T11:37:38.285;536844762800848567;-376;891;-259
2021-11-13T11:37:38.305;536844762820557426;-364;906;-252
2021-11-13T11:37:38.324;536844762840266285;-349;918;-278
2021-11-13T11:37:38.344;536844762859975144;-349;894;-327
2021-11-13T11:37:38.364;536844762879684003;-366;885;-307
2021-11-13T11:37:38.384;536844762899392862;-430;875;-333
2021-11-13T11:37:38.403;536844762919101721;-305;880;-297
2021-11-13T11:37:38.423;536844762938810580;-191;877;-199
2021-11-13T11:37:38.443;536844762958519439;-250;880;-156
2021-11-13T11:37:38.462;536844762978228298;-223;958;-180
2021-11-13T11:37:38.482;536844762997937157;-78;934;-178
2021-11-13T11:37:38.502;536844763017646016;-46;982;-92
2021-11-13T11:37:38.521;536844763037354875;-129;1028;-158
2021-11-13T11:37:38.541;536844763057063734;-173;885;-339
2021-11-13T11:37:38.561;536844763076772593;-94;856;-249
2021-11-13T11:37:38.581;536844763096481452;-70;997;-129
2021-11-13T11:37:38.600;536844763116190311;-20;1003;-120
2021-11-13T11:37:38.620;536844763135899170;-22;948;-159
2021-11-13T11:37:38.640;536844763155608029;51;991;-169
2021-11-13T11:37:38.659;536844763175316888;16;986;-114
2021-11-13T11:37:38.679;536844763195030140;41;970;-194
2021-11-13T11:37:38.699;536844763214743368;37;968;-211
2021-11-13T11:37:38.719;536844763234456596;19;955;-183
2021-11-13T11:37:38.738;536844763254169824;33;995;-124
2021-11-13T11:37:38.758;536844763273883052;7;972;-101
2021-11-13T11:37:38.778;536844763293596280;34;971;-145
2021-11-13T11:37:38.797;536844763313309508;72;960;-230
2021-11-13T11:37:38.817;536844763333022736;121;974;-223
2021-11-13T11:37:38.837;536844763352735964;102;985;-140
2021-11-13T11:37:38.857;536844763372449192;53;982;-105
2021-11-13T11:37:38.876;536844763392162420;76;979;-91
2021-11-13T11:37:38.896;536844763411875648;113;979;-124
2021-11-13T11:37:38.916;536844763431588876;112;975;-159
2021-11-13T11:37:38.935;536844763451302104;111;977;-125
2021-11-13T11:37:38.955;536844763471015332;61;980;-76
2021-11-13T11:37:38.975;536844763490728560;49;968;-70
2021-11-13T11:37:38.995;536844763510441788;70;973;-53
2021-11-13T11:37:39.014;536844763530155016;106;978;-67
2021-11-13T11:37:39.034;536844763549868244;118;974;-95
2021-11-13T11:37:39.054;536844763569581472;120;980;-91
2021-11-13T11:37:39.073;536844763589294700;113;975;-96
2021-11-13T11:37:39.093;536844763609007928;119;968;-70
2021-11-13T11:37:39.113;536844763628721156;143;977;-68
2021-11-13T11:37:39.133;536844763648434384;154;972;-42
2021-11-13T11:37:39.152;536844763668147612;154;970;-53
2021-11-13T11:37:39.172;536844763687860840;188;981;-60
2021-11-13T11:37:39.192;536844763707574068;195;974;-70
2021-11-13T11:37:39.211;536844763727287296;188;979;-23
2021-11-13T11:37:39.231;536844763747000524;181;981;-17
2021-11-13T11:37:39.251;536844763766713752;182;979;-28
2021-11-13T11:37:39.271;536844763786426980;183;980;-16
2021-11-13T11:37:39.290;536844763806140208;188;979;-3
2021-11-13T11:37:39.310;536844763825853436;189;983;-6
2021-11-13T11:37:39.330;536844763845566664;185;977;-33
2021-11-13T11:37:39.349;536844763865279892;189;981;-31
2021-11-13T11:37:39.369;536844763884993120;177;973;-27
2021-11-13T11:37:39.389;536844763904691797;184;978;-26
2021-11-13T11:37:39.409;536844763924390462;180;982;-25
2021-11-13T11:37:39.428;536844763944089127;179;968;-12
2021-11-13T11:37:39.448;536844763963787792;161;982;-2
2021-11-13T11:37:39.468;536844763983486457;183;980;-22
2021-11-13T11:37:39.487;536844764003185122;179;980;-38
2021-11-13T11:37:39.507;536844764022883787;155;982;-35
2021-11-13T11:37:39.527;536844764042582452;156;979;-54
2021-11-13T11:37:39.546;536844764062281117;133;977;-75
2021-11-13T11:37:39.566;536844764081979782;137;981;-66
2021-11-13T11:37:39.586;536844764101678447;142;975;-51
2021-11-13T11:37:39.605;536844764121377112;132;978;-56
2021-11-13T11:37:39.625;536844764141075777;127;976;-54
2021-11-13T11:37:39.645;536844764160774442;118;976;-34
2021-11-13T11:37:39.665;536844764180473107;113;982;-43
2021-11-13T11:37:39.684;536844764200171772;108;981;-75
2021-11-13T11:37:39.704;536844764219870437;88;980;-70
2021-11-13T11:37:39.724;536844764239569102;70;985;-58
2021-11-13T11:37:39.743;536844764259267767;73;981;-43
2021-11-13T11:37:39.763;536844764278966432;81;976;-50
2021-11-13T11:37:39.783;536844764298665097;52;979;-64
2021-11-13T11:37:39.802;536844764318363762;36;986;-49
2021-11-13T11:37:39.822;536844764338062427;32;973;-64
2021-11-13T11:37:39.842;536844764357761092;25;975;-88
2021-11-13T11:37:39.862;536844764377459757;31;978;-65
2021-11-13T11:37:39.881;536844764397158422;17;987;-90
2021-11-13T11:37:39.901;536844764416857087;7;980;-89
2021-11-13T11:37:39.921;536844764436555752;-3;985;-81
2021-11-13T11:37:39.940;536844764456254417;-20;982;-57
2021-11-13T11:37:39.960;536844764475953082;-26;978;-48
2021-11-13T11:37:39.980;536844764495651747;-75;985;-54
2021-11-13T11:37:39.999;536844764515350412;-87;986;-69
2021-11-13T11:37:40.019;536844764535049077;-103;976;-71
2021-11-13T11:37:40.039;536844764554747742;-109;969;-101
2021-11-13T11:37:40.059;536844764574446407;-118;965;-119
2021-11-13T11:37:40.078;536844764594145072;-142;957;-104
2021-11-13T11:37:40.098;536844764613851050;-155;932;-102
2021-11-13T11:37:40.118;536844764633556996;-183;927;-107
2021-11-13T11:37:40.137;536844764653262942;-205;945;-161
2021-11-13T11:37:40.157;536844764672968888;-142;945;-189
2021-11-13T11:37:40.177;536844764692674834;-124;966;-187
2021-11-13T11:37:40.196;536844764712380780;-243;915;-224
2021-11-13T11:37:40.216;536844764732086726;-300;906;-151
2021-11-13T11:37:40.236;536844764751792672;-428;922;-182
2021-11-13T11:37:40.256;536844764771498618;-524;857;-318
2021-11-13T11:37:40.275;536844764791204564;-513;750;-561
2021-11-13T11:37:40.295;536844764810910510;-417;754;-613
2021-11-13T11:37:40.315;536844764830616456;-365;876;-436
2021-11-13T11:37:40.334;536844764850322402;-405;923;-246
2021-11-13T11:37:40.354;536844764870028348;-438;910;-164
2021-11-13T11:37:40.374;536844764889734294;-353;945;-156
2021-11-13T11:37:40.394;536844764909440240;-263;933;-236
2021-11-13T11:37:40.413;536844764929146186;-279;903;-246
2021-11-13T11:37:40.433;536844764948852132;-364;883;-234
2021-11-13T11:37:40.453;536844764968558078;-389;891;-230
2021-11-13T11:37:40.472;536844764988264024;-376;882;-249
2021-11-13T11:37:40.492;536844765007969970;-351;881;-284
2021-11-13T11:37:40.512;536844765027675916;-354;880;-308
2021-11-13T11:37:40.531;536844765047381862;-377;882;-285
2021-11-13T11:37:40.551;536844765067087808;-379;879;-263
2021-11-13T11:37:40.571;536844765086793754;-356;915;-224
2021-11-13T11:37:40.591;536844765106499700;-351;925;-232
2021-11-13T11:37:40.610;536844765126205646;-358;917;-246
2021-11-13T11:37:40.630;536844765145911592;-380;931;-271
2021-11-13T11:37:40.650;536844765165617538;-342;910;-299
2021-11-13T11:37:40.669;536844765185323484;-271;890;-229
2021-11-13T11:37:40.689;536844765205029430;-256;891;-165
2021-11-13T11:37:40.709;536844765224735376;-310;926;-161
2021-11-13T11:37:40.729;536844765244441322;-260;924;-164
2021-11-13T11:37:40.748;536844765264147268;-167;889;-289
2021-11-13T11:37:40.768;536844765283853214;-119;954;-309
2021-11-13T11:37:40.788;536844765303559160;-61;967;-208
2021-11-13T11:37:40.807;536844765323257837;-20;921;-142
2021-11-13T11:37:40.827;536844765342956502;-60;942;-121
2021-11-13T11:37:40.847;536844765362655167;-152;979;-95
2021-11-13T11:37:40.866;536844765382353832;-70;978;-79
2021-11-13T11:37:40.886;536844765402052497;-20;992;-114
2021-11-13T11:37:40.906;536844765421751162;75;1006;-139
2021-11-13T11:37:40.926;536844765441449827;16;969;-179
2021-11-13T11:37:40.945;536844765461148492;-22;977;-184
2021-11-13T11:37:40.965;536844765480847157;-23;957;-143
2021-11-13T11:37:40.985;536844765500545822;15;985;-102
2021-11-13T11:37:41.004;536844765520244487;70;984;-122
2021-11-13T11:37:41.024;536844765539943152;102;991;-145
2021-11-13T11:37:41.044;536844765559641817;85;976;-148
2021-11-13T11:37:41.063;536844765579340482;52;965;-102
2021-11-13T11:37:41.083;536844765599039147;60;987;-57
2021-11-13T11:37:41.103;536844765618737812;71;984;-48
2021-11-13T11:37:41.123;536844765638436477;83;979;-46
2021-11-13T11:37:41.142;536844765658135142;111;969;-96
2021-11-13T11:37:41.162;536844765677833807;123;985;-108
2021-11-13T11:37:41.182;536844765697532472;127;985;-65
2021-11-13T11:37:41.201;536844765717231137;116;984;-66
2021-11-13T11:37:41.221;536844765736929802;97;979;-61
2021-11-13T11:37:41.241;536844765756628467;118;979;-35
2021-11-13T11:37:41.260;536844765776327132;121;978;-17
2021-11-13T11:37:41.280;536844765796025797;118;980;-14
2021-11-13T11:37:41.300;536844765815724462;121;966;-33
2021-11-13T11:37:41.320;536844765835423127;118;981;-30
2021-11-13T11:37:41.339;536844765855121792;116;985;22
2021-11-13T11:37:41.359;536844765874820457;117;978;15
2021-11-13T11:37:41.379;536844765894519122;122;980;6
2021-11-13T11:37:41.398;536844765914217787;118;976;-1
2021-11-13T11:37:41.418;536844765933916452;117;978;-7
2021-11-13T11:37:41.438;536844765953615117;125;970;9
2021-11-13T11:37:41.457;536844765973313782;143;970;-2
2021-11-13T11:37:41.477;536844765993012447;135;969;-13
2021-11-13T11:37:41.497;536844766012711112;149;982;-5
2021-11-13T11:37:41.517;536844766032422904;147;981;-8
2021-11-13T11:37:41.536;536844766052134676;159;977;-1
2021-11-13T11:37:41.556;536844766071846448;181;971;-33
2021-11-13T11:37:41.576;536844766091558220;202;980;-26
2021-11-13T11:37:41.595;536844766111269992;196;978;-31
2021-11-13T11:37:41.615;536844766130981764;206;983;-21
2021-11-13T11:37:41.635;536844766150693536;207;984;-19
2021-11-13T11:37:41.655;536844766170405308;191;978;-14
2021-11-13T11:37:41.674;536844766190117080;168;979;-17
2021-11-13T11:37:41.694;536844766209828852;156;970;-6
2021-11-13T11:37:41.714;536844766229540624;165;979;-2
2021-11-13T11:37:41.733;536844766249252396;150;983;-10
2021-11-13T11:37:41.753;536844766268964168;163;970;-21
2021-11-13T11:37:41.773;536844766288675940;180;975;-21
2021-11-13T11:37:41.793;536844766308387712;169;975;-39
2021-11-13T11:37:41.812;536844766328099484;144;981;-14
2021-11-13T11:37:41.832;536844766347811256;144;967;-7
2021-11-13T11:37:41.852;536844766367523028;135;974;14
2021-11-13T11:37:41.871;536844766387234800;129;979;6
2021-11-13T11:37:41.891;536844766406946572;119;974;19
2021-11-13T11:37:41.911;536844766426658344;114;975;9
2021-11-13T11:37:41.930;536844766446370116;131;971;-22
2021-11-13T11:37:41.950;536844766466081888;154;975;-45
2021-11-13T11:37:41.970;536844766485793660;185;983;-42
2021-11-13T11:37:41.990;536844766505505432;167;984;-17
2021-11-13T11:37:42.009;536844766525217204;152;978;-8
2021-11-13T11:37:42.029;536844766544928976;130;983;-7
2021-11-13T11:37:42.049;536844766564640748;119;984;-1
2021-11-13T11:37:42.068;536844766584352520;121;980;-44
2021-11-13T11:37:42.088;536844766604064292;121;979;-82
2021-11-13T11:37:42.108;536844766623776064;120;981;-101
2021-11-13T11:37:42.128;536844766643487836;128;984;-79
2021-11-13T11:37:42.147;536844766663199608;113;973;-119
2021-11-13T11:37:42.167;536844766682911380;114;984;-118
2021-11-13T11:37:42.187;536844766702623152;68;974;-83
2021-11-13T11:37:42.206;536844766722334924;60;980;-75
