Phone timestamp;sensor timestamp [ns];X [mg];Y [mg];Z [mg]
2021-11-13T11:39:56.280;536844900843586647;98;983;-51
2021-11-13T11:39:56.299;536844900863292594;91;983;-61
2021-11-13T11:39:56.319;536844900882998541;109;981;-79
2021-11-13T11:39:56.339;536844900902704488;110;980;-58
2021-11-13T11:39:56.358;536844900922410435;104;970;-27
2021-11-13T11:39:56.378;536844900942116382;93;975;-19
2021-11-13T11:39:56.398;536844900961822329;77;979;-33
2021-11-13T11:39:56.417;536844900981528276;81;978;-23
2021-11-13T11:39:56.437;536844901001234223;96;976;-25
2021-11-13T11:39:56.457;536844901020940170;97;980;-51
2021-11-13T11:39:56.477;536844901040646117;102;976;-84
2021-11-13T11:39:56.496;536844901060352064;121;977;-97
2021-11-13T11:39:56.516;536844901080058011;120;973;-127
2021-11-13T11:39:56.536;536844901099763958;129;975;-139
2021-11-13T11:39:56.555;536844901119469905;140;979;-128
2021-11-13T11:39:56.575;536844901139175852;134;984;-111
2021-11-13T11:39:56.595;536844901158881799;128;980;-80
2021-11-13T11:39:56.615;536844901178587746;121;982;-71
2021-11-13T11:39:56.634;536844901198293693;115;978;-54
2021-11-13T11:39:56.654;536844901217999640;114;984;-38
2021-11-13T11:39:56.674;536844901237705587;114;981;-62
2021-11-13T11:39:56.693;536844901257411534;119;981;-61
2021-11-13T11:39:56.713;536844901277117481;103;983;-71
2021-11-13T11:39:56.733;536844901296823428;73;982;-42
2021-11-13T11:39:56.752;536844901316529375;71;977;-63
2021-11-13T11:39:56.772;536844901336235322;69;976;-86
2021-11-13T11:39:56.792;536844901355941269;47;978;-81
2021-11-13T11:39:56.812;536844901375647216;26;981;-48
2021-11-13T11:39:56.831;536844901395353163;33;972;-75
2021-11-13T11:39:56.851;536844901415059110;36;981;-81
2021-11-13T11:39:56.871;536844901434765057;54;980;-81
2021-11-13T11:39:56.890;536844901454471004;74;980;-97
2021-11-13T11:39:56.910;536844901474176951;67;987;-101
2021-11-13T11:39:56.930;536844901493882898;44;985;-114
2021-11-13T11:39:56.950;536844901513588845;34;988;-93
2021-11-13T11:39:56.969;536844901533294792;32;999;-48
2021-11-13T11:39:56.989;536844901553000743;43;981;-95
2021-11-13T11:39:57.009;536844901572706690;-35;991;-135
2021-11-13T11:39:57.028;536844901592412637;-47;1001;-181
2021-11-13T11:39:57.048;536844901612118584;-33;1029;-93
2021-11-13T11:39:57.068;536844901631824531;-53;1045;-46
2021-11-13T11:39:57.087;536844901651530478;-75;1025;-90
2021-11-13T11:39:57.107;536844901671236425;-24;950;-204
2021-11-13T11:39:57.127;536844901690942372;37;886;-263
2021-11-13T11:39:57.147;536844901710648319;88;813;-358
2021-11-13T11:39:57.166;536844901730354266;31;842;-430
2021-11-13T11:39:57.186;536844901750060213;-46;932;-285
2021-11-13T11:39:57.206;536844901769766160;-122;972;-157
2021-11-13T11:39:57.225;536844901789472107;-260;1008;-106
2021-11-13T11:39:57.245;536844901809178054;-319;1019;-136
2021-11-13T11:39:57.265;536844901828884001;-240;965;-166
2021-11-13T11:39:57.285;536844901848589948;-161;923;-170
2021-11-13T11:39:57.304;536844901868295895;-124;903;-186
2021-11-13T11:39:57.324;536844901888001842;-157;937;-195
2021-11-13T11:39:57.344;536844901907707789;-219;977;-172
2021-11-13T11:39:57.363;536844901927413736;-238;975;-178
2021-11-13T11:39:57.383;536844901947119683;-202;902;-203
2021-11-13T11:39:57.403;536844901966825630;-285;922;-250
2021-11-13T11:39:57.422;536844901986531577;-314;859;-333
2021-11-13T11:39:57.442;536844902006237524;-260;839;-297
2021-11-13T11:39:57.462;536844902025943471;-251;767;-386
2021-11-13T11:39:57.482;536844902045649418;-253;749;-461
2021-11-13T11:39:57.501;536844902065355365;-291;766;-398
2021-11-13T11:39:57.521;536844902085061312;-424;851;-221
2021-11-13T11:39:57.541;536844902104767259;-580;981;-94
2021-11-13T11:39:57.560;536844902124473206;-654;1019;-157
2021-11-13T11:39:57.580;536844902144179153;-513;900;-388
2021-11-13T11:39:57.600;536844902163885100;-324;781;-545
2021-11-13T11:39:57.620;536844902183591047;-303;884;-271
2021-11-13T11:39:57.639;536844902203296994;-425;972;-38
2021-11-13T11:39:57.659;536844902223002941;-433;933;-71
2021-11-13T11:39:57.679;536844902242708888;-308;890;-167
2021-11-13T11:39:57.698;536844902262422140;-190;890;-218
2021-11-13T11:39:57.718;536844902282135368;-211;885;-221
2021-11-13T11:39:57.738;536844902301848596;-337;933;-132
2021-11-13T11:39:57.757;536844902321561824;-376;1020;-63
2021-11-13T11:39:57.777;536844902341275052;-268;1019;-151
2021-11-13T11:39:57.797;536844902360988280;-237;955;-248
2021-11-13T11:39:57.817;536844902380701508;-229;917;-288
2021-11-13T11:39:57.836;536844902400414736;-225;922;-256
2021-11-13T11:39:57.856;536844902420127964;-261;917;-229
2021-11-13T11:39:57.876;536844902439841192;-291;920;-239
2021-11-13T11:39:57.895;536844902459554420;-272;926;-246
2021-11-13T11:39:57.915;536844902479267648;-247;941;-235
2021-11-13T11:39:57.935;536844902498980876;-218;958;-220
2021-11-13T11:39:57.955;536844902518694104;-248;901;-250
2021-11-13T11:39:57.974;536844902538407332;-279;931;-255
2021-11-13T11:39:57.994;536844902558120560;-364;959;-257
2021-11-13T11:39:58.014;536844902577833788;-378;969;-262
2021-11-13T11:39:58.033;536844902597547016;-341;954;-251
2021-11-13T11:39:58.053;536844902617260244;-215;979;-165
2021-11-13T11:39:58.073;536844902636973472;-233;970;-137
2021-11-13T11:39:58.093;536844902656686700;-227;939;-125
2021-11-13T11:39:58.112;536844902676399928;-277;912;-114
2021-11-13T11:39:58.132;536844902696113156;-226;897;-131
2021-11-13T11:39:58.152;536844902715826384;-97;828;-250
2021-11-13T11:39:58.171;536844902735539612;65;740;-402
2021-11-13T11:39:58.191;536844902755252840;-39;779;-412
2021-11-13T11:39:58.211;536844902774966068;-218;879;-337
2021-11-13T11:39:58.231;536844902794679296;-434;1073;-302
2021-11-13T11:39:58.250;536844902814392524;-310;1169;-120
2021-11-13T11:39:58.270;536844902834105752;-101;918;-86
2021-11-13T11:39:58.290;536844902853818980;-115;946;-199
2021-11-13T11:39:58.309;536844902873532208;-47;988;-226
2021-11-13T11:39:58.329;536844902893245436;-45;983;-161
2021-11-13T11:39:58.349;536844902912958664;-31;981;-120
2021-11-13T11:39:58.369;536844902932671892;-104;968;-133
2021-11-13T11:39:58.388;536844902952385120;-39;998;-115
2021-11-13T11:39:58.408;536844902972091071;9;984;-143
2021-11-13T11:39:58.428;536844902991797018;10;977;-183
2021-11-13T11:39:58.447;536844903011502965;-11;981;-177
2021-11-13T11:39:58.467;536844903031208912;-25;968;-193
2021-11-13T11:39:58.487;536844903050914859;-39;976;-180
2021-11-13T11:39:58.507;536844903070620806;-16;976;-195
2021-11-13T11:39:58.526;536844903090326753;-19;979;-194
2021-11-13T11:39:58.546;536844903110032700;-22;977;-181
2021-11-13T11:39:58.566;536844903129738647;-4;972;-159
2021-11-13T11:39:58.585;536844903149444594;22;979;-131
2021-11-13T11:39:58.605;536844903169150541;-1;976;-97
2021-11-13T11:39:58.625;536844903188856488;13;978;-148
2021-11-13T11:39:58.644;536844903208562435;13;976;-135
2021-11-13T11:39:58.664;536844903228268382;64;981;-136
2021-11-13T11:39:58.684;536844903247974329;82;975;-138
2021-11-13T11:39:58.704;536844903267680276;80;983;-103
2021-11-13T11:39:58.723;536844903287386223;72;977;-103
2021-11-13T11:39:58.743;536844903307092170;71;974;-92
2021-11-13T11:39:58.763;536844903326798117;78;982;-67
2021-11-13T11:39:58.782;536844903346504064;110;971;-97
2021-11-13T11:39:58.802;536844903366210011;106;975;-49
2021-11-13T11:39:58.822;536844903385915958;95;979;-18
2021-11-13T11:39:58.842;536844903405621905;99;981;-12
2021-11-13T11:39:58.861;536844903425327852;109;982;-20
2021-11-13T11:39:58.881;536844903445033799;121;981;-34
2021-11-13T11:39:58.901;536844903464739746;124;972;-71
2021-11-13T11:39:58.920;536844903484445693;135;969;-87
2021-11-13T11:39:58.940;536844903504151640;162;970;-121
2021-11-13T11:39:58.960;536844903523857587;210;957;-139
2021-11-13T11:39:58.979;536844903543563534;193;978;-73
2021-11-13T11:39:58.999;536844903563269481;172;979;-52
2021-11-13T11:39:59.019;536844903582975428;190;974;-53
2021-11-13T11:39:59.039;536844903602681375;185;984;-28
2021-11-13T11:39:59.058;536844903622387322;164;983;-17
2021-11-13T11:39:59.078;536844903642093269;131;979;14
2021-11-13T11:39:59.098;536844903661799216;138;980;12
2021-11-13T11:39:59.117;536844903681505194;154;977;16
2021-11-13T11:39:59.137;536844903701211140;154;984;-6
2021-11-13T11:39:59.157;536844903720917086;180;977;-17
2021-11-13T11:39:59.177;536844903740623032;184;980;-25
2021-11-13T11:39:59.196;536844903760328978;167;980;-48
2021-11-13T11:39:59.216;536844903780034924;153;978;-51
2021-11-13T11:39:59.236;536844903799740870;140;975;-49
2021-11-13T11:39:59.255;536844903819446816;142;978;-56
2021-11-13T11:39:59.275;536844903839152762;156;978;-56
2021-11-13T11:39:59.295;536844903858858708;147;981;-43
2021-11-13T11:39:59.314;536844903878564654;144;983;-57
2021-11-13T11:39:59.334;536844903898270600;146;976;-54
2021-11-13T11:39:59.354;536844903917976546;128;973;-34
2021-11-13T11:39:59.374;536844903937682492;128;973;-24
2021-11-13T11:39:59.393;536844903957388438;127;980;-22
2021-11-13T11:39:59.413;536844903977094384;117;979;-44
2021-11-13T11:39:59.433;536844903996800330;118;977;-62
2021-11-13T11:39:59.452;536844904016506276;114;979;-68
2021-11-13T11:39:59.472;536844904036212222;111;983;-42
2021-11-13T11:39:59.492;536844904055918168;112;983;-27
2021-11-13T11:39:59.512;536844904075624114;88;982;-33
2021-11-13T11:39:59.531;536844904095330060;81;982;-35
2021-11-13T11:39:59.551;536844904115036006;62;980;-59
2021-11-13T11:39:59.571;536844904134741952;70;984;-68
2021-11-13T11:39:59.590;536844904154447898;58;980;-75
2021-11-13T11:39:59.610;536844904174153844;47;977;-101
2021-11-13T11:39:59.630;536844904193859790;49;978;-113
2021-11-13T11:39:59.649;536844904213565736;42;984;-101
2021-11-13T11:39:59.669;536844904233271682;32;979;-124
2021-11-13T11:39:59.689;536844904252977628;18;973;-125
2021-11-13T11:39:59.709;536844904272683574;-8;978;-136
2021-11-13T11:39:59.728;536844904292389520;2;972;-177
2021-11-13T11:39:59.748;536844904312095466;-36;980;-195
2021-11-13T11:39:59.768;536844904331801412;-30;979;-178
2021-11-13T11:39:59.787;536844904351507358;-70;968;-154
2021-11-13T11:39:59.807;536844904371213304;-91;964;-129
2021-11-13T11:39:59.827;536844904390907612;-127;956;-145
2021-11-13T11:39:59.847;536844904410601908;-165;953;-148
2021-11-13T11:39:59.866;536844904430296204;-201;939;-138
2021-11-13T11:39:59.886;536844904449990500;-202;947;-153
2021-11-13T11:39:59.906;536844904469684796;-180;924;-228
2021-11-13T11:39:59.925;536844904489379092;-139;941;-282
2021-11-13T11:39:59.945;536844904509073388;-202;928;-326
2021-11-13T11:39:59.965;536844904528767684;-314;888;-324
2021-11-13T11:39:59.984;536844904548461980;-355;954;-317
2021-11-13T11:40:00.004;536844904568156276;-388;944;-284
2021-11-13T11:40:00.024;536844904587850572;-376;849;-218
2021-11-13T11:40:00.043;536844904607544868;-325;869;-232
2021-11-13T11:40:00.063;536844904627239164;-308;916;-249
2021-11-13T11:40:00.083;536844904646933460;-315;934;-275
2021-11-13T11:40:00.103;536844904666627756;-385;882;-307
2021-11-13T11:40:00.122;536844904686322052;-324;887;-295
2021-11-13T11:40:00.142;536844904706016348;-237;909;-225
2021-11-13T11:40:00.162;536844904725710644;-208;939;-155
2021-11-13T11:40:00.181;536844904745404940;-261;939;-190
2021-11-13T11:40:00.201;536844904765099236;-248;956;-221
2021-11-13T11:40:00.221;536844904784793532;-224;926;-218
2021-11-13T11:40:00.240;536844904804487828;-220;951;-262
2021-11-13T11:40:00.260;536844904824182124;-215;935;-239
2021-11-13T11:40:00.280;536844904843876420;-181;949;-204
2021-11-13T11:40:00.299;536844904863570716;-176;959;-212
2021-11-13T11:40:00.319;536844904883265012;-114;957;-246
2021-11-13T11:40:00.339;536844904902959308;-174;920;-288
2021-11-13T11:40:00.359;536844904922653604;-154;905;-296
2021-11-13T11:40:00.378;536844904942347900;-113;949;-240
2021-11-13T11:40:00.398;536844904962042196;-111;967;-216
2021-11-13T11:40:00.418;536844904981736492;-131;950;-206
2021-11-13T11:40:00.437;536844905001430788;-50;956;-224
2021-11-13T11:40:00.457;536844905021125084;4;962;-244
2021-11-13T11:40:00.477;536844905040819380;29;979;-203
2021-11-13T11:40:00.496;536844905060513676;6;988;-123
2021-11-13T11:40:00.516;536844905080207972;-42;974;-115
2021-11-13T11:40:00.536;536844905099908117;-20;978;-130
2021-11-13T11:40:00.556;536844905119608238;26;985;-123
2021-11-13T11:40:00.575;536844905139308359;29;969;-173
2021-11-13T11:40:00.595;536844905159008480;17;973;-171
2021-11-13T11:40:00.615;536844905178708601;27;972;-129
2021-11-13T11:40:00.634;536844905198408722;7;979;-111
2021-11-13T11:40:00.654;536844905218108843;54;972;-144
2021-11-13T11:40:00.674;536844905237808964;102;976;-157
2021-11-13T11:40:00.693;536844905257509085;105;974;-205
2021-11-13T11:40:00.713;536844905277209206;108;976;-161
2021-11-13T11:40:00.733;536844905296909327;106;979;-105
2021-11-13T11:40:00.753;536844905316609448;101;981;-96
2021-11-13T11:40:00.772;536844905336309569;122;978;-101
2021-11-13T11:40:00.792;536844905356009690;122;981;-94
2021-11-13T11:40:00.812;536844905375709811;132;976;-45
2021-11-13T11:40:00.831;536844905395409932;117;979;-40
2021-11-13T11:40:00.851;536844905415110053;118;985;-6
2021-11-13T11:40:00.871;536844905434810174;115;980;0
2021-11-13T11:40:00.890;536844905454510295;125;977;-17
2021-11-13T11:40:00.910;536844905474210416;134;979;-52
2021-11-13T11:40:00.930;536844905493910537;152;978;-77
2021-11-13T11:40:00.950;536844905513610658;172;975;-89
2021-11-13T11:40:00.969;536844905533310779;171;969;-84
2021-11-13T11:40:00.989;536844905553010900;176;950;-75
2021-11-13T11:40:01.009;536844905572711021;179;970;-68
2021-11-13T11:40:01.028;536844905592411142;220;947;-85
2021-11-13T11:40:01.048;536844905612111263;187;964;-21
2021-11-13T11:40:01.068;536844905631811384;150;976;45
2021-11-13T11:40:01.087;536844905651511505;159;978;48
2021-11-13T11:40:01.107;536844905671211626;182;984;5
2021-11-13T11:40:01.127;536844905690911747;192;983;-38
2021-11-13T11:40:01.147;536844905710611868;215;979;-35
2021-11-13T11:40:01.166;536844905730311989;212;984;-22
2021-11-13T11:40:01.186;536844905750012110;201;982;-21
2021-11-13T11:40:01.206;536844905769712231;197;982;-1
2021-11-13T11:40:01.225;536844905789412352;195;981;2
2021-11-13T11:40:01.245;536844905809112493;187;980;1
2021-11-13T11:40:01.265;536844905828812614;183;984;-13
2021-11-13T11:40:01.284;536844905848512735;186;979;-2
2021-11-13T11:40:01.304;536844905868212856;193;979;4
2021-11-13T11:40:01.324;536844905887912977;194;980;3
2021-11-13T11:40:01.344;536844905907613098;185;980;12
2021-11-13T11:40:01.363;536844905927313219;190;979;2
2021-11-13T11:40:01.383;536844905947013340;155;979;8
2021-11-13T11:40:01.403;536844905966713461;131;969;5
2021-11-13T11:40:01.422;536844905986413582;145;972;-27
2021-11-13T11:40:01.442;536844906006113703;164;966;-49
2021-11-13T11:40:01.462;536844906025813824;165;980;-63
2021-11-13T11:40:01.481;536844906045513945;142;978;-84
2021-11-13T11:40:01.501;536844906065214066;141;974;-86
2021-11-13T11:40:01.521;536844906084914187;131;971;-82
2021-11-13T11:40:01.541;536844906104614308;122;978;-44
2021-11-13T11:40:01.560;536844906124314429;113;975;-11
2021-11-13T11:40:01.580;536844906144014550;82;981;-21
2021-11-13T11:40:01.600;536844906163714671;62;978;-21
2021-11-13T11:40:01.619;536844906183414792;102;985;-14
2021-11-13T11:40:01.639;536844906203114913;120;983;-38
2021-11-13T11:40:01.659;536844906222815034;115;984;-60
2021-11-13T11:40:01.678;536844906242515155;118;973;-57
2021-11-13T11:40:01.698;536844906262215276;99;977;-98
2021-11-13T11:40:01.718;536844906281915397;110;967;-100
2021-11-13T11:40:01.738;536844906301615518;86;970;-118
2021-11-13T11:40:01.757;536844906321315639;63;978;-149
2021-11-13T11:40:01.777;536844906341015760;55;971;-111
2021-11-13T11:40:01.797;536844906360715881;30;977;-107
2021-11-13T11:40:01.816;536844906380416002;19;976;-105
2021-11-13T11:40:01.836;536844906400116123;3;983;-108
2021-11-13T11:40:01.856;536844906419816244;2;984;-85
2021-11-13T11:40:01.875;536844906439516365;-9;979;-83
2021-11-13T11:40:01.895;536844906459216486;-8;979;-80
2021-11-13T11:40:01.915;536844906478916607;-36;990;-97
2021-11-13T11:40:01.935;536844906498616728;-50;987;-122
2021-11-13T11:40:01.954;536844906518321242;-47;976;-127
2021-11-13T11:40:01.974;536844906538025732;-73;973;-126
2021-11-13T11:40:01.994;536844906557730222;-72;978;-153
2021-11-13T11:40:02.013;536844906577434712;-102;972;-173
2021-11-13T11:40:02.033;536844906597139202;-137;951;-201
2021-11-13T11:40:02.053;536844906616843692;-136;944;-207
2021-11-13T11:40:02.072;536844906636548182;-196;948;-221
2021-11-13T11:40:02.092;536844906656252672;-167;927;-267
2021-11-13T11:40:02.112;536844906675957162;-191;903;-265
2021-11-13T11:40:02.132;536844906695661652;-202;939;-212
2021-11-13T11:40:02.151;536844906715366142;-213;950;-227
2021-11-13T11:40:02.171;536844906735070632;-230;944;-268
2021-11-13T11:40:02.191;536844906754775122;-240;906;-339
2021-11-13T11:40:02.210;536844906774479612;-237;909;-309
2021-11-13T11:40:02.230;536844906794184102;-282;922;-262
2021-11-13T11:40:02.250;536844906813888592;-326;909;-261
2021-11-13T11:40:02.270;536844906833593082;-316;910;-272
2021-11-13T11:40:02.289;536844906853297572;-292;931;-267
2021-11-13T11:40:02.309;536844906873002062;-308;917;-278
2021-11-13T11:40:02.329;536844906892706552;-313;908;-296
2021-11-13T11:40:02.348;536844906912411042;-321;911;-262
2021-11-13T11:40:02.368;536844906932115532;-244;942;-176
2021-11-13T11:40:02.388;536844906951820022;-247;937;-159
2021-11-13T11:40:02.407;536844906971524512;-248;936;-198
2021-11-13T11:40:02.427;536844906991229002;-251;936;-215
2021-11-13T11:40:02.447;536844907010933492;-234;920;-211
2021-11-13T11:40:02.467;536844907030637982;-154;973;-159
2021-11-13T11:40:02.486;536844907050342472;-145;980;-175
2021-11-13T11:40:02.506;536844907070046962;-216;931;-258
2021-11-13T11:40:02.526;536844907089751452;-161;923;-249
2021-11-13T11:40:02.545;536844907109455942;-119;923;-238
2021-11-13T11:40:02.565;536844907129160432;-73;976;-185
2021-11-13T11:40:02.585;536844907148864922;-98;974;-159
2021-11-13T11:40:02.604;536844907168569412;-113;939;-230
2021-11-13T11:40:02.624;536844907188273902;-111;971;-229
2021-11-13T11:40:02.644;536844907207978392;-78;968;-197
2021-11-13T11:40:02.664;536844907227672692;-74;973;-176
2021-11-13T11:40:02.683;536844907247366988;-103;955;-196
2021-11-13T11:40:02.703;536844907267061284;-62;967;-206
2021-11-13T11:40:02.723;536844907286755580;10;985;-193
2021-11-13T11:40:02.742;536844907306449876;-47;963;-224
2021-11-13T11:40:02.762;536844907326144172;-4;961;-231
2021-11-13T11:40:02.782;536844907345838468;10;969;-181
2021-11-13T11:40:02.801;536844907365532764;22;974;-169
2021-11-13T11:40:02.821;536844907385227060;35;982;-128
2021-11-13T11:40:02.841;536844907404921356;-17;975;-85
2021-11-13T11:40:02.861;536844907424615652;6;982;-116
2021-11-13T11:40:02.880;536844907444309948;19;972;-139
2021-11-13T11:40:02.900;536844907464004244;104;983;-147
2021-11-13T11:40:02.920;536844907483698540;72;963;-163
2021-11-13T11:40:02.939;536844907503392836;73;980;-145
2021-11-13T11:40:02.959;536844907523087132;74;978;-149
2021-11-13T11:40:02.979;536844907542781428;86;973;-135
2021-11-13T11:40:02.998;536844907562475724;108;982;-109
2021-11-13T11:40:03.018;536844907582170020;100;982;-89
2021-11-13T11:40:03.038;536844907601864316;116;980;-79
2021-11-13T11:40:03.057;536844907621558612;91;976;-99
2021-11-13T11:40:03.077;536844907641252908;114;969;-123
2021-11-13T11:40:03.097;536844907660947204;118;978;-120
2021-11-13T11:40:03.117;536844907680641500;129;978;-101
2021-11-13T11:40:03.136;536844907700335796;126;977;-110
2021-11-13T11:40:03.156;536844907720030092;136;969;-113
2021-11-13T11:40:03.176;536844907739724388;136;971;-114
2021-11-13T11:40:03.195;536844907759418684;141;975;-107
2021-11-13T11:40:03.215;536844907779112980;141;973;-62
2021-11-13T11:40:03.235;536844907798807276;134;968;-81
2021-11-13T11:40:03.254;536844907818501572;137;969;-58
2021-11-13T11:40:03.274;536844907838195868;135;972;-76
2021-11-13T11:40:03.294;536844907857890164;177;977;-39
2021-11-13T11:40:03.313;536844907877584460;166;981;-51
2021-11-13T11:40:03.333;536844907897278756;176;975;-50
2021-11-13T11:40:03.353;536844907916973052;188;970;-71
2021-11-13T11:40:03.373;536844907936670261;194;984;-93
2021-11-13T11:40:03.392;536844907956367470;197;978;-96
2021-11-13T11:40:03.412;536844907976064679;182;979;-95
2021-11-13T11:40:03.432;536844907995761888;183;971;-102
2021-11-13T11:40:03.451;536844908015459097;195;980;-95
2021-11-13T11:40:03.471;536844908035156306;190;981;-98
2021-11-13T11:40:03.491;536844908054853515;176;981;-103
2021-11-13T11:40:03.510;536844908074550724;150;977;-98
2021-11-13T11:40:03.530;536844908094247933;150;974;-108
2021-11-13T11:40:03.550;536844908113945142;141;975;-95
2021-11-13T11:40:03.570;536844908133642351;149;967;-91
2021-11-13T11:40:03.589;536844908153339560;127;978;-97
2021-11-13T11:40:03.609;536844908173036769;136;981;-84
2021-11-13T11:40:03.629;536844908192733978;128;971;-113
2021-11-13T11:40:03.648;536844908212431187;130;976;-123
2021-11-13T11:40:03.668;536844908232128396;127;975;-135
2021-11-13T11:40:03.688;536844908251825605;128;981;-120
2021-11-13T11:40:03.707;536844908271522814;118;973;-126
2021-11-13T11:40:03.727;536844908291220023;111;982;-111
2021-11-13T11:40:03.747;536844908310917232;97;982;-95
2021-11-13T11:40:03.767;536844908330614441;87;975;-114
2021-11-13T11:40:03.786;536844908350311650;65;973;-156
2021-11-13T11:40:03.806;536844908370008859;71;973;-146
2021-11-13T11:40:03.826;536844908389706068;52;976;-141
2021-11-13T11:40:03.845;536844908409403277;42;977;-139
2021-11-13T11:40:03.865;536844908429100486;17;973;-135
2021-11-13T11:40:03.885;536844908448797695;-1;975;-135
2021-11-13T11:40:03.904;536844908468494904;7;972;-165
2021-11-13T11:40:03.924;536844908488192113;-2;962;-203
2021-11-13T11:40:03.944;536844908507889322;0;964;-210
2021-11-13T11:40:03.963;536844908527586531;-7;981;-178
2021-11-13T11:40:03.983;536844908547283740;-16;979;-194
2021-11-13T11:40:04.003;536844908566980949;-67;968;-195
2021-11-13T11:40:04.023;536844908586678158;-104;963;-182
2021-11-13T11:40:04.042;536844908606375367;-99;962;-182
2021-11-13T11:40:04.062;536844908626072576;-81;977;-189
2021-11-13T11:40:04.082;536844908645779991;-95;958;-218
2021-11-13T11:40:04.101;536844908665487394;-123;949;-224
2021-11-13T11:40:04.121;536844908685194797;-127;947;-235
2021-11-13T11:40:04.141;536844908704902200;-130;941;-211
2021-11-13T11:40:04.161;536844908724609603;-156;970;-200
2021-11-13T11:40:04.180;536844908744317006;-126;968;-282
2021-11-13T11:40:04.200;536844908764024409;-164;920;-356
2021-11-13T11:40:04.220;536844908783731812;-198;879;-327
2021-11-13T11:40:04.239;536844908803439215;-297;893;-251
2021-11-13T11:40:04.259;536844908823146618;-333;904;-226
2021-11-13T11:40:04.279;536844908842854021;-380;901;-221
2021-11-13T11:40:04.298;536844908862561424;-347;930;-223
2021-11-13T11:40:04.318;536844908882268827;-383;883;-276
2021-11-13T11:40:04.338;536844908901976230;-419;876;-298
2021-11-13T11:40:04.358;536844908921683633;-428;872;-303
2021-11-13T11:40:04.377;536844908941391036;-443;876;-299
2021-11-13T11:40:04.397;536844908961098439;-406;893;-272
2021-11-13T11:40:04.417;536844908980805842;-418;876;-281
2021-11-13T11:40:04.436;536844909000513245;-352;904;-247
2021-11-13T11:40:04.456;536844909020220648;-319;900;-224
2021-11-13T11:40:04.476;536844909039928051;-260;921;-112
2021-11-13T11:40:04.496;536844909059635454;-306;935;-118
2021-11-13T11:40:04.515;536844909079342857;-261;958;-206
2021-11-13T11:40:04.535;536844909099050260;-211;957;-202
2021-11-13T11:40:04.555;536844909118757663;-243;925;-168
2021-11-13T11:40:04.574;536844909138465066;-206;969;-219
2021-11-13T11:40:04.594;536844909158172469;-222;942;-225
2021-11-13T11:40:04.614;536844909177879872;-138;934;-220
2021-11-13T11:40:04.634;536844909197587275;-84;947;-200
2021-11-13T11:40:04.653;536844909217294678;-124;948;-217
2021-11-13T11:40:04.673;536844909237002081;-182;958;-198
2021-11-13T11:40:04.693;536844909256709484;-168;908;-230
2021-11-13T11:40:04.712;536844909276416887;-82;950;-216
2021-11-13T11:40:04.732;536844909296124290;-42;975;-149
2021-11-13T11:40:04.752;536844909315831693;-24;981;-141
2021-11-13T11:40:04.771;536844909335539096;-19;985;-131
2021-11-13T11:40:04.791;536844909355231963;-24;966;-134
2021-11-13T11:40:04.811;536844909374924802;-20;980;-121
2021-11-13T11:40:04.831;536844909394617641;-7;989;-104
2021-11-13T11:40:04.850;536844909414310480;56;978;-128
2021-11-13T11:40:04.870;536844909434003319;48;981;-130
2021-11-13T11:40:04.890;536844909453696158;47;977;-113
2021-11-13T11:40:04.909;536844909473388997;39;975;-77
2021-11-13T11:40:04.929;536844909493081836;86;983;-86
2021-11-13T11:40:04.949;536844909512774675;102;981;-78
2021-11-13T11:40:04.968;536844909532467514;90;983;-77
2021-11-13T11:40:04.988;536844909552160353;116;978;-112
2021-11-13T11:40:05.008;536844909571853192;118;975;-88
2021-11-13T11:40:05.027;536844909591546031;118;987;-55
2021-11-13T11:40:05.047;536844909611238870;126;979;-63
2021-11-13T11:40:05.067;536844909630931709;140;984;-54
2021-11-13T11:40:05.087;536844909650624548;135;984;-63
2021-11-13T11:40:05.106;536844909670317387;145;981;-36
2021-11-13T11:40:05.126;536844909690010226;116;979;-25
2021-11-13T11:40:05.146;536844909709703065;124;985;-36
2021-11-13T11:40:05.165;536844909729395904;121;979;-27
2021-11-13T11:40:05.185;536844909749088743;127;980;-50
2021-11-13T11:40:05.205;536844909768781582;131;976;-62
2021-11-13T11:40:05.224;536844909788474421;126;965;-87
2021-11-13T11:40:05.244;536844909808167260;128;958;-90
2021-11-13T11:40:05.264;536844909827860099;142;966;-109
2021-11-13T11:40:05.283;536844909847552938;153;980;-72
2021-11-13T11:40:05.303;536844909867245777;140;970;-75
2021-11-13T11:40:05.323;536844909886938616;160;983;-75
2021-11-13T11:40:05.343;536844909906631455;159;977;-47
2021-11-13T11:40:05.362;536844909926324294;145;971;-54
2021-11-13T11:40:05.382;536844909946017133;177;972;-27
2021-11-13T11:40:05.402;536844909965709972;161;971;-9
2021-11-13T11:40:05.421;536844909985402811;145;981;1
2021-11-13T11:40:05.441;536844910005095650;145;980;1
2021-11-13T11:40:05.461;536844910024788489;126;974;9
2021-11-13T11:40:05.480;536844910044481328;135;968;-8
2021-11-13T11:40:05.500;536844910064185842;151;967;3
2021-11-13T11:40:05.520;536844910083890332;164;981;-24
2021-11-13T11:40:05.540;536844910103594822;177;981;-47
2021-11-13T11:40:05.559;536844910123299312;187;973;-69
2021-11-13T11:40:05.579;536844910143003802;206;975;-71
2021-11-13T11:40:05.599;536844910162708292;200;985;-61
2021-11-13T11:40:05.618;536844910182412782;219;980;-61
2021-11-13T11:40:05.638;536844910202117272;205;978;-61
2021-11-13T11:40:05.658;536844910221821762;206;976;-69
2021-11-13T11:40:05.677;536844910241526252;214;985;-41
2021-11-13T11:40:05.697;536844910261230742;196;980;-25
2021-11-13T11:40:05.717;536844910280935232;185;982;-22
2021-11-13T11:40:05.737;536844910300639722;192;980;-26
2021-11-13T11:40:05.756;536844910320344212;185;983;-43
2021-11-13T11:40:05.776;536844910340048702;148;978;-6
2021-11-13T11:40:05.796;536844910359753192;167;975;-16
2021-11-13T11:40:05.815;536844910379457682;141;983;-15
2021-11-13T11:40:05.835;536844910399162172;139;979;-2
2021-11-13T11:40:05.855;536844910418866662;129;973;-69
2021-11-13T11:40:05.874;536844910438571152;134;966;-99
2021-11-13T11:40:05.894;536844910458275642;137;961;-118
2021-11-13T11:40:05.914;536844910477980132;144;966;-141
2021-11-13T11:40:05.934;536844910497684622;141;970;-151
2021-11-13T11:40:05.953;536844910517389112;123;978;-124
2021-11-13T11:40:05.973;536844910537093602;107;972;-100
2021-11-13T11:40:05.993;536844910556798092;75;985;-61
2021-11-13T11:40:06.012;536844910576502582;50;979;-74
2021-11-13T11:40:06.032;536844910596207072;37;979;-65
2021-11-13T11:40:06.052;536844910615911562;26;981;-72
2021-11-13T11:40:06.072;536844910635616052;55;976;-114
2021-11-13T11:40:06.091;536844910655320542;72;969;-127
2021-11-13T11:40:06.111;536844910675025032;78;972;-137
2021-11-13T11:40:06.131;536844910694729522;67;979;-143
2021-11-13T11:40:06.150;536844910714434012;38;983;-150
2021-11-13T11:40:06.170;536844910734138502;34;982;-126
2021-11-13T11:40:06.190;536844910753842992;17;972;-159
2021-11-13T11:40:06.209;536844910773541661;30;975;-189
2021-11-13T11:40:06.229;536844910793240326;21;980;-165
2021-11-13T11:40:06.249;536844910812938991;10;977;-161
2021-11-13T11:40:06.269;536844910832637656;-30;967;-197
2021-11-13T11:40:06.288;536844910852336321;-46;974;-187
2021-11-13T11:40:06.308;536844910872034986;-27;970;-149
2021-11-13T11:40:06.328;536844910891733651;-65;977;-160
2021-11-13T11:40:06.347;536844910911432316;-93;966;-182
2021-11-13T11:40:06.367;536844910931130981;-105;964;-190
2021-11-13T11:40:06.387;536844910950829646;-113;966;-205
2021-11-13T11:40:06.406;536844910970528311;-126;944;-208
2021-11-13T11:40:06.426;536844910990226976;-139;954;-216
2021-11-13T11:40:06.446;536844911009925641;-154;948;-229
2021-11-13T11:40:06.466;536844911029624306;-147;951;-220
2021-11-13T11:40:06.485;536844911049322971;-188;965;-231
2021-11-13T11:40:06.505;536844911069021636;-172;938;-238
2021-11-13T11:40:06.525;536844911088720301;-187;943;-229
2021-11-13T11:40:06.544;536844911108418966;-229;938;-231
2021-11-13T11:40:06.564;536844911128117631;-312;928;-212
2021-11-13T11:40:06.584;536844911147816296;-425;869;-244
2021-11-13T11:40:06.603;536844911167514961;-388;853;-292
2021-11-13T11:40:06.623;536844911187213626;-369;893;-338
2021-11-13T11:40:06.643;536844911206912291;-323;894;-355
2021-11-13T11:40:06.663;536844911226610956;-362;866;-392
2021-11-13T11:40:06.682;536844911246309621;-382;906;-359
2021-11-13T11:40:06.702;536844911266008286;-345;936;-257
2021-11-13T11:40:06.722;536844911285706951;-264;928;-215
2021-11-13T11:40:06.741;536844911305405616;-240;944;-209
2021-11-13T11:40:06.761;536844911325104281;-222;970;-196
2021-11-13T11:40:06.781;536844911344802946;-242;893;-203
2021-11-13T11:40:06.800;536844911364501611;-307;897;-226
2021-11-13T11:40:06.820;536844911384200276;-333;884;-289
2021-11-13T11:40:06.840;536844911403898941;-361;883;-357
2021-11-13T11:40:06.860;536844911423597606;-355;947;-281
2021-11-13T11:40:06.879;536844911443296271;-330;969;-243
2021-11-13T11:40:06.899;536844911462994936;-254;1005;-152
2021-11-13T11:40:06.919;536844911482693613;-170;959;-123
2021-11-13T11:40:06.938;536844911502392278;-49;920;-140
2021-11-13T11:40:06.958;536844911522090943;147;712;-616
2021-11-13T11:40:06.978;536844911541789608;341;659;-465
2021-11-13T11:40:06.997;536844911561488273;-24;938;42
2021-11-13T11:40:07.017;536844911581186938;-639;1405;-4
2021-11-13T11:40:07.037;536844911600885603;-188;873;-363
2021-11-13T11:40:07.056;536844911620584268;22;864;-287
2021-11-13T11:40:07.076;536844911640282933;1;1027;-193
2021-11-13T11:40:07.096;536844911659981598;-11;986;-175
2021-11-13T11:40:07.116;536844911679680263;-50;950;-234
2021-11-13T11:40:07.135;536844911699378928;-61;940;-243
2021-11-13T11:40:07.155;536844911719077593;23;974;-200
2021-11-13T11:40:07.175;536844911738776258;40;984;-164
2021-11-13T11:40:07.194;536844911758474923;42;991;-136
2021-11-13T11:40:07.214;536844911778173588;19;974;-137
2021-11-13T11:40:07.234;536844911797872253;28;974;-155
2021-11-13T11:40:07.253;536844911817570918;64;986;-100
2021-11-13T11:40:07.273;536844911837269583;67;979;-131
2021-11-13T11:40:07.293;536844911856968248;95;984;-149
2021-11-13T11:40:07.313;536844911876666913;51;977;-139
2021-11-13T11:40:07.332;536844911896365578;8;963;-140
2021-11-13T11:40:07.352;536844911916064243;41;979;-142
2021-11-13T11:40:07.372;536844911935762908;70;969;-136
2021-11-13T11:40:07.391;536844911955461573;105;988;-135
2021-11-13T11:40:07.411;536844911975160238;88;984;-128
2021-11-13T11:40:07.431;536844911994858903;38;980;-115
2021-11-13T11:40:07.450;536844912014557568;22;971;-115
2021-11-13T11:40:07.470;536844912034256233;44;968;-115
2021-11-13T11:40:07.490;536844912053954898;65;975;-123
2021-11-13T11:40:07.510;536844912073653563;91;973;-108
2021-11-13T11:40:07.529;536844912093352228;67;977;-101
2021-11-13T11:40:07.549;536844912113050893;66;972;-87
2021-11-13T11:40:07.569;536844912132749558;105;978;-90
2021-11-13T11:40:07.588;536844912152448223;119;977;-91
2021-11-13T11:40:07.608;536844912172146888;113;975;-78
2021-11-13T11:40:07.628;536844912191851406;118;980;-53
2021-11-13T11:40:07.647;536844912211555896;124;979;-32
2021-11-13T11:40:07.667;536844912231260386;126;978;-22
2021-11-13T11:40:07.687;536844912250964876;123;977;-11
2021-11-13T11:40:07.707;536844912270669366;135;977;-31
2021-11-13T11:40:07.726;536844912290373856;142;982;-16
2021-11-13T11:40:07.746;536844912310078346;150;972;-16
2021-11-13T11:40:07.766;536844912329782836;151;977;-22
2021-11-13T11:40:07.785;536844912349487326;177;976;-14
2021-11-13T11:40:07.805;536844912369191816;147;977;-63
2021-11-13T11:40:07.825;536844912388896306;181;979;-49
2021-11-13T11:40:07.845;536844912408600796;180;977;-53
2021-11-13T11:40:07.864;536844912428305286;198;973;-70
2021-11-13T11:40:07.884;536844912448009776;207;983;-105
2021-11-13T11:40:07.904;536844912467714266;197;982;-71
2021-11-13T11:40:07.923;536844912487418756;181;984;-51
2021-11-13T11:40:07.943;536844912507123246;145;981;-43
2021-11-13T11:40:07.963;536844912526827736;132;977;-40
2021-11-13T11:40:07.982;536844912546532226;129;984;-32
2021-11-13T11:40:08.002;536844912566236716;135;975;-44
2021-11-13T11:40:08.022;536844912585941206;129;978;-50
2021-11-13T11:40:08.042;536844912605645696;137;976;-71
2021-11-13T11:40:08.061;536844912625350186;128;981;-64
2021-11-13T11:40:08.081;536844912645054676;127;980;-50
2021-11-13T11:40:08.101;536844912664759166;116;976;-52
2021-11-13T11:40:08.120;536844912684463656;110;982;-29
2021-11-13T11:40:08.140;536844912704168146;101;981;-46
2021-11-13T11:40:08.160;536844912723872636;111;980;-86
2021-11-13T11:40:08.179;536844912743577126;81;984;-42
2021-11-13T11:40:08.199;536844912763281616;67;977;-46
2021-11-13T11:40:08.219;536844912782986106;49;980;-58
2021-11-13T11:40:08.239;536844912802690596;22;976;-80
2021-11-13T11:40:08.258;536844912822395086;14;973;-86
2021-11-13T11:40:08.278;536844912842099576;28;982;-100
2021-11-13T11:40:08.298;536844912861804066;21;978;-115
2021-11-13T11:40:08.317;536844912881508556;32;970;-172
2021-11-13T11:40:08.337;536844912901214503;40;986;-148
2021-11-13T11:40:08.357;536844912920920450;10;968;-167
2021-11-13T11:40:08.377;536844912940626397;3;977;-162
2021-11-13T11:40:08.396;536844912960332344;-62;963;-175
2021-11-13T11:40:08.416;536844912980038291;-27;976;-195
2021-11-13T11:40:08.436;536844912999744238;-14;979;-175
2021-11-13T11:40:08.455;536844913019450185;10;984;-167
2021-11-13T11:40:08.475;536844913039156132;-36;971;-175
2021-11-13T11:40:08.495;536844913058862079;-106;962;-186
2021-11-13T11:40:08.514;536844913078568026;-113;976;-142
2021-11-13T11:40:08.534;536844913098273973;-128;955;-157
2021-11-13T11:40:08.554;536844913117979920;-132;969;-139
2021-11-13T11:40:08.574;536844913137685867;-96;978;-137
2021-11-13T11:40:08.593;536844913157391814;-96;979;-130
2021-11-13T11:40:08.613;536844913177097761;-133;950;-178
2021-11-13T11:40:08.633;536844913196803708;-120;974;-171
2021-11-13T11:40:08.652;536844913216509655;-123;971;-160
2021-11-13T11:40:08.672;536844913236215602;-171;939;-198
2021-11-13T11:40:08.692;536844913255921549;-164;956;-213
2021-11-13T11:40:08.712;536844913275627496;-203;947;-205
2021-11-13T11:40:08.731;536844913295333443;-254;908;-240
2021-11-13T11:40:08.751;536844913315039390;-216;947;-234
2021-11-13T11:40:08.771;536844913334745337;-219;934;-253
2021-11-13T11:40:08.790;536844913354451284;-225;918;-262
2021-11-13T11:40:08.810;536844913374157231;-138;938;-261
2021-11-13T11:40:08.830;536844913393863178;-200;914;-269
2021-11-13T11:40:08.849;536844913413569125;-216;938;-269
2021-11-13T11:40:08.869;536844913433275072;-334;912;-245
2021-11-13T11:40:08.889;536844913452981019;-421;882;-241
2021-11-13T11:40:08.909;536844913472686966;-471;854;-295
2021-11-13T11:40:08.928;536844913492392913;-404;852;-359
2021-11-13T11:40:08.948;536844913512098860;-387;874;-365
2021-11-13T11:40:08.968;536844913531804807;-405;871;-356
2021-11-13T11:40:08.987;536844913551510754;-414;879;-317
2021-11-13T11:40:09.007;536844913571216701;-409;877;-295
2021-11-13T11:40:09.027;536844913590922648;-369;915;-237
2021-11-13T11:40:09.047;536844913610627162;-334;927;-223
2021-11-13T11:40:09.066;536844913630331652;-289;908;-196
2021-11-13T11:40:09.086;536844913650036142;-221;908;-151
2021-11-13T11:40:09.106;536844913669740632;-255;935;-163
2021-11-13T11:40:09.125;536844913689445122;-200;919;-185
2021-11-13T11:40:09.145;536844913709149612;-171;934;-138
2021-11-13T11:40:09.165;536844913728854102;-248;978;-198
2021-11-13T11:40:09.184;536844913748558592;-196;960;-222
2021-11-13T11:40:09.204;536844913768263082;-199;895;-237
2021-11-13T11:40:09.224;536844913787967572;-67;948;-224
2021-11-13T11:40:09.244;536844913807672062;-67;1003;-183
2021-11-13T11:40:09.263;536844913827376552;-177;930;-207
2021-11-13T11:40:09.283;536844913847081042;-178;943;-226
2021-11-13T11:40:09.303;536844913866785532;-131;951;-231
2021-11-13T11:40:09.322;536844913886490022;-64;965;-210
2021-11-13T11:40:09.342;536844913906194512;-3;978;-193
2021-11-13T11:40:09.362;536844913925899002;-7;985;-167
2021-11-13T11:40:09.382;536844913945603492;-94;961;-195
2021-11-13T11:40:09.401;536844913965307982;-48;980;-210
2021-11-13T11:40:09.421;536844913985012472;1;979;-225
2021-11-13T11:40:09.441;536844914004716962;-63;928;-290
2021-11-13T11:40:09.460;536844914024421452;30;972;-262
2021-11-13T11:40:09.480;536844914044125942;31;937;-235
2021-11-13T11:40:09.500;536844914063830432;81;994;-172
2021-11-13T11:40:09.519;536844914083534922;33;993;-67
2021-11-13T11:40:09.539;536844914103239412;-29;977;-131
2021-11-13T11:40:09.559;536844914122943902;-20;973;-204
2021-11-13T11:40:09.579;536844914142648392;-1;962;-208
2021-11-13T11:40:09.598;536844914162352882;47;981;-188
2021-11-13T11:40:09.618;536844914182057372;11;969;-167
2021-11-13T11:40:09.638;536844914201761862;-22;978;-143
2021-11-13T11:40:09.657;536844914221466352;0;971;-156
2021-11-13T11:40:09.677;536844914241170842;28;975;-135
2021-11-13T11:40:09.697;536844914260875332;47;979;-131
2021-11-13T11:40:09.716;536844914280579822;54;983;-150
2021-11-13T11:40:09.736;536844914300284312;21;975;-140
2021-11-13T11:40:09.756;536844914319985917;19;975;-151
2021-11-13T11:40:09.776;536844914339687494;42;968;-151
2021-11-13T11:40:09.795;536844914359389071;62;978;-120
2021-11-13T11:40:09.815;536844914379090648;44;972;-109
2021-11-13T11:40:09.835;536844914398792225;51;977;-110
2021-11-13T11:40:09.854;536844914418493802;22;976;-117
2021-11-13T11:40:09.874;536844914438195379;49;972;-136
2021-11-13T11:40:09.894;536844914457896956;66;961;-122
2021-11-13T11:40:09.914;536844914477598533;111;973;-127
2021-11-13T11:40:09.933;536844914497300110;119;967;-133
2021-11-13T11:40:09.953;536844914517001687;117;977;-108
2021-11-13T11:40:09.973;536844914536703264;119;983;-80
2021-11-13T11:40:09.992;536844914556404841;121;982;-48
2021-11-13T11:40:10.012;536844914576106418;118;984;-29
2021-11-13T11:40:10.032;536844914595807995;120;984;-32
2021-11-13T11:40:10.051;536844914615509572;123;979;-62
2021-11-13T11:40:10.071;536844914635211149;129;984;-47
2021-11-13T11:40:10.091;536844914654912726;140;986;-69
2021-11-13T11:40:10.111;536844914674614303;124;984;-70
2021-11-13T11:40:10.130;536844914694315880;117;976;-68
2021-11-13T11:40:10.150;536844914714017457;115;980;-67
2021-11-13T11:40:10.170;536844914733719034;121;981;-73
2021-11-13T11:40:10.189;536844914753420611;118;974;-106
2021-11-13T11:40:10.209;536844914773122188;114;978;-104
2021-11-13T11:40:10.229;536844914792823765;114;973;-72
2021-11-13T11:40:10.248;536844914812525342;108;980;-87
2021-11-13T11:40:10.268;536844914832226919;83;981;-69
2021-11-13T11:40:10.288;536844914851928496;80;976;-68
2021-11-13T11:40:10.308;536844914871630073;92;980;-82
2021-11-13T11:40:10.327;536844914891331650;83;980;-78
2021-11-13T11:40:10.347;536844914911033227;77;982;-92
2021-11-13T11:40:10.367;536844914930734804;94;983;-104
2021-11-13T11:40:10.386;536844914950436381;69;976;-124
2021-11-13T11:40:10.406;536844914970137958;52;980;-113
2021-11-13T11:40:10.426;536844914989839535;38;976;-126
2021-11-13T11:40:10.445;536844915009541112;39;978;-138
