Phone timestamp;sensor timestamp [ns];X [mg];Y [mg];Z [mg]
2021-11-13T11:29:29.179;536844273680781260;396;767;-497
2021-11-13T11:29:29.198;536844273700477012;386;759;-509
2021-11-13T11:29:29.218;536844273720172764;394;755;-493
2021-11-13T11:29:29.238;536844273739868516;381;763;-502
2021-11-13T11:29:29.257;536844273759564268;390;763;-502
2021-11-13T11:29:29.277;536844273779260020;385;760;-513
2021-11-13T11:29:29.297;536844273798955772;386;763;-515
2021-11-13T11:29:29.316;536844273818651524;384;760;-511
2021-11-13T11:29:29.336;536844273838347276;393;764;-495
2021-11-13T11:29:29.356;536844273858043028;364;779;-491
2021-11-13T11:29:29.375;536844273877738780;376;764;-507
2021-11-13T11:29:29.395;536844273897434532;383;766;-494
2021-11-13T11:29:29.415;536844273917130284;383;779;-501
2021-11-13T11:29:29.435;536844273936826036;384;782;-506
2021-11-13T11:29:29.454;536844273956521788;381;775;-503
2021-11-13T11:29:29.474;536844273976217540;379;788;-494
2021-11-13T11:29:29.494;536844273995913292;382;792;-499
2021-11-13T11:29:29.513;536844274015609044;413;775;-510
2021-11-13T11:29:29.533;536844274035304796;353;790;-506
2021-11-13T11:29:29.553;536844274055000548;370;764;-500
2021-11-13T11:29:29.572;536844274074696300;382;815;-465
2021-11-13T11:29:29.592;536844274094392052;310;811;-484
2021-11-13T11:29:29.612;536844274114087804;311;795;-498
2021-11-13T11:29:29.632;536844274133783556;325;802;-487
2021-11-13T11:29:29.651;536844274153479308;336;801;-495
2021-11-13T11:29:29.671;536844274173175060;284;792;-494
2021-11-13T11:29:29.691;536844274192870812;291;810;-503
2021-11-13T11:29:29.710;536844274212566564;239;830;-487
2021-11-13T11:29:29.730;536844274232262316;236;825;-503
2021-11-13T11:29:29.750;536844274251958068;195;840;-506
2021-11-13T11:29:29.769;536844274271653820;323;804;-547
2021-11-13T11:29:29.789;536844274291349572;272;805;-502
2021-11-13T11:29:29.809;536844274311045324;232;839;-508
2021-11-13T11:29:29.828;536844274330741076;216;846;-486
2021-11-13T11:29:29.848;536844274350436828;146;850;-476
2021-11-13T11:29:29.868;536844274370132580;130;849;-488
2021-11-13T11:29:29.888;536844274389828352;112;833;-500
2021-11-13T11:29:29.907;536844274409524104;205;864;-506
2021-11-13T11:29:29.927;536844274429219856;157;871;-483
2021-11-13T11:29:29.947;536844274448915608;137;870;-465
2021-11-13T11:29:29.966;536844274468611360;119;880;-421
2021-11-13T11:29:29.986;536844274488307112;76;870;-465
2021-11-13T11:29:30.006;536844274508002864;71;898;-417
2021-11-13T11:29:30.025;536844274527698616;31;884;-419
2021-11-13T11:29:30.045;536844274547394368;35;881;-419
2021-11-13T11:29:30.065;536844274567090120;1;877;-428
2021-11-13T11:29:30.085;536844274586785872;15;899;-380
2021-11-13T11:29:30.104;536844274606481624;17;930;-304
2021-11-13T11:29:30.124;536844274626177376;-45;928;-263
2021-11-13T11:29:30.144;536844274645873128;-85;942;-246
2021-11-13T11:29:30.163;536844274665568880;-135;921;-271
2021-11-13T11:29:30.183;536844274685264632;-157;933;-337
2021-11-13T11:29:30.203;536844274704960384;-147;946;-307
2021-11-13T11:29:30.222;536844274724656136;-143;926;-302
2021-11-13T11:29:30.242;536844274744351888;-218;916;-337
2021-11-13T11:29:30.262;536844274764047640;-173;916;-316
2021-11-13T11:29:30.281;536844274783743392;-122;930;-329
2021-11-13T11:29:30.301;536844274803439144;18;944;-366
2021-11-13T11:29:30.321;536844274823134896;-8;925;-382
2021-11-13T11:29:30.341;536844274842830648;-77;915;-357
2021-11-13T11:29:30.360;536844274862526400;-125;917;-342
2021-11-13T11:29:30.380;536844274882222152;-80;940;-315
2021-11-13T11:29:30.400;536844274901917904;-34;946;-328
2021-11-13T11:29:30.419;536844274921613656;-61;933;-382
2021-11-13T11:29:30.439;536844274941309408;-104;915;-371
2021-11-13T11:29:30.459;536844274961005160;-106;930;-340
2021-11-13T11:29:30.478;536844274980700912;-88;939;-321
2021-11-13T11:29:30.498;536844275000396664;-104;915;-342
2021-11-13T11:29:30.518;536844275020092416;-75;928;-364
2021-11-13T11:29:30.538;536844275039788168;-65;925;-366
2021-11-13T11:29:30.557;536844275059483920;-55;923;-365
2021-11-13T11:29:30.577;536844275079179672;-43;937;-348
2021-11-13T11:29:30.597;536844275098872539;-26;938;-346
2021-11-13T11:29:30.616;536844275118565378;-12;941;-342
2021-11-13T11:29:30.636;536844275138258217;-22;940;-349
2021-11-13T11:29:30.656;536844275157951056;-43;937;-354
2021-11-13T11:29:30.675;536844275177643895;-49;930;-350
2021-11-13T11:29:30.695;536844275197336734;-27;938;-350
2021-11-13T11:29:30.715;536844275217029573;-41;930;-353
2021-11-13T11:29:30.734;536844275236722412;-33;935;-342
2021-11-13T11:29:30.754;536844275256415251;-35;938;-337
2021-11-13T11:29:30.774;536844275276108090;-39;936;-337
2021-11-13T11:29:30.794;536844275295800929;-36;941;-342
2021-11-13T11:29:30.813;536844275315493768;-39;938;-353
2021-11-13T11:29:30.833;536844275335186607;-48;933;-352
2021-11-13T11:29:30.853;536844275354879446;-48;937;-345
2021-11-13T11:29:30.872;536844275374572285;-49;933;-344
2021-11-13T11:29:30.892;536844275394265124;-50;935;-341
2021-11-13T11:29:30.912;536844275413957963;-53;935;-341
2021-11-13T11:29:30.931;536844275433650802;-39;940;-331
2021-11-13T11:29:30.951;536844275453343641;-54;939;-339
2021-11-13T11:29:30.971;536844275473036480;-63;928;-351
2021-11-13T11:29:30.990;536844275492729319;-99;924;-355
2021-11-13T11:29:31.010;536844275512422158;-98;930;-343
2021-11-13T11:29:31.030;536844275532114997;-100;930;-351
2021-11-13T11:29:31.050;536844275551807836;-111;917;-349
2021-11-13T11:29:31.069;536844275571500675;-39;930;-337
2021-11-13T11:29:31.089;536844275591193514;7;946;-339
2021-11-13T11:29:31.109;536844275610886353;-38;933;-331
2021-11-13T11:29:31.128;536844275630579192;-29;931;-338
2021-11-13T11:29:31.148;536844275650272031;-5;947;-338
2021-11-13T11:29:31.168;536844275669964870;-30;893;-353
2021-11-13T11:29:31.187;536844275689657709;88;893;-372
2021-11-13T11:29:31.207;536844275709350548;103;949;-315
2021-11-13T11:29:31.227;536844275729043387;49;894;-359
2021-11-13T11:29:31.246;536844275748736226;21;910;-363
2021-11-13T11:29:31.266;536844275768429065;-13;836;-422
2021-11-13T11:29:31.286;536844275788121904;118;810;-496
2021-11-13T11:29:31.306;536844275807808934;216;900;-459
2021-11-13T11:29:31.325;536844275827495948;183;929;-444
2021-11-13T11:29:31.345;536844275847182962;95;880;-425
2021-11-13T11:29:31.365;536844275866869976;43;770;-482
2021-11-13T11:29:31.384;536844275886556990;142;835;-538
2021-11-13T11:29:31.404;536844275906244004;328;920;-429
2021-11-13T11:29:31.424;536844275925931018;341;857;-528
2021-11-13T11:29:31.443;536844275945618032;204;842;-489
2021-11-13T11:29:31.463;536844275965305046;102;813;-462
2021-11-13T11:29:31.483;536844275984992060;123;819;-471
2021-11-13T11:29:31.502;536844276004679074;314;839;-554
2021-11-13T11:29:31.522;536844276024366088;328;828;-551
2021-11-13T11:29:31.542;536844276044053102;220;797;-563
2021-11-13T11:29:31.561;536844276063740116;152;805;-507
2021-11-13T11:29:31.581;536844276083427130;141;816;-542
2021-11-13T11:29:31.601;536844276103114144;326;797;-548
2021-11-13T11:29:31.621;536844276122801158;297;780;-524
2021-11-13T11:29:31.640;536844276142488172;326;805;-542
2021-11-13T11:29:31.660;536844276162175186;262;774;-511
2021-11-13T11:29:31.680;536844276181862200;209;809;-536
2021-11-13T11:29:31.699;536844276201549214;273;780;-513
2021-11-13T11:29:31.719;536844276221236228;275;793;-517
2021-11-13T11:29:31.739;536844276240923242;368;778;-530
2021-11-13T11:29:31.758;536844276260610256;278;758;-553
2021-11-13T11:29:31.778;536844276280297270;245;762;-624
2021-11-13T11:29:31.798;536844276299984284;242;736;-599
2021-11-13T11:29:31.817;536844276319671298;268;762;-612
2021-11-13T11:29:31.837;536844276339358312;375;754;-582
2021-11-13T11:29:31.857;536844276359045326;356;757;-561
2021-11-13T11:29:31.876;536844276378732340;304;755;-547
2021-11-13T11:29:31.896;536844276398419354;371;768;-527
2021-11-13T11:29:31.916;536844276418106368;378;759;-543
2021-11-13T11:29:31.936;536844276437793382;402;762;-518
2021-11-13T11:29:31.955;536844276457480396;364;768;-527
2021-11-13T11:29:31.975;536844276477167410;380;753;-527
2021-11-13T11:29:31.995;536844276496854424;335;769;-541
2021-11-13T11:29:32.014;536844276516548720;363;753;-547
2021-11-13T11:29:32.034;536844276536243016;387;759;-526
2021-11-13T11:29:32.054;536844276555937312;434;756;-521
2021-11-13T11:29:32.073;536844276575631608;394;753;-540
2021-11-13T11:29:32.093;536844276595325904;327;748;-525
2021-11-13T11:29:32.113;536844276615020200;303;781;-514
2021-11-13T11:29:32.132;536844276634714496;389;761;-516
2021-11-13T11:29:32.152;536844276654408792;411;749;-522
2021-11-13T11:29:32.172;536844276674103088;382;760;-509
2021-11-13T11:29:32.192;536844276693797384;369;757;-542
2021-11-13T11:29:32.211;536844276713491680;351;758;-533
2021-11-13T11:29:32.231;536844276733185976;324;754;-562
2021-11-13T11:29:32.251;536844276752880272;339;748;-527
2021-11-13T11:29:32.270;536844276772574568;350;762;-541
2021-11-13T11:29:32.290;536844276792268864;352;751;-559
2021-11-13T11:29:32.310;536844276811963160;369;748;-561
2021-11-13T11:29:32.329;536844276831657456;365;745;-571
2021-11-13T11:29:32.349;536844276851351752;360;748;-566
2021-11-13T11:29:32.369;536844276871046048;345;752;-559
2021-11-13T11:29:32.388;536844276890740344;372;753;-559
2021-11-13T11:29:32.408;536844276910434640;370;749;-547
2021-11-13T11:29:32.428;536844276930128936;383;750;-543
2021-11-13T11:29:32.448;536844276949823232;378;750;-544
2021-11-13T11:29:32.467;536844276969517528;386;751;-548
2021-11-13T11:29:32.487;536844276989211824;382;749;-549
2021-11-13T11:29:32.507;536844277008906120;378;753;-549
2021-11-13T11:29:32.526;536844277028600416;351;751;-566
2021-11-13T11:29:32.546;536844277048294712;366;748;-566
2021-11-13T11:29:32.566;536844277067989008;377;757;-533
2021-11-13T11:29:32.585;536844277087683304;371;759;-521
2021-11-13T11:29:32.605;536844277107377600;365;760;-521
2021-11-13T11:29:32.625;536844277127071896;376;764;-518
2021-11-13T11:29:32.644;536844277146766192;377;774;-504
2021-11-13T11:29:32.664;536844277166460488;397;760;-498
2021-11-13T11:29:32.684;536844277186154784;350;777;-497
2021-11-13T11:29:32.704;536844277205849080;349;774;-516
2021-11-13T11:29:32.723;536844277225539019;398;770;-500
2021-11-13T11:29:32.743;536844277245228946;408;775;-492
2021-11-13T11:29:32.763;536844277264918873;424;772;-477
2021-11-13T11:29:32.782;536844277284608800;350;795;-487
2021-11-13T11:29:32.802;536844277304298727;379;794;-481
2021-11-13T11:29:32.822;536844277323988654;376;778;-500
2021-11-13T11:29:32.841;536844277343678581;328;780;-524
2021-11-13T11:29:32.861;536844277363368508;305;769;-545
2021-11-13T11:29:32.881;536844277383058435;303;772;-529
2021-11-13T11:29:32.900;536844277402748362;312;798;-515
2021-11-13T11:29:32.920;536844277422438289;324;785;-529
2021-11-13T11:29:32.940;536844277442128216;335;800;-534
2021-11-13T11:29:32.960;536844277461818143;284;790;-512
2021-11-13T11:29:32.979;536844277481508070;245;789;-542
2021-11-13T11:29:32.999;536844277501197997;279;762;-524
2021-11-13T11:29:33.019;536844277520887924;290;801;-506
2021-11-13T11:29:33.038;536844277540577851;329;808;-490
2021-11-13T11:29:33.058;536844277560267778;369;823;-477
2021-11-13T11:29:33.078;536844277579957705;346;823;-474
2021-11-13T11:29:33.097;536844277599647632;261;835;-483
2021-11-13T11:29:33.117;536844277619337559;274;828;-485
2021-11-13T11:29:33.137;536844277639027486;222;823;-504
2021-11-13T11:29:33.156;536844277658717413;232;786;-601
2021-11-13T11:29:33.176;536844277678407340;200;792;-553
2021-11-13T11:29:33.196;536844277698097267;167;842;-500
2021-11-13T11:29:33.216;536844277717787194;109;833;-502
2021-11-13T11:29:33.235;536844277737477121;120;837;-494
2021-11-13T11:29:33.255;536844277757167048;137;838;-511
2021-11-13T11:29:33.275;536844277776856975;125;862;-490
2021-11-13T11:29:33.294;536844277796546902;171;872;-494
2021-11-13T11:29:33.314;536844277816236829;164;869;-485
2021-11-13T11:29:33.334;536844277835926756;107;867;-473
2021-11-13T11:29:33.353;536844277855616683;41;865;-460
2021-11-13T11:29:33.373;536844277875306610;39;873;-471
2021-11-13T11:29:33.393;536844277894996537;107;887;-450
2021-11-13T11:29:33.412;536844277914686464;58;886;-440
2021-11-13T11:29:33.432;536844277934377863;82;902;-407
2021-11-13T11:29:33.452;536844277954069246;80;907;-370
2021-11-13T11:29:33.471;536844277973760629;5;890;-382
2021-11-13T11:29:33.491;536844277993452012;25;913;-364
2021-11-13T11:29:33.511;536844278013143395;20;949;-330
2021-11-13T11:29:33.531;536844278032834778;-18;916;-319
2021-11-13T11:29:33.550;536844278052526161;-64;914;-313
2021-11-13T11:29:33.570;536844278072217544;-143;915;-324
2021-11-13T11:29:33.590;536844278091908927;-230;916;-323
2021-11-13T11:29:33.609;536844278111600310;-343;889;-357
2021-11-13T11:29:33.629;536844278131291693;-331;874;-384
2021-11-13T11:29:33.649;536844278150983076;-185;905;-393
2021-11-13T11:29:33.668;536844278170674459;-54;938;-372
2021-11-13T11:29:33.688;536844278190365842;10;938;-341
2021-11-13T11:29:33.708;536844278210057225;6;945;-329
2021-11-13T11:29:33.727;536844278229748608;-8;937;-320
2021-11-13T11:29:33.747;536844278249439991;1;925;-323
2021-11-13T11:29:33.767;536844278269131374;-14;937;-337
2021-11-13T11:29:33.787;536844278288822757;-55;941;-344
2021-11-13T11:29:33.806;536844278308514140;-105;922;-355
2021-11-13T11:29:33.826;536844278328205523;-122;920;-343
2021-11-13T11:29:33.846;536844278347896906;-73;930;-338
2021-11-13T11:29:33.865;536844278367588289;-16;947;-320
2021-11-13T11:29:33.885;536844278387279672;-28;945;-345
2021-11-13T11:29:33.905;536844278406971055;-54;936;-354
2021-11-13T11:29:33.924;536844278426662438;-97;923;-352
2021-11-13T11:29:33.944;536844278446353821;-114;915;-357
2021-11-13T11:29:33.964;536844278466045204;-98;926;-343
2021-11-13T11:29:33.983;536844278485736587;-46;943;-322
2021-11-13T11:29:34.003;536844278505427970;-42;940;-319
2021-11-13T11:29:34.023;536844278525119353;-21;944;-314
2021-11-13T11:29:34.043;536844278544810736;-48;941;-335
2021-11-13T11:29:34.062;536844278564502119;-57;935;-356
2021-11-13T11:29:34.082;536844278584193502;-19;943;-351
2021-11-13T11:29:34.102;536844278603884885;-4;933;-341
2021-11-13T11:29:34.121;536844278623576268;-21;937;-336
2021-11-13T11:29:34.141;536844278643263294;-43;939;-328
2021-11-13T11:29:34.161;536844278662950308;-50;938;-324
2021-11-13T11:29:34.180;536844278682637322;-39;941;-328
2021-11-13T11:29:34.200;536844278702324336;-27;941;-338
2021-11-13T11:29:34.220;536844278722011350;-41;937;-348
2021-11-13T11:29:34.239;536844278741698364;-44;938;-335
2021-11-13T11:29:34.259;536844278761385378;-47;937;-342
2021-11-13T11:29:34.279;536844278781072392;-43;938;-343
2021-11-13T11:29:34.298;536844278800759406;-44;934;-336
2021-11-13T11:29:34.318;536844278820446420;-31;938;-334
2021-11-13T11:29:34.338;536844278840133434;-42;939;-341
2021-11-13T11:29:34.358;536844278859820448;-44;938;-334
2021-11-13T11:29:34.377;536844278879507462;-60;933;-337
2021-11-13T11:29:34.397;536844278899194476;-54;937;-337
2021-11-13T11:29:34.417;536844278918881490;-36;939;-339
2021-11-13T11:29:34.436;536844278938568504;-26;929;-342
2021-11-13T11:29:34.456;536844278958255518;-61;937;-347
2021-11-13T11:29:34.476;536844278977942532;-64;920;-335
2021-11-13T11:29:34.495;536844278997629546;13;933;-312
2021-11-13T11:29:34.515;536844279017316560;46;937;-350
2021-11-13T11:29:34.535;536844279037003574;0;936;-369
2021-11-13T11:29:34.554;536844279056690588;-43;942;-355
2021-11-13T11:29:34.574;536844279076377602;-199;907;-386
2021-11-13T11:29:34.594;536844279096064616;-141;887;-370
2021-11-13T11:29:34.613;536844279115751630;7;879;-369
2021-11-13T11:29:34.633;536844279135438644;164;937;-360
2021-11-13T11:29:34.653;536844279155125658;151;958;-331
2021-11-13T11:29:34.673;536844279174812672;93;889;-400
2021-11-13T11:29:34.692;536844279194499686;118;912;-326
2021-11-13T11:29:34.712;536844279214186700;67;851;-349
2021-11-13T11:29:34.732;536844279233873714;216;953;-415
2021-11-13T11:29:34.751;536844279253560728;86;839;-426
2021-11-13T11:29:34.771;536844279273247742;59;819;-497
2021-11-13T11:29:34.791;536844279292934756;170;902;-393
2021-11-13T11:29:34.810;536844279312621770;177;846;-464
2021-11-13T11:29:34.830;536844279332308784;353;873;-544
2021-11-13T11:29:34.850;536844279351995814;201;799;-569
2021-11-13T11:29:34.869;536844279371682828;143;848;-489
2021-11-13T11:29:34.889;536844279391369842;255;829;-461
2021-11-13T11:29:34.909;536844279411056856;99;841;-449
2021-11-13T11:29:34.928;536844279430743870;294;859;-510
2021-11-13T11:29:34.948;536844279450430884;291;798;-499
2021-11-13T11:29:34.968;536844279470117898;279;802;-531
2021-11-13T11:29:34.988;536844279489804912;242;791;-526
2021-11-13T11:29:35.007;536844279509491926;80;781;-623
2021-11-13T11:29:35.027;536844279529178940;271;792;-535
2021-11-13T11:29:35.047;536844279548865954;293;781;-578
2021-11-13T11:29:35.066;536844279568552968;350;779;-579
2021-11-13T11:29:35.086;536844279588239982;336;750;-564
2021-11-13T11:29:35.106;536844279607926996;208;754;-551
2021-11-13T11:29:35.125;536844279627614010;319;805;-536
2021-11-13T11:29:35.145;536844279647301024;371;765;-522
2021-11-13T11:29:35.165;536844279666988038;326;773;-554
2021-11-13T11:29:35.184;536844279686675052;309;766;-560
2021-11-13T11:29:35.204;536844279706362066;371;769;-537
2021-11-13T11:29:35.224;536844279726049080;286;750;-562
2021-11-13T11:29:35.243;536844279745736094;311;765;-598
2021-11-13T11:29:35.263;536844279765423108;314;757;-545
2021-11-13T11:29:35.283;536844279785110122;277;777;-570
2021-11-13T11:29:35.303;536844279804797136;350;749;-559
2021-11-13T11:29:35.322;536844279824484150;372;766;-521
2021-11-13T11:29:35.342;536844279844171164;406;768;-513
2021-11-13T11:29:35.362;536844279863858178;367;754;-512
2021-11-13T11:29:35.381;536844279883545192;332;780;-525
2021-11-13T11:29:35.401;536844279903232206;348;763;-547
2021-11-13T11:29:35.421;536844279922919220;390;762;-528
2021-11-13T11:29:35.440;536844279942606234;375;751;-532
2021-11-13T11:29:35.460;536844279962293248;381;766;-536
2021-11-13T11:29:35.480;536844279981980262;354;749;-558
2021-11-13T11:29:35.499;536844280001667276;387;760;-532
2021-11-13T11:29:35.519;536844280021354290;364;768;-488
2021-11-13T11:29:35.539;536844280041041304;345;765;-505
2021-11-13T11:29:35.558;536844280060735600;341;763;-530
2021-11-13T11:29:35.578;536844280080429896;400;767;-501
2021-11-13T11:29:35.598;536844280100124192;382;765;-513
2021-11-13T11:29:35.618;536844280119818488;374;765;-512
2021-11-13T11:29:35.637;536844280139512784;345;765;-516
2021-11-13T11:29:35.657;536844280159207080;347;762;-533
2021-11-13T11:29:35.677;536844280178901376;375;761;-517
2021-11-13T11:29:35.696;536844280198595672;365;755;-533
2021-11-13T11:29:35.716;536844280218289968;393;747;-532
2021-11-13T11:29:35.736;536844280237984264;376;762;-511
2021-11-13T11:29:35.755;536844280257678560;379;764;-530
2021-11-13T11:29:35.775;536844280277372856;393;743;-528
2021-11-13T11:29:35.795;536844280297067152;403;747;-529
2021-11-13T11:29:35.814;536844280316761448;385;753;-534
2021-11-13T11:29:35.834;536844280336455744;375;755;-543
2021-11-13T11:29:35.854;536844280356150040;364;755;-538
2021-11-13T11:29:35.874;536844280375844336;373;755;-519
2021-11-13T11:29:35.893;536844280395538632;375;752;-539
2021-11-13T11:29:35.913;536844280415232928;385;755;-556
2021-11-13T11:29:35.933;536844280434927224;388;749;-543
2021-11-13T11:29:35.952;536844280454621520;399;752;-548
2021-11-13T11:29:35.972;536844280474315816;417;759;-527
2021-11-13T11:29:35.992;536844280494010112;422;756;-508
2021-11-13T11:29:36.011;536844280513704408;391;763;-532
2021-11-13T11:29:36.031;536844280533398704;412;763;-517
2021-11-13T11:29:36.051;536844280553093000;400;761;-506
2021-11-13T11:29:36.071;536844280572787296;387;778;-493
2021-11-13T11:29:36.090;536844280592481592;374;789;-479
2021-11-13T11:29:36.110;536844280612175888;375;777;-490
2021-11-13T11:29:36.130;536844280631870184;368;778;-489
2021-11-13T11:29:36.149;536844280651564480;343;791;-488
2021-11-13T11:29:36.169;536844280671258776;375;780;-473
2021-11-13T11:29:36.189;536844280690953072;370;787;-469
2021-11-13T11:29:36.208;536844280710647368;384;811;-447
2021-11-13T11:29:36.228;536844280730341664;389;800;-468
2021-11-13T11:29:36.248;536844280750035960;378;790;-477
2021-11-13T11:29:36.267;536844280769722994;377;791;-483
2021-11-13T11:29:36.287;536844280789410008;373;795;-471
2021-11-13T11:29:36.307;536844280809097022;336;798;-480
2021-11-13T11:29:36.327;536844280828784036;291;799;-503
2021-11-13T11:29:36.346;536844280848471050;365;784;-497
2021-11-13T11:29:36.366;536844280868158064;359;789;-491
2021-11-13T11:29:36.386;536844280887845078;316;812;-504
2021-11-13T11:29:36.405;536844280907532092;316;787;-519
2021-11-13T11:29:36.425;536844280927219106;297;800;-503
2021-11-13T11:29:36.445;536844280946906120;305;801;-496
2021-11-13T11:29:36.464;536844280966593134;234;821;-507
2021-11-13T11:29:36.484;536844280986280148;327;805;-515
2021-11-13T11:29:36.504;536844281005967162;285;786;-542
2021-11-13T11:29:36.523;536844281025654176;300;804;-537
2021-11-13T11:29:36.543;536844281045341190;270;808;-496
2021-11-13T11:29:36.563;536844281065028204;230;843;-496
2021-11-13T11:29:36.582;536844281084715218;209;831;-490
2021-11-13T11:29:36.602;536844281104402232;227;847;-498
2021-11-13T11:29:36.622;536844281124089246;209;841;-489
2021-11-13T11:29:36.641;536844281143776260;218;851;-484
2021-11-13T11:29:36.661;536844281163463274;236;850;-479
2021-11-13T11:29:36.681;536844281183150288;144;865;-479
2021-11-13T11:29:36.701;536844281202837302;137;869;-475
2021-11-13T11:29:36.720;536844281222524316;103;865;-465
2021-11-13T11:29:36.740;536844281242211330;117;877;-457
2021-11-13T11:29:36.760;536844281261898344;157;880;-451
2021-11-13T11:29:36.779;536844281281585358;116;878;-440
2021-11-13T11:29:36.799;536844281301272372;100;881;-441
2021-11-13T11:29:36.819;536844281320959386;56;871;-438
2021-11-13T11:29:36.838;536844281340646400;17;881;-415
2021-11-13T11:29:36.858;536844281360333414;77;883;-430
2021-11-13T11:29:36.878;536844281380020428;115;918;-421
2021-11-13T11:29:36.897;536844281399707442;57;906;-374
2021-11-13T11:29:36.917;536844281419394456;3;906;-371
2021-11-13T11:29:36.937;536844281439081470;-90;893;-387
2021-11-13T11:29:36.956;536844281458768484;-95;902;-358
2021-11-13T11:29:36.976;536844281478456982;-101;915;-345
2021-11-13T11:29:36.996;536844281498145452;-40;929;-327
2021-11-13T11:29:37.016;536844281517833922;-20;951;-299
2021-11-13T11:29:37.035;536844281537522392;-31;955;-304
2021-11-13T11:29:37.055;536844281557210862;-114;939;-303
2021-11-13T11:29:37.075;536844281576899332;-258;908;-314
2021-11-13T11:29:37.094;536844281596587802;-295;885;-353
2021-11-13T11:29:37.114;536844281616276272;-280;906;-362
2021-11-13T11:29:37.134;536844281635964742;-104;940;-323
2021-11-13T11:29:37.153;536844281655653212;-11;947;-312
2021-11-13T11:29:37.173;536844281675341682;-51;951;-303
2021-11-13T11:29:37.193;536844281695030152;-90;940;-307
2021-11-13T11:29:37.212;536844281714718622;-151;913;-322
2021-11-13T11:29:37.232;536844281734407092;-75;930;-345
2021-11-13T11:29:37.252;536844281754095562;-32;944;-345
2021-11-13T11:29:37.272;536844281773784032;-48;928;-369
2021-11-13T11:29:37.291;536844281793472502;-136;917;-343
2021-11-13T11:29:37.311;536844281813160972;-123;938;-299
2021-11-13T11:29:37.331;536844281832849442;-117;933;-315
2021-11-13T11:29:37.350;536844281852537912;-58;945;-342
2021-11-13T11:29:37.370;536844281872226382;-82;936;-358
2021-11-13T11:29:37.390;536844281891914852;-109;913;-362
2021-11-13T11:29:37.409;536844281911603322;-115;917;-338
2021-11-13T11:29:37.429;536844281931291792;-73;938;-311
2021-11-13T11:29:37.449;536844281950980262;-47;950;-309
2021-11-13T11:29:37.468;536844281970668732;-53;947;-327
2021-11-13T11:29:37.488;536844281990357202;-60;932;-327
2021-11-13T11:29:37.508;536844282010045672;-100;932;-345
2021-11-13T11:29:37.527;536844282029734142;-95;932;-337
2021-11-13T11:29:37.547;536844282049422612;-69;935;-344
2021-11-13T11:29:37.567;536844282069111082;-62;935;-351
2021-11-13T11:29:37.587;536844282088799552;-57;935;-325
2021-11-13T11:29:37.606;536844282108488022;-59;938;-319
2021-11-13T11:29:37.626;536844282128176492;-54;943;-315
2021-11-13T11:29:37.646;536844282147864962;-53;942;-328
2021-11-13T11:29:37.665;536844282167553432;-76;932;-343
2021-11-13T11:29:37.685;536844282187252101;-98;934;-340
2021-11-13T11:29:37.705;536844282206950766;-82;932;-337
2021-11-13T11:29:37.724;536844282226649431;-57;940;-332
2021-11-13T11:29:37.744;536844282246348096;-53;937;-332
2021-11-13T11:29:37.764;536844282266046761;-69;933;-337
2021-11-13T11:29:37.783;536844282285745426;-72;939;-334
2021-11-13T11:29:37.803;536844282305444091;-64;938;-330
2021-11-13T11:29:37.823;536844282325142756;-67;939;-329
2021-11-13T11:29:37.843;536844282344841421;-86;930;-340
2021-11-13T11:29:37.862;536844282364540086;-87;938;-325
2021-11-13T11:29:37.882;536844282384238751;-99;932;-318
2021-11-13T11:29:37.902;536844282403937416;-113;926;-316
2021-11-13T11:29:37.921;536844282423636081;-152;927;-326
2021-11-13T11:29:37.941;536844282443334746;-132;927;-327
2021-11-13T11:29:37.961;536844282463033411;-84;925;-337
2021-11-13T11:29:37.980;536844282482732076;-50;932;-344
2021-11-13T11:29:38.000;536844282502430741;-73;946;-340
2021-11-13T11:29:38.020;536844282522129406;-111;938;-353
2021-11-13T11:29:38.040;536844282541828071;-98;877;-362
2021-11-13T11:29:38.059;536844282561526736;98;912;-336
2021-11-13T11:29:38.079;536844282581225401;196;944;-322
2021-11-13T11:29:38.099;536844282600924066;141;912;-407
2021-11-13T11:29:38.118;536844282620622731;118;889;-372
2021-11-13T11:29:38.138;536844282640321396;60;879;-313
2021-11-13T11:29:38.158;536844282660020061;62;946;-335
2021-11-13T11:29:38.177;536844282679718726;111;880;-382
2021-11-13T11:29:38.197;536844282699417391;163;880;-482
2021-11-13T11:29:38.217;536844282719116056;161;830;-544
2021-11-13T11:29:38.237;536844282738814721;89;841;-491
2021-11-13T11:29:38.256;536844282758513386;200;899;-386
2021-11-13T11:29:38.276;536844282778212051;100;843;-452
2021-11-13T11:29:38.296;536844282797910716;272;829;-500
2021-11-13T11:29:38.315;536844282817609381;239;844;-506
2021-11-13T11:29:38.335;536844282837308046;298;882;-441
2021-11-13T11:29:38.355;536844282857006711;146;850;-434
2021-11-13T11:29:38.374;536844282876705376;211;842;-501
2021-11-13T11:29:38.394;536844282896379295;285;772;-573
2021-11-13T11:29:38.414;536844282916053202;356;798;-600
2021-11-13T11:29:38.433;536844282935727109;250;776;-507
2021-11-13T11:29:38.453;536844282955401016;89;845;-508
2021-11-13T11:29:38.473;536844282975074923;149;812;-555
2021-11-13T11:29:38.492;536844282994748830;294;757;-583
2021-11-13T11:29:38.512;536844283014422737;316;790;-588
2021-11-13T11:29:38.532;536844283034096644;222;770;-558
2021-11-13T11:29:38.551;536844283053770551;247;787;-567
2021-11-13T11:29:38.571;536844283073444458;290;767;-552
2021-11-13T11:29:38.591;536844283093118365;375;783;-547
2021-11-13T11:29:38.611;536844283112792272;356;769;-536
2021-11-13T11:29:38.630;536844283132466179;300;777;-522
2021-11-13T11:29:38.650;536844283152140086;246;774;-571
2021-11-13T11:29:38.670;536844283171813993;290;761;-565
2021-11-13T11:29:38.689;536844283191487900;339;766;-559
2021-11-13T11:29:38.709;536844283211161807;383;756;-547
2021-11-13T11:29:38.729;536844283230835714;357;750;-586
2021-11-13T11:29:38.748;536844283250509621;340;755;-557
2021-11-13T11:29:38.768;536844283270183528;301;752;-564
2021-11-13T11:29:38.788;536844283289857435;338;780;-537
2021-11-13T11:29:38.807;536844283309531342;335;753;-555
2021-11-13T11:29:38.827;536844283329205249;433;765;-529
2021-11-13T11:29:38.847;536844283348879156;394;760;-504
2021-11-13T11:29:38.866;536844283368553063;364;775;-508
2021-11-13T11:29:38.886;536844283388226970;358;768;-520
2021-11-13T11:29:38.906;536844283407900877;385;773;-493
2021-11-13T11:29:38.925;536844283427574784;396;778;-490
2021-11-13T11:29:38.945;536844283447248691;385;757;-531
2021-11-13T11:29:38.965;536844283466922598;332;766;-504
2021-11-13T11:29:38.984;536844283486596505;309;774;-526
2021-11-13T11:29:39.004;536844283506270412;366;773;-507
2021-11-13T11:29:39.024;536844283525944319;333;767;-547
2021-11-13T11:29:39.043;536844283545618226;386;735;-540
2021-11-13T11:29:39.063;536844283565292133;364;763;-523
2021-11-13T11:29:39.083;536844283584966040;342;774;-521
2021-11-13T11:29:39.102;536844283604653066;379;767;-503
2021-11-13T11:29:39.122;536844283624340080;371;769;-499
2021-11-13T11:29:39.142;536844283644027094;358;778;-492
2021-11-13T11:29:39.161;536844283663714108;372;781;-511
2021-11-13T11:29:39.181;536844283683401122;381;748;-536
2021-11-13T11:29:39.201;536844283703088136;386;755;-525
2021-11-13T11:29:39.220;536844283722775150;371;761;-511
2021-11-13T11:29:39.240;536844283742462164;382;788;-492
2021-11-13T11:29:39.260;536844283762149178;375;768;-504
2021-11-13T11:29:39.280;536844283781836192;397;761;-495
2021-11-13T11:29:39.299;536844283801523206;383;760;-510
2021-11-13T11:29:39.319;536844283821210220;384;763;-526
2021-11-13T11:29:39.339;536844283840897234;385;762;-505
2021-11-13T11:29:39.358;536844283860584248;381;760;-512
2021-11-13T11:29:39.378;536844283880271262;371;767;-506
2021-11-13T11:29:39.398;536844283899958276;385;764;-514
2021-11-13T11:29:39.417;536844283919645290;391;761;-510
2021-11-13T11:29:39.437;536844283939332304;407;766;-510
2021-11-13T11:29:39.457;536844283959019318;424;759;-512
2021-11-13T11:29:39.476;536844283978706332;401;767;-499
2021-11-13T11:29:39.496;536844283998393346;389;781;-498
2021-11-13T11:29:39.516;536844284018080360;381;778;-488
2021-11-13T11:29:39.535;536844284037767374;366;774;-488
2021-11-13T11:29:39.555;536844284057454388;383;769;-495
2021-11-13T11:29:39.575;536844284077141402;369;783;-507
2021-11-13T11:29:39.595;536844284096828416;343;786;-502
2021-11-13T11:29:39.614;536844284116515430;378;770;-481
2021-11-13T11:29:39.634;536844284136202444;383;789;-465
2021-11-13T11:29:39.654;536844284155889458;381;791;-469
2021-11-13T11:29:39.673;536844284175576472;357;783;-492
2021-11-13T11:29:39.693;536844284195263486;386;768;-503
2021-11-13T11:29:39.713;536844284214950500;376;766;-509
2021-11-13T11:29:39.732;536844284234637514;362;763;-523
2021-11-13T11:29:39.752;536844284254324528;342;760;-529
2021-11-13T11:29:39.772;536844284274011542;356;781;-513
2021-11-13T11:29:39.791;536844284293698556;311;768;-550
2021-11-13T11:29:39.811;536844284313385586;330;773;-548
2021-11-13T11:29:39.831;536844284333072600;316;761;-540
2021-11-13T11:29:39.850;536844284352759614;361;800;-489
2021-11-13T11:29:39.870;536844284372446628;369;799;-478
2021-11-13T11:29:39.890;536844284392133642;340;789;-530
2021-11-13T11:29:39.910;536844284411820656;339;772;-518
2021-11-13T11:29:39.929;536844284431507670;293;781;-541
2021-11-13T11:29:39.949;536844284451194684;325;788;-537
2021-11-13T11:29:39.969;536844284470881698;300;783;-562
2021-11-13T11:29:39.988;536844284490568712;276;791;-542
2021-11-13T11:29:40.008;536844284510255726;238;792;-535
2021-11-13T11:29:40.028;536844284529942740;252;789;-560
2021-11-13T11:29:40.047;536844284549629754;287;799;-519
2021-11-13T11:29:40.067;536844284569316768;276;803;-506
2021-11-13T11:29:40.087;536844284589003782;240;843;-490
2021-11-13T11:29:40.106;536844284608690796;167;848;-470
2021-11-13T11:29:40.126;536844284628377810;245;836;-479
2021-11-13T11:29:40.146;536844284648064824;221;846;-486
2021-11-13T11:29:40.165;536844284667751838;254;849;-491
2021-11-13T11:29:40.185;536844284687438852;210;850;-508
2021-11-13T11:29:40.205;536844284707125866;137;848;-485
2021-11-13T11:29:40.225;536844284726812880;40;862;-445
2021-11-13T11:29:40.244;536844284746499894;105;846;-493
2021-11-13T11:29:40.264;536844284766186908;145;864;-500
2021-11-13T11:29:40.284;536844284785873922;141;876;-487
2021-11-13T11:29:40.303;536844284805560936;112;878;-448
2021-11-13T11:29:40.323;536844284825247950;170;903;-423
2021-11-13T11:29:40.343;536844284844934964;155;925;-370
2021-11-13T11:29:40.362;536844284864621978;75;919;-355
2021-11-13T11:29:40.382;536844284884308992;4;935;-358
2021-11-13T11:29:40.402;536844284903996006;-93;892;-355
2021-11-13T11:29:40.421;536844284923683020;-125;849;-353
2021-11-13T11:29:40.441;536844284943370034;-117;891;-328
2021-11-13T11:29:40.461;536844284963057048;-26;970;-263
2021-11-13T11:29:40.480;536844284982744062;-114;939;-267
2021-11-13T11:29:40.500;536844285002431076;-161;919;-313
2021-11-13T11:29:40.520;536844285022118106;-211;895;-372
2021-11-13T11:29:40.540;536844285041805120;-134;923;-388
2021-11-13T11:29:40.559;536844285061492134;-63;949;-367
2021-11-13T11:29:40.579;536844285081179148;-30;939;-338
2021-11-13T11:29:40.599;536844285100866162;-22;948;-327
2021-11-13T11:29:40.618;536844285120553176;-68;935;-349
2021-11-13T11:29:40.638;536844285140240190;-36;936;-347
2021-11-13T11:29:40.658;536844285159927204;-16;937;-347
2021-11-13T11:29:40.677;536844285179614218;-33;927;-336
2021-11-13T11:29:40.697;536844285199301232;-62;933;-321
2021-11-13T11:29:40.717;536844285218988246;-71;937;-304
2021-11-13T11:29:40.736;536844285238675260;-68;934;-321
2021-11-13T11:29:40.756;536844285258362274;-36;939;-333
2021-11-13T11:29:40.776;536844285278049288;-8;938;-354
2021-11-13T11:29:40.795;536844285297736302;-29;926;-354
2021-11-13T11:29:40.815;536844285317423316;-52;938;-352
2021-11-13T11:29:40.835;536844285337110330;-14;938;-342
2021-11-13T11:29:40.855;536844285356797344;-5;924;-344
2021-11-13T11:29:40.874;536844285376484358;-9;932;-339
2021-11-13T11:29:40.894;536844285396171372;-25;940;-333
2021-11-13T11:29:40.914;536844285415858386;-36;940;-323
2021-11-13T11:29:40.933;536844285435545400;-40;941;-340
2021-11-13T11:29:40.953;536844285455232414;-36;932;-357
2021-11-13T11:29:40.973;536844285474919428;-11;931;-355
2021-11-13T11:29:40.992;536844285494606442;-8;934;-356
2021-11-13T11:29:41.012;536844285514293456;-24;932;-349
2021-11-13T11:29:41.032;536844285533980470;-14;933;-343
2021-11-13T11:29:41.051;536844285553667484;-3;931;-344
2021-11-13T11:29:41.071;536844285573354498;-8;927;-347
2021-11-13T11:29:41.091;536844285593041512;-16;937;-337
2021-11-13T11:29:41.110;536844285612728526;-23;941;-335
2021-11-13T11:29:41.130;536844285632415540;-16;932;-339
2021-11-13T11:29:41.150;536844285652102554;-29;934;-353
2021-11-13T11:29:41.170;536844285671789568;-37;933;-344
2021-11-13T11:29:41.189;536844285691476582;-62;936;-344
2021-11-13T11:29:41.209;536844285711163596;-50;936;-327
2021-11-13T11:29:41.229;536844285730850622;-48;939;-340
2021-11-13T11:29:41.248;536844285750537636;-37;945;-323
2021-11-13T11:29:41.268;536844285770224650;-84;924;-346
2021-11-13T11:29:41.288;536844285789911664;-68;923;-369
2021-11-13T11:29:41.307;536844285809598678;33;930;-378
2021-11-13T11:29:41.327;536844285829285692;162;908;-341
2021-11-13T11:29:41.347;536844285848972706;138;902;-331
2021-11-13T11:29:41.366;536844285868659720;78;928;-336
2021-11-13T11:29:41.386;536844285888346734;-37;894;-376
2021-11-13T11:29:41.406;536844285908033748;-21;842;-438
2021-11-13T11:29:41.425;536844285927720762;264;898;-379
2021-11-13T11:29:41.445;536844285947407776;337;938;-308
2021-11-13T11:29:41.465;536844285967094790;110;952;-421
2021-11-13T11:29:41.485;536844285986781804;-72;880;-426
2021-11-13T11:29:41.504;536844286006468818;25;814;-396
2021-11-13T11:29:41.524;536844286026155832;205;853;-415
2021-11-13T11:29:41.544;536844286045842846;318;868;-469
2021-11-13T11:29:41.563;536844286065529860;255;902;-574
2021-11-13T11:29:41.583;536844286085216874;141;803;-650
2021-11-13T11:29:41.603;536844286104903888;36;845;-276
2021-11-13T11:29:41.622;536844286124590902;343;863;-360
2021-11-13T11:29:41.642;536844286144277916;277;825;-408
2021-11-13T11:29:41.662;536844286163964930;420;864;-553
2021-11-13T11:29:41.681;536844286183651944;301;850;-529
2021-11-13T11:29:41.701;536844286203338958;258;815;-539
2021-11-13T11:29:41.721;536844286223025972;119;777;-519
2021-11-13T11:29:41.740;536844286242712986;86;800;-535
2021-11-13T11:29:41.760;536844286262400000;280;823;-571
2021-11-13T11:29:41.780;536844286282087014;286;784;-526
2021-11-13T11:29:41.799;536844286301774028;286;795;-572
2021-11-13T11:29:41.819;536844286321461042;276;765;-548
2021-11-13T11:29:41.839;536844286341148056;287;778;-566
2021-11-13T11:29:41.859;536844286360835070;294;778;-534
2021-11-13T11:29:41.878;536844286380522084;284;798;-523
2021-11-13T11:29:41.898;536844286400209098;390;775;-567
2021-11-13T11:29:41.918;536844286419896112;376;769;-536
2021-11-13T11:29:41.937;536844286439580241;248;769;-588
2021-11-13T11:29:41.957;536844286459264342;253;769;-535
2021-11-13T11:29:41.977;536844286478948443;266;787;-521
2021-11-13T11:29:41.996;536844286498632544;301;771;-531
2021-11-13T11:29:42.016;536844286518316645;336;767;-561
2021-11-13T11:29:42.036;536844286538000746;287;767;-548
2021-11-13T11:29:42.055;536844286557684847;312;776;-515
2021-11-13T11:29:42.075;536844286577368948;269;793;-516
2021-11-13T11:29:42.095;536844286597053049;382;782;-528
2021-11-13T11:29:42.114;536844286616737150;372;773;-495
2021-11-13T11:29:42.134;536844286636421251;378;769;-509
2021-11-13T11:29:42.154;536844286656105352;362;770;-511
2021-11-13T11:29:42.174;536844286675789453;307;789;-526
2021-11-13T11:29:42.193;536844286695473554;333;764;-508
2021-11-13T11:29:42.213;536844286715157655;337;782;-506
2021-11-13T11:29:42.233;536844286734841756;364;780;-524
2021-11-13T11:29:42.252;536844286754525857;385;764;-494
2021-11-13T11:29:42.272;536844286774209958;367;785;-482
2021-11-13T11:29:42.292;536844286793894059;296;793;-501
2021-11-13T11:29:42.311;536844286813578160;397;789;-480
2021-11-13T11:29:42.331;536844286833262261;390;771;-481
2021-11-13T11:29:42.351;536844286852946362;383;780;-499
2021-11-13T11:29:42.370;536844286872630463;392;764;-503
2021-11-13T11:29:42.390;536844286892314564;385;772;-485
2021-11-13T11:29:42.410;536844286911998665;369;777;-511
2021-11-13T11:29:42.429;536844286931682766;378;767;-492
2021-11-13T11:29:42.449;536844286951366867;390;787;-483
2021-11-13T11:29:42.469;536844286971050968;400;767;-502
2021-11-13T11:29:42.488;536844286990735069;394;760;-485
2021-11-13T11:29:42.508;536844287010419170;378;772;-504
2021-11-13T11:29:42.528;536844287030103271;381;762;-516
2021-11-13T11:29:42.548;536844287049787372;384;760;-514
2021-11-13T11:29:42.567;536844287069471473;373;771;-512
2021-11-13T11:29:42.587;536844287089155574;384;762;-505
2021-11-13T11:29:42.607;536844287108839675;384;771;-499
2021-11-13T11:29:42.626;536844287128523776;383;767;-505
2021-11-13T11:29:42.646;536844287148206433;371;780;-483
2021-11-13T11:29:42.666;536844287167889078;389;772;-489
2021-11-13T11:29:42.685;536844287187571723;384;766;-527
2021-11-13T11:29:42.705;536844287207254368;380;760;-518
2021-11-13T11:29:42.725;536844287226937013;376;764;-500
2021-11-13T11:29:42.744;536844287246619658;375;768;-522
2021-11-13T11:29:42.764;536844287266302303;389;760;-512
2021-11-13T11:29:42.784;536844287285984948;386;782;-493
2021-11-13T11:29:42.803;536844287305667593;390;775;-499
2021-11-13T11:29:42.823;536844287325350238;407;772;-499
2021-11-13T11:29:42.843;536844287345032883;398;759;-514
2021-11-13T11:29:42.862;536844287364715528;376;777;-502
2021-11-13T11:29:42.882;536844287384398173;364;796;-486
2021-11-13T11:29:42.902;536844287404080818;367;787;-479
2021-11-13T11:29:42.921;536844287423763463;359;789;-482
2021-11-13T11:29:42.941;536844287443446108;361;787;-484
2021-11-13T11:29:42.961;536844287463128753;373;786;-484
2021-11-13T11:29:42.981;536844287482811398;376;789;-478
2021-11-13T11:29:43.000;536844287502494043;382;796;-462
2021-11-13T11:29:43.020;536844287522176688;357;798;-471
2021-11-13T11:29:43.040;536844287541859333;364;791;-493
2021-11-13T11:29:43.059;536844287561541978;379;781;-509
2021-11-13T11:29:43.079;536844287581224623;399;771;-507
2021-11-13T11:29:43.099;536844287600907268;395;781;-496
2021-11-13T11:29:43.118;536844287620589913;377;785;-485
2021-11-13T11:29:43.138;536844287640272558;324;792;-503
2021-11-13T11:29:43.158;536844287659955203;320;793;-505
2021-11-13T11:29:43.177;536844287679637848;312;785;-502
2021-11-13T11:29:43.197;536844287699320493;326;779;-514
2021-11-13T11:29:43.217;536844287719003138;270;787;-526
2021-11-13T11:29:43.236;536844287738685783;252;810;-523
2021-11-13T11:29:43.256;536844287758368428;281;791;-519
2021-11-13T11:29:43.276;536844287778051073;277;798;-507
2021-11-13T11:29:43.295;536844287797733718;272;815;-508
2021-11-13T11:29:43.315;536844287817416363;318;795;-521
2021-11-13T11:29:43.335;536844287837099008;296;798;-507
2021-11-13T11:29:43.355;536844287856790403;295;815;-491
2021-11-13T11:29:43.374;536844287876481786;260;824;-493
2021-11-13T11:29:43.394;536844287896173169;307;835;-488
2021-11-13T11:29:43.414;536844287915864552;260;831;-477
2021-11-13T11:29:43.433;536844287935555935;191;867;-474
2021-11-13T11:29:43.453;536844287955247318;222;854;-487
2021-11-13T11:29:43.473;536844287974938701;252;852;-465
2021-11-13T11:29:43.492;536844287994630084;199;866;-446
2021-11-13T11:29:43.512;536844288014321467;233;865;-484
2021-11-13T11:29:43.532;536844288034012850;229;859;-489
2021-11-13T11:29:43.551;536844288053704233;143;867;-480
2021-11-13T11:29:43.571;536844288073395616;120;868;-477
2021-11-13T11:29:43.591;536844288093086999;161;864;-460
2021-11-13T11:29:43.610;536844288112778382;166;880;-426
2021-11-13T11:29:43.630;536844288132469765;127;890;-424
2021-11-13T11:29:43.650;536844288152161148;149;899;-428
2021-11-13T11:29:43.670;536844288171852531;119;878;-435
2021-11-13T11:29:43.689;536844288191543914;55;874;-440
2021-11-13T11:29:43.709;536844288211235297;114;909;-390
2021-11-13T11:29:43.729;536844288230926680;60;923;-361
2021-11-13T11:29:43.748;536844288250618063;0;897;-341
2021-11-13T11:29:43.768;536844288270309446;-104;891;-349
2021-11-13T11:29:43.788;536844288290000829;-155;895;-366
2021-11-13T11:29:43.807;536844288309692212;-151;894;-343
2021-11-13T11:29:43.827;536844288329383595;-109;918;-334
2021-11-13T11:29:43.847;536844288349074978;-99;924;-298
2021-11-13T11:29:43.866;536844288368766361;-48;958;-263
2021-11-13T11:29:43.886;536844288388457744;-13;976;-258
2021-11-13T11:29:43.906;536844288408149127;-79;969;-279
2021-11-13T11:29:43.926;536844288427840510;-219;915;-295
2021-11-13T11:29:43.945;536844288447531893;-282;885;-327
2021-11-13T11:29:43.965;536844288467223276;-263;895;-362
2021-11-13T11:29:43.985;536844288486914659;-181;933;-361
2021-11-13T11:29:44.004;536844288506606042;-127;923;-301
2021-11-13T11:29:44.024;536844288526297425;-15;949;-248
2021-11-13T11:29:44.044;536844288545988808;7;967;-260
2021-11-13T11:29:44.063;536844288565671469;4;960;-311
2021-11-13T11:29:44.083;536844288585354114;1;937;-345
2021-11-13T11:29:44.103;536844288605036759;-23;928;-369
2021-11-13T11:29:44.122;536844288624719404;-87;928;-359
2021-11-13T11:29:44.142;536844288644402049;-113;933;-298
2021-11-13T11:29:44.162;536844288664084694;-94;952;-280
2021-11-13T11:29:44.181;536844288683767339;-105;942;-302
2021-11-13T11:29:44.201;536844288703449984;-80;937;-314
2021-11-13T11:29:44.221;536844288723132629;-81;936;-318
2021-11-13T11:29:44.241;536844288742815274;-90;936;-323
2021-11-13T11:29:44.260;536844288762497919;-103;936;-331
2021-11-13T11:29:44.280;536844288782180564;-67;939;-331
2021-11-13T11:29:44.300;536844288801863209;-35;942;-330
2021-11-13T11:29:44.319;536844288821545854;-24;941;-325
2021-11-13T11:29:44.339;536844288841228499;-34;945;-317
2021-11-13T11:29:44.359;536844288860911144;-53;939;-321
2021-11-13T11:29:44.378;536844288880593789;-39;941;-328
2021-11-13T11:29:44.398;536844288900276434;-55;940;-333
2021-11-13T11:29:44.418;536844288919959079;-71;931;-335
2021-11-13T11:29:44.437;536844288939641724;-57;939;-329
2021-11-13T11:29:44.457;536844288959324369;-63;939;-336
2021-11-13T11:29:44.477;536844288979007014;-50;942;-332
2021-11-13T11:29:44.496;536844288998689659;-52;941;-322
2021-11-13T11:29:44.516;536844289018372304;-55;937;-330
2021-11-13T11:29:44.536;536844289038054949;-58;937;-321
2021-11-13T11:29:44.555;536844289057737594;-57;940;-318
2021-11-13T11:29:44.575;536844289077420239;-58;938;-323
2021-11-13T11:29:44.595;536844289097102884;-61;935;-340
2021-11-13T11:29:44.615;536844289116785529;-46;939;-340
2021-11-13T11:29:44.634;536844289136468174;-32;939;-345
2021-11-13T11:29:44.654;536844289156150819;-58;938;-342
2021-11-13T11:29:44.674;536844289175833464;-78;931;-335
2021-11-13T11:29:44.693;536844289195516109;-85;942;-320
2021-11-13T11:29:44.713;536844289215198754;-58;943;-293
2021-11-13T11:29:44.733;536844289234881399;-40;942;-290
2021-11-13T11:29:44.752;536844289254564044;-44;935;-319
2021-11-13T11:29:44.772;536844289274243796;-34;929;-347
2021-11-13T11:29:44.792;536844289293923528;-52;922;-371
2021-11-13T11:29:44.811;536844289313603260;-2;941;-378
2021-11-13T11:29:44.831;536844289333282992;24;905;-363
2021-11-13T11:29:44.851;536844289352962724;113;872;-343
2021-11-13T11:29:44.870;536844289372642456;195;911;-339
2021-11-13T11:29:44.890;536844289392322188;187;928;-332
2021-11-13T11:29:44.910;536844289412001920;69;942;-376
2021-11-13T11:29:44.929;536844289431681652;30;875;-465
2021-11-13T11:29:44.949;536844289451361384;21;845;-470
2021-11-13T11:29:44.969;536844289471041116;97;833;-433
2021-11-13T11:29:44.988;536844289490720848;165;843;-487
2021-11-13T11:29:45.008;536844289510400580;287;889;-402
2021-11-13T11:29:45.028;536844289530080312;176;932;-414
2021-11-13T11:29:45.047;536844289549760044;212;854;-394
2021-11-13T11:29:45.067;536844289569439776;50;814;-455
2021-11-13T11:29:45.087;536844289589119508;349;823;-505
2021-11-13T11:29:45.107;536844289608799240;253;822;-552
2021-11-13T11:29:45.126;536844289628478972;254;851;-555
2021-11-13T11:29:45.146;536844289648158704;316;833;-496
2021-11-13T11:29:45.166;536844289667838436;100;793;-560
2021-11-13T11:29:45.185;536844289687518168;249;780;-560
2021-11-13T11:29:45.205;536844289707197900;189;812;-493
2021-11-13T11:29:45.225;536844289726877632;367;829;-551
2021-11-13T11:29:45.244;536844289746557364;271;778;-532
2021-11-13T11:29:45.264;536844289766237096;282;820;-576
2021-11-13T11:29:45.284;536844289785916828;310;750;-527
2021-11-13T11:29:45.303;536844289805596560;189;861;-485
2021-11-13T11:29:45.323;536844289825276292;342;799;-525
2021-11-13T11:29:45.343;536844289844956024;246;776;-582
2021-11-13T11:29:45.362;536844289864635756;298;774;-581
2021-11-13T11:29:45.382;536844289884315488;248;778;-506
2021-11-13T11:29:45.402;536844289903995220;247;829;-518
2021-11-13T11:29:45.421;536844289923674952;307;787;-500
2021-11-13T11:29:45.441;536844289943354684;372;798;-512
2021-11-13T11:29:45.461;536844289963034416;317;766;-503
2021-11-13T11:29:45.480;536844289982714172;334;789;-538
2021-11-13T11:29:45.500;536844290002393904;330;771;-510
2021-11-13T11:29:45.520;536844290022073636;308;791;-514
2021-11-13T11:29:45.539;536844290041753368;382;770;-508
2021-11-13T11:29:45.559;536844290061433100;327;787;-515
2021-11-13T11:29:45.579;536844290081112832;291;781;-541
2021-11-13T11:29:45.599;536844290100792564;307;785;-501
2021-11-13T11:29:45.618;536844290120472296;349;782;-514
2021-11-13T11:29:45.638;536844290140152028;399;765;-508
2021-11-13T11:29:45.658;536844290159831760;363;786;-515
2021-11-13T11:29:45.677;536844290179511492;362;771;-500
2021-11-13T11:29:45.697;536844290199191224;312;781;-485
2021-11-13T11:29:45.717;536844290218870956;319;799;-509
2021-11-13T11:29:45.736;536844290238550688;393;771;-495
2021-11-13T11:29:45.756;536844290258230420;374;776;-511
2021-11-13T11:29:45.776;536844290277910152;292;765;-523
2021-11-13T11:29:45.795;536844290297589884;306;773;-530
2021-11-13T11:29:45.815;536844290317269616;308;783;-521
2021-11-13T11:29:45.835;536844290336949348;367;759;-522
2021-11-13T11:29:45.854;536844290356629080;341;775;-508
2021-11-13T11:29:45.874;536844290376308812;332;768;-544
2021-11-13T11:29:45.894;536844290395988544;344;770;-518
2021-11-13T11:29:45.913;536844290415668276;379;785;-494
2021-11-13T11:29:45.933;536844290435348008;381;767;-494
2021-11-13T11:29:45.953;536844290455027740;387;778;-505
2021-11-13T11:29:45.972;536844290474707472;378;772;-492
2021-11-13T11:29:45.992;536844290494387204;385;790;-489
2021-11-13T11:29:46.012;536844290514066936;381;781;-494
2021-11-13T11:29:46.031;536844290533746668;389;767;-498
2021-11-13T11:29:46.051;536844290553426400;377;778;-504
2021-11-13T11:29:46.071;536844290573106132;377;782;-499
2021-11-13T11:29:46.091;536844290592785864;371;776;-506
2021-11-13T11:29:46.110;536844290612465596;339;775;-513
2021-11-13T11:29:46.130;536844290632145328;338;777;-510
2021-11-13T11:29:46.150;536844290651825060;359;785;-494
2021-11-13T11:29:46.169;536844290671504792;376;780;-504
2021-11-13T11:29:46.189;536844290691191814;362;777;-513
2021-11-13T11:29:46.209;536844290710878828;380;778;-500
2021-11-13T11:29:46.228;536844290730565842;306;786;-502
2021-11-13T11:29:46.248;536844290750252856;339;773;-513
2021-11-13T11:29:46.268;536844290769939870;358;781;-506
2021-11-13T11:29:46.287;536844290789626884;352;797;-488
2021-11-13T11:29:46.307;536844290809313898;385;792;-478
2021-11-13T11:29:46.327;536844290829000912;375;786;-483
2021-11-13T11:29:46.346;536844290848687926;365;793;-486
2021-11-13T11:29:46.366;536844290868374940;370;781;-492
2021-11-13T11:29:46.386;536844290888061954;320;788;-521
2021-11-13T11:29:46.405;536844290907748968;353;776;-516
2021-11-13T11:29:46.425;536844290927435982;284;784;-523
2021-11-13T11:29:46.445;536844290947122996;281;790;-526
2021-11-13T11:29:46.465;536844290966810010;369;783;-552
2021-11-13T11:29:46.484;536844290986497024;391;774;-536
2021-11-13T11:29:46.504;536844291006184038;339;790;-510
2021-11-13T11:29:46.524;536844291025871052;254;857;-454
2021-11-13T11:29:46.543;536844291045558066;235;843;-448
2021-11-13T11:29:46.563;536844291065245080;307;788;-479
2021-11-13T11:29:46.583;536844291084932094;301;808;-498
2021-11-13T11:29:46.602;536844291104619108;305;810;-505
2021-11-13T11:29:46.622;536844291124306122;286;818;-502
2021-11-13T11:29:46.642;536844291143993136;271;796;-504
2021-11-13T11:29:46.661;536844291163680150;303;800;-490
2021-11-13T11:29:46.681;536844291183367164;251;855;-474
2021-11-13T11:29:46.701;536844291203054178;270;840;-488
2021-11-13T11:29:46.720;536844291222741192;233;854;-495
2021-11-13T11:29:46.740;536844291242428206;283;846;-492
2021-11-13T11:29:46.760;536844291262115220;253;838;-466
2021-11-13T11:29:46.780;536844291281802234;228;873;-448
2021-11-13T11:29:46.799;536844291301489248;169;871;-472
2021-11-13T11:29:46.819;536844291321176262;229;849;-498
2021-11-13T11:29:46.839;536844291340863276;176;866;-495
2021-11-13T11:29:46.858;536844291360550290;171;868;-470
2021-11-13T11:29:46.878;536844291380237304;115;857;-470
2021-11-13T11:29:46.898;536844291399909755;96;865;-447
2021-11-13T11:29:46.917;536844291419582206;80;869;-464
2021-11-13T11:29:46.937;536844291439254657;107;888;-450
2021-11-13T11:29:46.957;536844291458927108;127;891;-429
2021-11-13T11:29:46.976;536844291478599559;63;897;-385
2021-11-13T11:29:46.996;536844291498272010;23;891;-366
2021-11-13T11:29:47.016;536844291517944461;9;894;-381
2021-11-13T11:29:47.035;536844291537616912;-53;905;-368
2021-11-13T11:29:47.055;536844291557289363;-45;915;-356
2021-11-13T11:29:47.075;536844291576961814;-59;923;-345
2021-11-13T11:29:47.094;536844291596634265;-47;929;-281
2021-11-13T11:29:47.114;536844291616306716;-13;950;-288
2021-11-13T11:29:47.134;536844291635979167;-59;956;-275
2021-11-13T11:29:47.153;536844291655651618;-138;936;-269
2021-11-13T11:29:47.173;536844291675324069;-171;932;-268
2021-11-13T11:29:47.193;536844291694996520;-242;917;-316
2021-11-13T11:29:47.212;536844291714668971;-209;905;-362
2021-11-13T11:29:47.232;536844291734341422;-112;927;-372
2021-11-13T11:29:47.252;536844291754013873;-38;939;-362
2021-11-13T11:29:47.271;536844291773686324;-33;943;-317
2021-11-13T11:29:47.291;536844291793358775;-40;957;-299
2021-11-13T11:29:47.311;536844291813031226;-47;951;-295
2021-11-13T11:29:47.330;536844291832703677;-78;926;-324
2021-11-13T11:29:47.350;536844291852376128;-91;927;-332
2021-11-13T11:29:47.370;536844291872048579;-113;933;-323
2021-11-13T11:29:47.389;536844291891721030;-100;933;-319
2021-11-13T11:29:47.409;536844291911393481;-54;947;-335
2021-11-13T11:29:47.429;536844291931065932;-36;938;-363
2021-11-13T11:29:47.448;536844291950738383;-29;937;-337
2021-11-13T11:29:47.468;536844291970410834;-39;947;-303
2021-11-13T11:29:47.488;536844291990083285;-48;947;-304
2021-11-13T11:29:47.507;536844292009755736;-30;942;-332
2021-11-13T11:29:47.527;536844292029428187;-24;927;-356
2021-11-13T11:29:47.547;536844292049100638;-32;932;-356
2021-11-13T11:29:47.566;536844292068773089;-42;942;-330
2021-11-13T11:29:47.586;536844292088445540;-29;947;-315
2021-11-13T11:29:47.606;536844292108125296;-29;939;-330
2021-11-13T11:29:47.626;536844292127805028;-22;938;-329
2021-11-13T11:29:47.645;536844292147484760;-37;943;-333
2021-11-13T11:29:47.665;536844292167164492;-45;940;-328
2021-11-13T11:29:47.685;536844292186844224;-46;940;-331
2021-11-13T11:29:47.704;536844292206523956;-45;937;-344
2021-11-13T11:29:47.724;536844292226203688;-27;933;-338
2021-11-13T11:29:47.744;536844292245883420;-41;944;-335
2021-11-13T11:29:47.763;536844292265563152;-51;940;-330
2021-11-13T11:29:47.783;536844292285242884;-58;934;-340
2021-11-13T11:29:47.803;536844292304922616;-48;936;-342
2021-11-13T11:29:47.822;536844292324602348;-45;937;-337
2021-11-13T11:29:47.842;536844292344282080;-43;941;-339
2021-11-13T11:29:47.862;536844292363961812;-52;936;-342
2021-11-13T11:29:47.881;536844292383641544;-50;936;-339
2021-11-13T11:29:47.901;536844292403321276;-45;940;-342
2021-11-13T11:29:47.921;536844292423001008;-50;938;-345
2021-11-13T11:29:47.940;536844292442680740;-52;937;-330
2021-11-13T11:29:47.960;536844292462360472;-63;935;-334
2021-11-13T11:29:47.980;536844292482040204;-54;942;-326
2021-11-13T11:29:47.999;536844292501719936;-57;933;-336
2021-11-13T11:29:48.019;536844292521399668;-73;933;-338
2021-11-13T11:29:48.039;536844292541079400;-99;927;-335
2021-11-13T11:29:48.058;536844292560759132;-110;932;-324
2021-11-13T11:29:48.078;536844292580438864;-84;928;-321
2021-11-13T11:29:48.098;536844292600118596;-56;942;-320
2021-11-13T11:29:48.118;536844292619798328;-52;937;-328
2021-11-13T11:29:48.137;536844292639478060;-52;935;-345
2021-11-13T11:29:48.157;536844292659157792;-46;927;-361
2021-11-13T11:29:48.177;536844292678837524;34;933;-373
2021-11-13T11:29:48.196;536844292698517256;41;915;-364
2021-11-13T11:29:48.216;536844292718196988;13;894;-363
2021-11-13T11:29:48.236;536844292737876720;92;913;-338
2021-11-13T11:29:48.255;536844292757556452;121;880;-346
2021-11-13T11:29:48.275;536844292777236184;194;962;-298
2021-11-13T11:29:48.295;536844292796915916;94;960;-320
2021-11-13T11:29:48.314;536844292816602942;-178;768;-430
2021-11-13T11:29:48.334;536844292836289956;19;833;-419
2021-11-13T11:29:48.354;536844292855976970;354;860;-615
2021-11-13T11:29:48.373;536844292875663984;380;889;-550
2021-11-13T11:29:48.393;536844292895350998;229;952;-447
2021-11-13T11:29:48.413;536844292915038012;-98;726;-392
2021-11-13T11:29:48.432;536844292934725026;165;894;-384
2021-11-13T11:29:48.452;536844292954412040;440;877;-467
2021-11-13T11:29:48.472;536844292974099054;444;878;-537
2021-11-13T11:29:48.492;536844292993786068;257;856;-523
2021-11-13T11:29:48.511;536844293013473082;109;815;-442
2021-11-13T11:29:48.531;536844293033160096;23;842;-504
2021-11-13T11:29:48.551;536844293052847110;217;822;-452
2021-11-13T11:29:48.570;536844293072534124;288;879;-492
2021-11-13T11:29:48.590;536844293092221138;364;804;-511
2021-11-13T11:29:48.610;536844293111908152;64;808;-490
2021-11-13T11:29:48.629;536844293131595166;158;840;-540
2021-11-13T11:29:48.649;536844293151282180;225;790;-517
2021-11-13T11:29:48.669;536844293170969194;281;842;-528
2021-11-13T11:29:48.688;536844293190656208;350;789;-551
2021-11-13T11:29:48.708;536844293210343222;286;770;-553
2021-11-13T11:29:48.728;536844293230030236;230;810;-513
2021-11-13T11:29:48.747;536844293249717250;272;820;-495
2021-11-13T11:29:48.767;536844293269404264;383;780;-501
2021-11-13T11:29:48.787;536844293289091278;346;791;-515
2021-11-13T11:29:48.806;536844293308778292;319;800;-512
2021-11-13T11:29:48.826;536844293328465306;312;779;-500
2021-11-13T11:29:48.846;536844293348152320;321;789;-504
2021-11-13T11:29:48.866;536844293367839334;277;795;-529
2021-11-13T11:29:48.885;536844293387526348;307;787;-515
2021-11-13T11:29:48.905;536844293407213362;305;775;-513
2021-11-13T11:29:48.925;536844293426900376;340;774;-544
2021-11-13T11:29:48.944;536844293446587390;331;764;-556
2021-11-13T11:29:48.964;536844293466274404;370;763;-526
2021-11-13T11:29:48.984;536844293485961418;299;780;-508
2021-11-13T11:29:49.003;536844293505648432;308;784;-536
2021-11-13T11:29:49.023;536844293525325252;390;756;-530
2021-11-13T11:29:49.043;536844293545002072;360;765;-508
2021-11-13T11:29:49.062;536844293564678892;327;770;-533
2021-11-13T11:29:49.082;536844293584355712;347;767;-529
2021-11-13T11:29:49.102;536844293604032532;344;761;-532
2021-11-13T11:29:49.121;536844293623709352;369;762;-527
2021-11-13T11:29:49.141;536844293643386172;373;774;-511
2021-11-13T11:29:49.161;536844293663062992;355;760;-551
2021-11-13T11:29:49.180;536844293682739812;329;767;-518
2021-11-13T11:29:49.200;536844293702416632;373;775;-501
2021-11-13T11:29:49.220;536844293722093452;360;770;-500
2021-11-13T11:29:49.239;536844293741770272;388;771;-503
2021-11-13T11:29:49.259;536844293761447092;377;773;-502
2021-11-13T11:29:49.279;536844293781123912;395;766;-490
2021-11-13T11:29:49.299;536844293800800732;372;770;-508
2021-11-13T11:29:49.318;536844293820477552;377;766;-521
2021-11-13T11:29:49.338;536844293840154372;384;760;-514
2021-11-13T11:29:49.358;536844293859831192;384;772;-506
2021-11-13T11:29:49.377;536844293879508012;380;767;-513
2021-11-13T11:29:49.397;536844293899184832;382;772;-503
2021-11-13T11:29:49.417;536844293918861652;373;781;-501
2021-11-13T11:29:49.436;536844293938538472;395;772;-496
2021-11-13T11:29:49.456;536844293958215292;378;774;-496
2021-11-13T11:29:49.476;536844293977892112;391;777;-494
2021-11-13T11:29:49.495;536844293997568932;354;780;-509
2021-11-13T11:29:49.515;536844294017245752;381;782;-498
2021-11-13T11:29:49.535;536844294036922572;377;774;-497
2021-11-13T11:29:49.554;536844294056599392;366;772;-522
2021-11-13T11:29:49.574;536844294076276212;370;780;-506
2021-11-13T11:29:49.594;536844294095953032;381;780;-499
2021-11-13T11:29:49.613;536844294115629852;358;784;-495
2021-11-13T11:29:49.633;536844294135306672;350;799;-494
2021-11-13T11:29:49.653;536844294154983492;317;784;-500
2021-11-13T11:29:49.672;536844294174660312;283;795;-515
2021-11-13T11:29:49.692;536844294194337132;291;780;-528
2021-11-13T11:29:49.712;536844294214013952;328;790;-519
