Phone timestamp;sensor timestamp [ns];X [mg];Y [mg];Z [mg]
2021-11-13T11:36:28.463;536844590282764662;55;751;648
2021-11-13T11:36:28.482;536844590302493910;55;749;645
2021-11-13T11:36:28.502;536844590322223158;43;741;648
2021-11-13T11:36:28.522;536844590341952406;38;746;662
2021-11-13T11:36:28.541;536844590361681654;9;755;665
2021-11-13T11:36:28.561;536844590381410902;5;751;663
2021-11-13T11:36:28.581;536844590401140150;27;745;654
2021-11-13T11:36:28.601;536844590420869398;27;745;648
2021-11-13T11:36:28.620;536844590440598646;30;744;631
2021-11-13T11:36:28.640;536844590460327894;35;752;624
2021-11-13T11:36:28.660;536844590480057142;35;757;623
2021-11-13T11:36:28.680;536844590499786390;26;752;626
2021-11-13T11:36:28.699;536844590519515638;28;750;621
2021-11-13T11:36:28.719;536844590539244886;30;748;624
2021-11-13T11:36:28.739;536844590558974134;31;747;635
2021-11-13T11:36:28.758;536844590578703382;27;747;640
2021-11-13T11:36:28.778;536844590598432630;21;748;643
2021-11-13T11:36:28.798;536844590618161878;24;750;644
2021-11-13T11:36:28.818;536844590637891126;20;753;647
2021-11-13T11:36:28.837;536844590657620374;7;758;649
2021-11-13T11:36:28.857;536844590677349622;15;752;653
2021-11-13T11:36:28.877;536844590697078870;18;747;653
2021-11-13T11:36:28.897;536844590716808118;19;749;649
2021-11-13T11:36:28.916;536844590736537366;20;752;641
2021-11-13T11:36:28.936;536844590756266614;24;760;633
2021-11-13T11:36:28.956;536844590775995862;26;757;629
2021-11-13T11:36:28.975;536844590795725110;24;752;632
2021-11-13T11:36:28.995;536844590815454358;21;751;634
2021-11-13T11:36:29.015;536844590835183606;24;748;635
2021-11-13T11:36:29.035;536844590854912854;26;748;641
2021-11-13T11:36:29.054;536844590874642102;24;750;643
2021-11-13T11:36:29.074;536844590894371350;25;751;652
2021-11-13T11:36:29.094;536844590914100598;22;750;652
2021-11-13T11:36:29.114;536844590933829846;4;756;648
2021-11-13T11:36:29.133;536844590953559094;30;754;651
2021-11-13T11:36:29.153;536844590973288342;34;744;647
2021-11-13T11:36:29.173;536844590993017618;30;744;642
2021-11-13T11:36:29.192;536844591012746866;17;745;642
2021-11-13T11:36:29.212;536844591032476114;25;749;656
2021-11-13T11:36:29.232;536844591052205362;48;747;668
2021-11-13T11:36:29.252;536844591071934610;18;751;619
2021-11-13T11:36:29.271;536844591091663858;-128;797;484
2021-11-13T11:36:29.291;536844591111393106;-351;801;475
2021-11-13T11:36:29.311;536844591131122354;-154;872;524
2021-11-13T11:36:29.331;536844591150851602;-135;891;660
2021-11-13T11:36:29.350;536844591170580850;3;872;779
2021-11-13T11:36:29.370;536844591190310098;144;789;853
2021-11-13T11:36:29.390;536844591210039346;215;694;833
2021-11-13T11:36:29.410;536844591229768594;124;588;791
2021-11-13T11:36:29.429;536844591249497842;156;522;774
2021-11-13T11:36:29.449;536844591269227090;201;535;729
2021-11-13T11:36:29.469;536844591288956338;151;545;749
2021-11-13T11:36:29.488;536844591308685586;118;582;762
2021-11-13T11:36:29.508;536844591328414834;106;634;771
2021-11-13T11:36:29.528;536844591348144082;120;680;770
2021-11-13T11:36:29.548;536844591367873330;173;651;789
2021-11-13T11:36:29.567;536844591387602578;218;625;785
2021-11-13T11:36:29.587;536844591407331826;222;593;787
2021-11-13T11:36:29.607;536844591427061074;198;568;778
2021-11-13T11:36:29.627;536844591446790322;171;557;759
2021-11-13T11:36:29.646;536844591466519570;142;554;750
2021-11-13T11:36:29.666;536844591486248818;185;545;774
2021-11-13T11:36:29.686;536844591505978066;176;559;791
2021-11-13T11:36:29.705;536844591525707314;183;553;798
2021-11-13T11:36:29.725;536844591545436562;215;501;815
2021-11-13T11:36:29.745;536844591565165810;222;471;830
2021-11-13T11:36:29.765;536844591584895058;198;451;838
2021-11-13T11:36:29.784;536844591604624306;186;447;835
2021-11-13T11:36:29.804;536844591624353554;187;443;828
2021-11-13T11:36:29.824;536844591644082802;191;457;845
2021-11-13T11:36:29.844;536844591663812050;233;441;864
2021-11-13T11:36:29.863;536844591683541298;279;406;890
2021-11-13T11:36:29.883;536844591703280743;260;364;875
2021-11-13T11:36:29.903;536844591723020186;223;364;879
2021-11-13T11:36:29.922;536844591742759629;252;332;895
2021-11-13T11:36:29.942;536844591762499072;212;352;876
2021-11-13T11:36:29.962;536844591782238515;227;367;879
2021-11-13T11:36:29.982;536844591801977958;210;439;862
2021-11-13T11:36:30.001;536844591821717401;204;478;846
2021-11-13T11:36:30.021;536844591841456844;185;509;819
2021-11-13T11:36:30.041;536844591861196287;188;519;831
2021-11-13T11:36:30.061;536844591880935730;190;525;843
2021-11-13T11:36:30.080;536844591900675173;177;504;851
2021-11-13T11:36:30.100;536844591920414616;178;485;852
2021-11-13T11:36:30.120;536844591940154059;187;487;838
2021-11-13T11:36:30.140;536844591959893502;204;485;831
2021-11-13T11:36:30.159;536844591979632945;193;483;823
2021-11-13T11:36:30.179;536844591999372388;190;484;836
2021-11-13T11:36:30.199;536844592019111831;185;483;846
2021-11-13T11:36:30.219;536844592038851274;184;484;850
2021-11-13T11:36:30.238;536844592058590717;184;484;846
2021-11-13T11:36:30.258;536844592078330160;187;482;836
2021-11-13T11:36:30.278;536844592098069603;200;489;867
2021-11-13T11:36:30.298;536844592117809046;179;492;863
2021-11-13T11:36:30.317;536844592137548489;173;485;838
2021-11-13T11:36:30.337;536844592157287932;194;485;816
2021-11-13T11:36:30.357;536844592177027375;210;491;806
2021-11-13T11:36:30.377;536844592196766818;198;488;811
2021-11-13T11:36:30.396;536844592216506261;181;479;811
2021-11-13T11:36:30.416;536844592236245704;174;469;786
2021-11-13T11:36:30.436;536844592255985147;183;467;761
2021-11-13T11:36:30.455;536844592275724590;177;451;724
2021-11-13T11:36:30.475;536844592295464033;144;420;684
2021-11-13T11:36:30.495;536844592315203476;124;386;640
2021-11-13T11:36:30.515;536844592334942919;107;371;643
2021-11-13T11:36:30.534;536844592354682362;102;369;640
2021-11-13T11:36:30.554;536844592374421805;59;349;635
2021-11-13T11:36:30.574;536844592394161248;35;313;645
2021-11-13T11:36:30.594;536844592413899235;39;295;671
2021-11-13T11:36:30.613;536844592433637222;49;301;729
2021-11-13T11:36:30.633;536844592453375209;57;298;759
2021-11-13T11:36:30.653;536844592473113196;26;289;743
2021-11-13T11:36:30.673;536844592492851183;0;292;733
2021-11-13T11:36:30.692;536844592512589170;6;295;743
2021-11-13T11:36:30.712;536844592532327157;26;288;760
2021-11-13T11:36:30.732;536844592552065144;40;282;788
2021-11-13T11:36:30.752;536844592571803131;52;305;802
2021-11-13T11:36:30.771;536844592591541118;45;345;822
2021-11-13T11:36:30.791;536844592611279105;42;375;837
2021-11-13T11:36:30.811;536844592631017092;34;390;866
2021-11-13T11:36:30.830;536844592650755079;18;404;887
2021-11-13T11:36:30.850;536844592670493066;8;414;903
2021-11-13T11:36:30.870;536844592690231053;-1;391;912
2021-11-13T11:36:30.890;536844592709969040;-26;346;907
2021-11-13T11:36:30.909;536844592729707027;-47;282;912
2021-11-13T11:36:30.929;536844592749445014;-72;237;931
2021-11-13T11:36:30.949;536844592769183001;-71;222;963
2021-11-13T11:36:30.969;536844592788920988;-97;243;1000
2021-11-13T11:36:30.988;536844592808658975;-92;278;1050
2021-11-13T11:36:31.008;536844592828396962;-98;291;1095
2021-11-13T11:36:31.028;536844592848134949;-118;269;1071
2021-11-13T11:36:31.048;536844592867872936;-157;215;1027
2021-11-13T11:36:31.067;536844592887610923;-127;191;998
2021-11-13T11:36:31.087;536844592907348910;-105;197;1006
2021-11-13T11:36:31.107;536844592927086897;-103;242;1014
2021-11-13T11:36:31.127;536844592946824884;-90;284;1013
2021-11-13T11:36:31.146;536844592966562871;-78;314;1022
2021-11-13T11:36:31.166;536844592986300858;-97;312;1019
2021-11-13T11:36:31.186;536844593006038845;-130;292;1001
2021-11-13T11:36:31.206;536844593025776832;-141;281;1021
2021-11-13T11:36:31.225;536844593045514819;-150;276;1047
2021-11-13T11:36:31.245;536844593065252806;-173;232;1062
2021-11-13T11:36:31.265;536844593084990793;-199;207;1084
2021-11-13T11:36:31.284;536844593104728780;-211;208;1094
2021-11-13T11:36:31.304;536844593124460955;-202;197;1098
2021-11-13T11:36:31.324;536844593144193116;-216;173;1080
2021-11-13T11:36:31.344;536844593163925277;-235;175;1087
2021-11-13T11:36:31.363;536844593183657438;-216;211;1102
2021-11-13T11:36:31.383;536844593203389599;-213;230;1121
2021-11-13T11:36:31.403;536844593223121760;-201;227;1145
2021-11-13T11:36:31.423;536844593242853921;-217;218;1154
2021-11-13T11:36:31.442;536844593262586082;-239;208;1143
2021-11-13T11:36:31.462;536844593282318243;-232;200;1159
2021-11-13T11:36:31.482;536844593302050404;-210;188;1166
2021-11-13T11:36:31.502;536844593321782565;-227;155;1175
2021-11-13T11:36:31.521;536844593341514726;-257;143;1181
2021-11-13T11:36:31.541;536844593361246887;-242;136;1195
2021-11-13T11:36:31.561;536844593380979048;-216;163;1199
2021-11-13T11:36:31.580;536844593400711209;-209;185;1197
2021-11-13T11:36:31.600;536844593420443370;-222;209;1195
2021-11-13T11:36:31.620;536844593440175531;-226;237;1193
2021-11-13T11:36:31.640;536844593459907692;-211;242;1185
2021-11-13T11:36:31.659;536844593479639853;-228;222;1165
2021-11-13T11:36:31.679;536844593499372014;-227;211;1152
2021-11-13T11:36:31.699;536844593519104175;-227;195;1137
2021-11-13T11:36:31.719;536844593538836336;-225;189;1133
2021-11-13T11:36:31.738;536844593558568497;-205;197;1132
2021-11-13T11:36:31.758;536844593578300658;-194;217;1125
2021-11-13T11:36:31.778;536844593598032819;-183;217;1112
2021-11-13T11:36:31.798;536844593617764980;-191;220;1087
2021-11-13T11:36:31.817;536844593637497141;-178;216;1081
2021-11-13T11:36:31.837;536844593657229302;-146;218;1083
2021-11-13T11:36:31.857;536844593676961463;-156;225;1070
2021-11-13T11:36:31.876;536844593696693624;-171;226;1059
2021-11-13T11:36:31.896;536844593716425785;-150;230;1048
2021-11-13T11:36:31.916;536844593736157946;-140;223;1025
2021-11-13T11:36:31.936;536844593755890107;-148;219;997
2021-11-13T11:36:31.955;536844593775622268;-137;225;993
2021-11-13T11:36:31.975;536844593795354429;-121;234;983
2021-11-13T11:36:31.995;536844593815086590;-127;238;976
2021-11-13T11:36:32.015;536844593834821666;-115;243;973
2021-11-13T11:36:32.034;536844593854556740;-109;252;976
2021-11-13T11:36:32.054;536844593874291814;-104;251;974
2021-11-13T11:36:32.074;536844593894026888;-106;246;974
2021-11-13T11:36:32.093;536844593913761962;-80;265;978
2021-11-13T11:36:32.113;536844593933497036;-63;278;979
2021-11-13T11:36:32.133;536844593953232110;-72;271;979
2021-11-13T11:36:32.153;536844593972967184;-70;267;982
2021-11-13T11:36:32.172;536844593992702258;-76;273;985
2021-11-13T11:36:32.192;536844594012437332;-81;270;980
2021-11-13T11:36:32.212;536844594032172406;-79;272;977
2021-11-13T11:36:32.232;536844594051907480;-67;285;973
2021-11-13T11:36:32.251;536844594071642554;-53;301;975
2021-11-13T11:36:32.271;536844594091377628;-26;335;974
2021-11-13T11:36:32.291;536844594111112702;-36;353;950
2021-11-13T11:36:32.311;536844594130847776;-37;361;926
2021-11-13T11:36:32.330;536844594150582850;-23;344;897
2021-11-13T11:36:32.350;536844594170317924;-11;317;884
2021-11-13T11:36:32.370;536844594190052998;-5;316;870
2021-11-13T11:36:32.390;536844594209788072;0;313;865
2021-11-13T11:36:32.409;536844594229523146;17;318;856
2021-11-13T11:36:32.429;536844594249258220;36;339;848
2021-11-13T11:36:32.449;536844594268993294;45;363;824
2021-11-13T11:36:32.468;536844594288728368;62;373;803
2021-11-13T11:36:32.488;536844594308463442;73;377;782
2021-11-13T11:36:32.508;536844594328198516;85;370;776
2021-11-13T11:36:32.528;536844594347933590;67;359;780
2021-11-13T11:36:32.547;536844594367668664;84;343;774
2021-11-13T11:36:32.567;536844594387403738;54;366;758
2021-11-13T11:36:32.587;536844594407138812;52;356;756
2021-11-13T11:36:32.607;536844594426873886;45;302;740
2021-11-13T11:36:32.626;536844594446608960;51;279;728
2021-11-13T11:36:32.646;536844594466344034;87;301;739
2021-11-13T11:36:32.666;536844594486079108;88;339;737
2021-11-13T11:36:32.686;536844594505814182;51;351;717
2021-11-13T11:36:32.705;536844594525549256;67;346;737
2021-11-13T11:36:32.725;536844594545291612;109;373;757
2021-11-13T11:36:32.745;536844594565033968;132;421;754
2021-11-13T11:36:32.765;536844594584776324;157;460;753
2021-11-13T11:36:32.784;536844594604518680;160;468;770
2021-11-13T11:36:32.804;536844594624261036;162;463;796
2021-11-13T11:36:32.824;536844594644003392;131;455;826
2021-11-13T11:36:32.843;536844594663745748;113;441;843
2021-11-13T11:36:32.863;536844594683488104;94;453;862
2021-11-13T11:36:32.883;536844594703230460;91;485;864
2021-11-13T11:36:32.903;536844594722972816;95;501;884
2021-11-13T11:36:32.922;536844594742715172;102;482;895
2021-11-13T11:36:32.942;536844594762457528;102;477;881
2021-11-13T11:36:32.962;536844594782199884;100;484;868
2021-11-13T11:36:32.982;536844594801942240;120;486;855
2021-11-13T11:36:33.001;536844594821684596;119;472;837
2021-11-13T11:36:33.021;536844594841426952;113;440;807
2021-11-13T11:36:33.041;536844594861169308;100;421;779
2021-11-13T11:36:33.061;536844594880911664;104;419;786
2021-11-13T11:36:33.080;536844594900654020;127;446;839
2021-11-13T11:36:33.100;536844594920396376;170;496;883
2021-11-13T11:36:33.120;536844594940138732;186;551;909
2021-11-13T11:36:33.140;536844594959881088;163;590;909
2021-11-13T11:36:33.159;536844594979623444;163;577;899
2021-11-13T11:36:33.179;536844594999365800;143;500;881
2021-11-13T11:36:33.199;536844595019108156;114;433;870
2021-11-13T11:36:33.219;536844595038850512;105;378;860
2021-11-13T11:36:33.238;536844595058592868;114;372;859
2021-11-13T11:36:33.258;536844595078335224;118;398;859
2021-11-13T11:36:33.278;536844595098077580;108;431;861
2021-11-13T11:36:33.298;536844595117819936;113;456;861
2021-11-13T11:36:33.317;536844595137562292;136;471;856
2021-11-13T11:36:33.337;536844595157304648;130;471;838
2021-11-13T11:36:33.357;536844595177047004;156;463;817
2021-11-13T11:36:33.377;536844595196789360;181;452;791
2021-11-13T11:36:33.396;536844595216531716;177;449;754
2021-11-13T11:36:33.416;536844595236274072;180;446;729
2021-11-13T11:36:33.436;536844595256013519;174;442;718
2021-11-13T11:36:33.455;536844595275752962;148;430;702
2021-11-13T11:36:33.475;536844595295492405;125;394;709
2021-11-13T11:36:33.495;536844595315231848;126;372;733
2021-11-13T11:36:33.515;536844595334971291;118;362;738
2021-11-13T11:36:33.534;536844595354710734;99;368;721
2021-11-13T11:36:33.554;536844595374450177;63;358;712
2021-11-13T11:36:33.574;536844595394189620;38;316;730
2021-11-13T11:36:33.594;536844595413929063;24;294;768
2021-11-13T11:36:33.613;536844595433668506;12;300;798
2021-11-13T11:36:33.633;536844595453407949;0;310;796
2021-11-13T11:36:33.653;536844595473147392;-19;320;792
2021-11-13T11:36:33.673;536844595492886835;-32;318;815
2021-11-13T11:36:33.692;536844595512626278;-41;298;830
2021-11-13T11:36:33.712;536844595532365721;-50;293;830
2021-11-13T11:36:33.732;536844595552105164;-39;304;819
2021-11-13T11:36:33.752;536844595571844607;-53;286;794
2021-11-13T11:36:33.771;536844595591584050;-73;262;782
2021-11-13T11:36:33.791;536844595611323493;-74;279;785
2021-11-13T11:36:33.811;536844595631062936;-58;315;839
2021-11-13T11:36:33.831;536844595650802379;-37;354;902
2021-11-13T11:36:33.850;536844595670541822;-46;353;947
2021-11-13T11:36:33.870;536844595690281265;-79;333;952
2021-11-13T11:36:33.890;536844595710020708;-99;312;946
2021-11-13T11:36:33.909;536844595729760151;-118;291;939
2021-11-13T11:36:33.929;536844595749499594;-126;261;963
2021-11-13T11:36:33.949;536844595769239037;-128;233;979
2021-11-13T11:36:33.969;536844595788978480;-127;216;1002
2021-11-13T11:36:33.988;536844595808717923;-125;226;1011
2021-11-13T11:36:34.008;536844595828457366;-124;249;1007
2021-11-13T11:36:34.028;536844595848196809;-125;270;988
2021-11-13T11:36:34.048;536844595867936252;-126;277;977
2021-11-13T11:36:34.067;536844595887675695;-130;272;965
2021-11-13T11:36:34.087;536844595907415138;-135;240;962
2021-11-13T11:36:34.107;536844595927154581;-143;216;960
2021-11-13T11:36:34.127;536844595946894024;-149;207;958
2021-11-13T11:36:34.146;536844595966623300;-160;229;955
2021-11-13T11:36:34.166;536844595986352548;-166;249;958
2021-11-13T11:36:34.186;536844596006081796;-190;245;964
2021-11-13T11:36:34.206;536844596025811044;-203;227;977
2021-11-13T11:36:34.225;536844596045540292;-195;210;1000
2021-11-13T11:36:34.245;536844596065269540;-206;193;1007
2021-11-13T11:36:34.265;536844596084998788;-210;197;1012
2021-11-13T11:36:34.284;536844596104728036;-198;220;1036
2021-11-13T11:36:34.304;536844596124457284;-212;228;1054
2021-11-13T11:36:34.324;536844596144186532;-233;222;1062
2021-11-13T11:36:34.344;536844596163915780;-233;199;1068
2021-11-13T11:36:34.363;536844596183645028;-238;197;1074
2021-11-13T11:36:34.383;536844596203374276;-223;202;1078
2021-11-13T11:36:34.403;536844596223103524;-240;208;1076
2021-11-13T11:36:34.423;536844596242832772;-252;221;1072
2021-11-13T11:36:34.442;536844596262562020;-269;231;1085
2021-11-13T11:36:34.462;536844596282291268;-185;182;1125
2021-11-13T11:36:34.482;536844596302020516;-233;226;1152
2021-11-13T11:36:34.501;536844596321749764;-334;181;1150
2021-11-13T11:36:34.521;536844596341479012;-364;177;1185
2021-11-13T11:36:34.541;536844596361208260;-353;180;1233
2021-11-13T11:36:34.561;536844596380937508;-378;155;1217
2021-11-13T11:36:34.580;536844596400666756;-417;126;1153
2021-11-13T11:36:34.600;536844596420396004;-368;116;1114
2021-11-13T11:36:34.620;536844596440125252;-370;160;1100
2021-11-13T11:36:34.640;536844596459854500;-398;192;1094
2021-11-13T11:36:34.659;536844596479583748;-383;212;1088
2021-11-13T11:36:34.679;536844596499312996;-355;213;1104
2021-11-13T11:36:34.699;536844596519042244;-335;196;1123
2021-11-13T11:36:34.719;536844596538771492;-360;178;1125
2021-11-13T11:36:34.738;536844596558500740;-380;174;1128
2021-11-13T11:36:34.758;536844596578229988;-356;177;1152
2021-11-13T11:36:34.778;536844596597959236;-344;169;1177
2021-11-13T11:36:34.797;536844596617688484;-380;179;1168
2021-11-13T11:36:34.817;536844596637417732;-387;175;1149
2021-11-13T11:36:34.837;536844596657146980;-345;213;1132
2021-11-13T11:36:34.857;536844596676883522;-317;232;1111
2021-11-13T11:36:34.876;536844596696620052;-300;228;1109
2021-11-13T11:36:34.896;536844596716356582;-306;209;1101
2021-11-13T11:36:34.916;536844596736093112;-306;214;1088
2021-11-13T11:36:34.936;536844596755829642;-276;226;1069
2021-11-13T11:36:34.955;536844596775566172;-291;218;1047
2021-11-13T11:36:34.975;536844596795302702;-269;219;1023
2021-11-13T11:36:34.995;536844596815039232;-261;233;1001
2021-11-13T11:36:35.015;536844596834775762;-251;243;993
2021-11-13T11:36:35.034;536844596854512292;-229;247;991
2021-11-13T11:36:35.054;536844596874248822;-230;257;980
2021-11-13T11:36:35.074;536844596893985352;-245;255;972
2021-11-13T11:36:35.093;536844596913721882;-242;231;969
2021-11-13T11:36:35.113;536844596933458412;-241;202;974
2021-11-13T11:36:35.133;536844596953194942;-227;207;982
2021-11-13T11:36:35.153;536844596972931472;-218;220;984
2021-11-13T11:36:35.172;536844596992668002;-209;231;982
2021-11-13T11:36:35.192;536844597012404532;-202;248;975
2021-11-13T11:36:35.212;536844597032141062;-187;258;970
2021-11-13T11:36:35.232;536844597051877592;-166;265;961
2021-11-13T11:36:35.251;536844597071614122;-140;271;953
2021-11-13T11:36:35.271;536844597091350652;-136;277;938
2021-11-13T11:36:35.291;536844597111087182;-133;286;927
2021-11-13T11:36:35.311;536844597130823712;-125;284;935
2021-11-13T11:36:35.330;536844597150560242;-129;283;936
2021-11-13T11:36:35.350;536844597170296772;-122;295;934
2021-11-13T11:36:35.370;536844597190033302;-109;297;921
2021-11-13T11:36:35.390;536844597209769832;-115;298;907
2021-11-13T11:36:35.409;536844597229506362;-104;282;905
2021-11-13T11:36:35.429;536844597249242892;-90;274;905
2021-11-13T11:36:35.449;536844597268979422;-80;282;896
2021-11-13T11:36:35.468;536844597288715952;-75;296;885
2021-11-13T11:36:35.488;536844597308452482;-64;307;883
2021-11-13T11:36:35.508;536844597328189012;-43;332;880
2021-11-13T11:36:35.528;536844597347925542;-43;357;883
2021-11-13T11:36:35.547;536844597367662072;-52;364;885
2021-11-13T11:36:35.567;536844597387397154;-57;356;886
2021-11-13T11:36:35.587;536844597407132228;-44;357;890
2021-11-13T11:36:35.607;536844597426867302;-25;362;870
2021-11-13T11:36:35.626;536844597446602376;-33;362;836
2021-11-13T11:36:35.646;536844597466337450;-32;375;782
2021-11-13T11:36:35.666;536844597486072524;-20;380;746
2021-11-13T11:36:35.686;536844597505807598;-34;350;722
2021-11-13T11:36:35.705;536844597525542672;-9;307;704
2021-11-13T11:36:35.725;536844597545277746;9;290;694
2021-11-13T11:36:35.745;536844597565012820;10;311;676
2021-11-13T11:36:35.764;536844597584747894;28;345;672
2021-11-13T11:36:35.784;536844597604482968;46;364;697
2021-11-13T11:36:35.804;536844597624218042;87;381;718
2021-11-13T11:36:35.824;536844597643953116;74;380;732
2021-11-13T11:36:35.843;536844597663688190;87;375;744
2021-11-13T11:36:35.863;536844597683423264;104;372;772
2021-11-13T11:36:35.883;536844597703158338;108;378;796
2021-11-13T11:36:35.903;536844597722893412;131;375;840
2021-11-13T11:36:35.922;536844597742628486;135;376;864
2021-11-13T11:36:35.942;536844597762363560;148;373;879
2021-11-13T11:36:35.962;536844597782098634;182;395;878
2021-11-13T11:36:35.982;536844597801833708;177;427;856
2021-11-13T11:36:36.001;536844597821568782;188;461;844
2021-11-13T11:36:36.021;536844597841303856;194;468;850
2021-11-13T11:36:36.041;536844597861038930;170;437;862
2021-11-13T11:36:36.061;536844597880774004;185;444;889
2021-11-13T11:36:36.080;536844597900509078;212;465;844
2021-11-13T11:36:36.100;536844597920244152;175;477;869
2021-11-13T11:36:36.120;536844597939979226;197;475;862
2021-11-13T11:36:36.139;536844597959714300;183;485;849
2021-11-13T11:36:36.159;536844597979449374;170;482;833
2021-11-13T11:36:36.179;536844597999184448;174;463;844
2021-11-13T11:36:36.199;536844598018919522;201;441;864
2021-11-13T11:36:36.218;536844598038654596;185;471;877
2021-11-13T11:36:36.238;536844598058389670;178;493;860
2021-11-13T11:36:36.258;536844598078124744;170;485;844
2021-11-13T11:36:36.278;536844598097862764;169;481;840
2021-11-13T11:36:36.297;536844598117600750;190;465;827
2021-11-13T11:36:36.317;536844598137338736;202;457;819
2021-11-13T11:36:36.337;536844598157076722;206;473;811
2021-11-13T11:36:36.357;536844598176814708;198;483;817
2021-11-13T11:36:36.376;536844598196552694;160;477;818
2021-11-13T11:36:36.396;536844598216290680;136;473;833
2021-11-13T11:36:36.416;536844598236028666;131;464;845
2021-11-13T11:36:36.436;536844598255766652;130;448;832
2021-11-13T11:36:36.455;536844598275504638;117;426;810
2021-11-13T11:36:36.475;536844598295242624;116;425;783
2021-11-13T11:36:36.495;536844598314980610;125;426;752
2021-11-13T11:36:36.514;536844598334718596;127;431;741
2021-11-13T11:36:36.534;536844598354456582;114;405;734
2021-11-13T11:36:36.554;536844598374194568;92;376;730
2021-11-13T11:36:36.574;536844598393932554;82;373;732
2021-11-13T11:36:36.593;536844598413670540;85;376;736
2021-11-13T11:36:36.613;536844598433408526;47;365;724
2021-11-13T11:36:36.633;536844598453146512;36;327;711
2021-11-13T11:36:36.653;536844598472884498;10;290;709
2021-11-13T11:36:36.672;536844598492622484;13;292;728
2021-11-13T11:36:36.692;536844598512360470;5;291;730
2021-11-13T11:36:36.712;536844598532098456;36;282;737
2021-11-13T11:36:36.732;536844598551836442;33;281;745
2021-11-13T11:36:36.751;536844598571574428;17;270;762
2021-11-13T11:36:36.771;536844598591312414;41;276;795
2021-11-13T11:36:36.791;536844598611050400;42;283;827
2021-11-13T11:36:36.811;536844598630788386;53;321;850
2021-11-13T11:36:36.830;536844598650526372;33;364;841
2021-11-13T11:36:36.850;536844598670264358;3;361;839
2021-11-13T11:36:36.870;536844598690002344;3;310;859
2021-11-13T11:36:36.889;536844598709740330;15;265;902
2021-11-13T11:36:36.909;536844598729478316;10;266;942
2021-11-13T11:36:36.929;536844598749216302;0;289;952
2021-11-13T11:36:36.949;536844598768954288;-22;282;945
2021-11-13T11:36:36.968;536844598788692274;-39;319;955
2021-11-13T11:36:36.988;536844598808431719;-31;340;971
2021-11-13T11:36:37.008;536844598828171162;-30;319;982
2021-11-13T11:36:37.028;536844598847910605;-36;329;1007
2021-11-13T11:36:37.047;536844598867650048;-30;356;1024
2021-11-13T11:36:37.067;536844598887389491;-42;367;1014
2021-11-13T11:36:37.087;536844598907128934;-74;367;1005
2021-11-13T11:36:37.107;536844598926868377;-80;337;1003
2021-11-13T11:36:37.126;536844598946607820;-115;296;997
2021-11-13T11:36:37.146;536844598966347263;-120;270;1005
2021-11-13T11:36:37.166;536844598986086706;-112;258;1015
2021-11-13T11:36:37.186;536844599005826149;-113;269;1011
2021-11-13T11:36:37.205;536844599025565592;-122;286;1014
2021-11-13T11:36:37.225;536844599045305035;-121;290;1000
2021-11-13T11:36:37.245;536844599065044478;-128;290;989
2021-11-13T11:36:37.265;536844599084783921;-131;263;980
2021-11-13T11:36:37.284;536844599104523364;-125;250;979
2021-11-13T11:36:37.304;536844599124262807;-126;259;978
2021-11-13T11:36:37.324;536844599144002250;-126;267;981
2021-11-13T11:36:37.343;536844599163741693;-143;268;981
2021-11-13T11:36:37.363;536844599183481136;-156;257;998
2021-11-13T11:36:37.383;536844599203220579;-162;241;1017
2021-11-13T11:36:37.403;536844599222960022;-185;227;1024
2021-11-13T11:36:37.422;536844599242699465;-209;214;1048
2021-11-13T11:36:37.442;536844599262438908;-204;234;1080
2021-11-13T11:36:37.462;536844599282178351;-222;232;1085
2021-11-13T11:36:37.482;536844599301917794;-247;210;1086
2021-11-13T11:36:37.501;536844599321657237;-239;185;1070
2021-11-13T11:36:37.521;536844599341396680;-239;182;1052
2021-11-13T11:36:37.541;536844599361136123;-253;182;1042
2021-11-13T11:36:37.561;536844599380875566;-251;139;1043
2021-11-13T11:36:37.580;536844599400615009;-226;135;1057
2021-11-13T11:36:37.600;536844599420354452;-240;165;1071
2021-11-13T11:36:37.620;536844599440093895;-307;162;1063
2021-11-13T11:36:37.640;536844599459833338;-288;184;1076
2021-11-13T11:36:37.659;536844599479572781;-272;189;1093
2021-11-13T11:36:37.679;536844599499312224;-322;142;1102
2021-11-13T11:36:37.699;536844599519057520;-334;113;1113
2021-11-13T11:36:37.719;536844599538802788;-345;121;1122
2021-11-13T11:36:37.738;536844599558548056;-369;137;1152
2021-11-13T11:36:37.758;536844599578293324;-385;157;1173
2021-11-13T11:36:37.778;536844599598038592;-393;176;1169
2021-11-13T11:36:37.798;536844599617783860;-390;165;1158
2021-11-13T11:36:37.817;536844599637529128;-348;149;1164
2021-11-13T11:36:37.837;536844599657274396;-259;147;1172
2021-11-13T11:36:37.857;536844599677019664;-238;137;1174
2021-11-13T11:36:37.877;536844599696764932;-251;135;1176
2021-11-13T11:36:37.896;536844599716510200;-321;131;1186
2021-11-13T11:36:37.916;536844599736255468;-345;120;1185
2021-11-13T11:36:37.936;536844599756000736;-344;131;1176
2021-11-13T11:36:37.955;536844599775746004;-327;153;1166
2021-11-13T11:36:37.975;536844599795491272;-317;153;1144
2021-11-13T11:36:37.995;536844599815236540;-321;171;1125
2021-11-13T11:36:38.015;536844599834981808;-314;187;1114
2021-11-13T11:36:38.034;536844599854727076;-298;208;1104
2021-11-13T11:36:38.054;536844599874472344;-276;220;1085
2021-11-13T11:36:38.074;536844599894217612;-265;225;1067
2021-11-13T11:36:38.094;536844599913962880;-255;234;1050
2021-11-13T11:36:38.113;536844599933708148;-254;223;1044
2021-11-13T11:36:38.133;536844599953453416;-256;195;1034
2021-11-13T11:36:38.153;536844599973198684;-254;180;1023
2021-11-13T11:36:38.173;536844599992943952;-249;179;1021
2021-11-13T11:36:38.192;536844600012689220;-238;191;1012
2021-11-13T11:36:38.212;536844600032434488;-234;208;995
2021-11-13T11:36:38.232;536844600052179756;-220;218;982
2021-11-13T11:36:38.252;536844600071925024;-206;223;981
2021-11-13T11:36:38.271;536844600091670292;-188;236;975
2021-11-13T11:36:38.291;536844600111415560;-188;244;964
2021-11-13T11:36:38.311;536844600131160828;-185;235;954
2021-11-13T11:36:38.331;536844600150906096;-161;233;946
2021-11-13T11:36:38.350;536844600170651364;-148;235;935
2021-11-13T11:36:38.370;536844600190396632;-142;237;921
2021-11-13T11:36:38.390;536844600210141900;-131;250;929
2021-11-13T11:36:38.410;536844600229888658;-131;280;940
2021-11-13T11:36:38.429;536844600249635382;-126;291;954
2021-11-13T11:36:38.449;536844600269382106;-112;282;958
2021-11-13T11:36:38.469;536844600289128830;-121;270;958
2021-11-13T11:36:38.489;536844600308875554;-111;290;947
2021-11-13T11:36:38.508;536844600328622278;-81;300;947
2021-11-13T11:36:38.528;536844600348369002;-69;311;946
2021-11-13T11:36:38.548;536844600368115726;-56;326;926
2021-11-13T11:36:38.568;536844600387862450;-59;324;898
2021-11-13T11:36:38.587;536844600407609174;-45;307;881
2021-11-13T11:36:38.607;536844600427355898;-29;289;858
2021-11-13T11:36:38.627;536844600447102622;-16;282;846
2021-11-13T11:36:38.647;536844600466849346;-8;297;820
2021-11-13T11:36:38.666;536844600486596070;10;314;787
2021-11-13T11:36:38.686;536844600506342794;22;305;753
2021-11-13T11:36:38.706;536844600526089518;32;292;720
2021-11-13T11:36:38.726;536844600545836242;38;274;672
2021-11-13T11:36:38.745;536844600565582966;39;249;632
2021-11-13T11:36:38.765;536844600585329690;45;226;595
2021-11-13T11:36:38.785;536844600605076414;56;223;586
2021-11-13T11:36:38.805;536844600624823138;60;243;594
2021-11-13T11:36:38.824;536844600644569862;124;282;621
2021-11-13T11:36:38.844;536844600664316586;177;320;651
2021-11-13T11:36:38.864;536844600684063310;176;368;680
2021-11-13T11:36:38.884;536844600703810034;175;379;710
2021-11-13T11:36:38.903;536844600723556758;198;390;749
2021-11-13T11:36:38.923;536844600743303482;201;411;801
2021-11-13T11:36:38.943;536844600763050206;200;454;859
2021-11-13T11:36:38.963;536844600782796930;201;473;886
2021-11-13T11:36:38.982;536844600802543654;189;472;898
2021-11-13T11:36:39.002;536844600822290378;191;458;891
2021-11-13T11:36:39.022;536844600842037102;183;422;867
2021-11-13T11:36:39.042;536844600861783826;175;393;846
2021-11-13T11:36:39.061;536844600881530550;178;405;825
2021-11-13T11:36:39.081;536844600901277274;181;407;810
2021-11-13T11:36:39.101;536844600921023998;183;419;806
2021-11-13T11:36:39.120;536844600940763449;174;426;801
2021-11-13T11:36:39.140;536844600960502892;156;402;777
2021-11-13T11:36:39.160;536844600980242335;133;398;746
2021-11-13T11:36:39.180;536844600999981778;126;390;727
2021-11-13T11:36:39.199;536844601019721221;115;384;725
2021-11-13T11:36:39.219;536844601039460664;111;374;744
2021-11-13T11:36:39.239;536844601059200107;107;378;747
2021-11-13T11:36:39.259;536844601078939550;102;382;737
2021-11-13T11:36:39.278;536844601098678993;99;381;724
2021-11-13T11:36:39.298;536844601118418436;92;369;739
2021-11-13T11:36:39.318;536844601138157879;84;354;765
2021-11-13T11:36:39.338;536844601157897322;88;341;780
2021-11-13T11:36:39.357;536844601177636765;102;364;777
2021-11-13T11:36:39.377;536844601197376208;92;354;775
2021-11-13T11:36:39.397;536844601217115651;76;316;790
2021-11-13T11:36:39.417;536844601236855094;80;303;836
2021-11-13T11:36:39.436;536844601256594537;107;350;878
2021-11-13T11:36:39.456;536844601276333980;136;407;883
2021-11-13T11:36:39.476;536844601296073423;131;434;876
2021-11-13T11:36:39.496;536844601315812866;117;431;873
2021-11-13T11:36:39.515;536844601335552309;112;418;876
2021-11-13T11:36:39.535;536844601355291752;93;408;887
2021-11-13T11:36:39.555;536844601375031195;95;402;917
2021-11-13T11:36:39.575;536844601394770638;96;386;943
2021-11-13T11:36:39.594;536844601414510081;77;386;947
2021-11-13T11:36:39.614;536844601434249524;53;382;933
2021-11-13T11:36:39.634;536844601453988967;40;370;915
2021-11-13T11:36:39.653;536844601473728410;47;359;903
2021-11-13T11:36:39.673;536844601493467853;46;347;908
2021-11-13T11:36:39.693;536844601513207296;41;321;901
2021-11-13T11:36:39.713;536844601532946739;29;294;900
2021-11-13T11:36:39.732;536844601552686182;18;292;907
2021-11-13T11:36:39.752;536844601572425625;7;295;913
2021-11-13T11:36:39.772;536844601592165068;2;283;901
2021-11-13T11:36:39.792;536844601611904511;-12;272;902
2021-11-13T11:36:39.811;536844601631643954;-13;269;899
2021-11-13T11:36:39.831;536844601651389244;-22;274;911
2021-11-13T11:36:39.851;536844601671134512;-21;301;919
2021-11-13T11:36:39.871;536844601690879780;-42;298;930
2021-11-13T11:36:39.890;536844601710625048;-48;275;926
2021-11-13T11:36:39.910;536844601730370316;-53;250;929
2021-11-13T11:36:39.930;536844601750115584;-54;245;936
2021-11-13T11:36:39.950;536844601769860852;-58;246;948
2021-11-13T11:36:39.969;536844601789606120;-58;260;965
2021-11-13T11:36:39.989;536844601809351388;-62;266;978
2021-11-13T11:36:40.009;536844601829096656;-71;249;994
2021-11-13T11:36:40.029;536844601848841924;-79;239;1002
2021-11-13T11:36:40.048;536844601868587192;-93;235;996
2021-11-13T11:36:40.068;536844601888332460;-115;242;1004
2021-11-13T11:36:40.088;536844601908077728;-121;250;1023
2021-11-13T11:36:40.108;536844601927822996;-133;256;1054
2021-11-13T11:36:40.127;536844601947568264;-135;249;1078
2021-11-13T11:36:40.147;536844601967313532;-134;255;1101
2021-11-13T11:36:40.167;536844601987058800;-140;275;1108
2021-11-13T11:36:40.187;536844602006804068;-160;290;1108
2021-11-13T11:36:40.206;536844602026549336;-155;304;1117
2021-11-13T11:36:40.226;536844602046294604;-146;301;1141
2021-11-13T11:36:40.246;536844602066039872;-152;304;1168
2021-11-13T11:36:40.266;536844602085785140;-163;305;1205
2021-11-13T11:36:40.285;536844602105530408;-148;332;1245
2021-11-13T11:36:40.305;536844602125275676;-154;356;1266
2021-11-13T11:36:40.325;536844602145020944;-157;359;1283
2021-11-13T11:36:40.345;536844602164766212;-161;350;1289
2021-11-13T11:36:40.364;536844602184511480;-189;314;1285
2021-11-13T11:36:40.384;536844602204256748;-200;299;1282
2021-11-13T11:36:40.404;536844602224002016;-193;292;1265
2021-11-13T11:36:40.423;536844602243747284;-188;306;1244
2021-11-13T11:36:40.443;536844602263492552;-178;330;1220
2021-11-13T11:36:40.463;536844602283237820;-165;339;1184
2021-11-13T11:36:40.483;536844602302983088;-168;324;1134
2021-11-13T11:36:40.502;536844602322728356;-155;324;1098
2021-11-13T11:36:40.522;536844602342473624;-146;313;1065
2021-11-13T11:36:40.542;536844602362207269;-142;295;1040
2021-11-13T11:36:40.562;536844602381940886;-133;297;1025
2021-11-13T11:36:40.581;536844602401674503;-133;289;1008
2021-11-13T11:36:40.601;536844602421408120;-132;281;989
2021-11-13T11:36:40.621;536844602441141737;-136;263;979
2021-11-13T11:36:40.641;536844602460875354;-129;253;978
2021-11-13T11:36:40.660;536844602480608971;-125;258;971
2021-11-13T11:36:40.680;536844602500342588;-119;267;968
2021-11-13T11:36:40.700;536844602520076205;-106;275;972
2021-11-13T11:36:40.720;536844602539809822;-111;268;973
2021-11-13T11:36:40.739;536844602559543439;-110;270;968
2021-11-13T11:36:40.759;536844602579277056;-105;261;968
2021-11-13T11:36:40.779;536844602599010673;-112;271;964
2021-11-13T11:36:40.798;536844602618744290;-110;276;972
2021-11-13T11:36:40.818;536844602638477907;-105;277;982
2021-11-13T11:36:40.838;536844602658211524;-91;288;987
2021-11-13T11:36:40.858;536844602677945141;-74;317;988
2021-11-13T11:36:40.877;536844602697678758;-69;322;983
2021-11-13T11:36:40.897;536844602717412375;-63;312;974
2021-11-13T11:36:40.917;536844602737145992;-60;300;970
2021-11-13T11:36:40.937;536844602756879609;-57;295;974
2021-11-13T11:36:40.956;536844602776613226;-38;297;972
2021-11-13T11:36:40.976;536844602796346843;-37;294;971
2021-11-13T11:36:40.996;536844602816080460;-28;284;976
2021-11-13T11:36:41.016;536844602835814077;-24;282;975
2021-11-13T11:36:41.035;536844602855547694;-20;304;976
2021-11-13T11:36:41.055;536844602875281311;-15;316;975
2021-11-13T11:36:41.075;536844602895014928;-10;324;969
2021-11-13T11:36:41.094;536844602914748545;6;335;964
2021-11-13T11:36:41.114;536844602934482162;15;349;964
2021-11-13T11:36:41.134;536844602954215779;5;365;950
2021-11-13T11:36:41.154;536844602973949396;-5;368;929
2021-11-13T11:36:41.173;536844602993683013;5;368;923
2021-11-13T11:36:41.193;536844603013416630;17;368;922
2021-11-13T11:36:41.213;536844603033150247;14;362;914
2021-11-13T11:36:41.233;536844603052883864;32;363;905
2021-11-13T11:36:41.252;536844603072623315;43;364;890
2021-11-13T11:36:41.272;536844603092362758;32;339;866
2021-11-13T11:36:41.292;536844603112102201;28;309;829
2021-11-13T11:36:41.312;536844603131841644;33;283;797
2021-11-13T11:36:41.331;536844603151581087;42;275;782
2021-11-13T11:36:41.351;536844603171320530;48;284;755
2021-11-13T11:36:41.371;536844603191059973;80;299;694
2021-11-13T11:36:41.391;536844603210799416;70;321;612
2021-11-13T11:36:41.410;536844603230538859;80;333;551
2021-11-13T11:36:41.430;536844603250278302;70;309;527
2021-11-13T11:36:41.450;536844603270017745;77;296;542
2021-11-13T11:36:41.469;536844603289757188;87;274;566
2021-11-13T11:36:41.489;536844603309496631;151;309;620
2021-11-13T11:36:41.509;536844603329236074;184;371;692
2021-11-13T11:36:41.529;536844603348975517;128;440;755
2021-11-13T11:36:41.548;536844603368714960;169;513;831
2021-11-13T11:36:41.568;536844603388454403;178;571;895
2021-11-13T11:36:41.588;536844603408193846;177;619;930
2021-11-13T11:36:41.608;536844603427933289;189;573;912
2021-11-13T11:36:41.627;536844603447672732;148;465;871
2021-11-13T11:36:41.647;536844603467412175;134;407;827
2021-11-13T11:36:41.667;536844603487151618;157;405;787
2021-11-13T11:36:41.687;536844603506891061;181;429;763
2021-11-13T11:36:41.706;536844603526630504;170;442;755
2021-11-13T11:36:41.726;536844603546369947;169;452;760
2021-11-13T11:36:41.746;536844603566109390;185;475;778
2021-11-13T11:36:41.766;536844603585848833;194;482;803
2021-11-13T11:36:41.785;536844603605588276;181;482;799
2021-11-13T11:36:41.805;536844603625327719;147;482;782
2021-11-13T11:36:41.825;536844603645067162;138;458;752
2021-11-13T11:36:41.845;536844603664806605;116;419;725
2021-11-13T11:36:41.864;536844603684546048;102;390;695
2021-11-13T11:36:41.884;536844603704285491;88;381;669
2021-11-13T11:36:41.904;536844603724024934;97;382;640
2021-11-13T11:36:41.923;536844603743764377;82;375;628
2021-11-13T11:36:41.943;536844603763503820;40;338;634
2021-11-13T11:36:41.963;536844603783235989;10;303;655
2021-11-13T11:36:41.983;536844603802968150;-12;282;675
2021-11-13T11:36:42.002;536844603822700311;-9;279;688
2021-11-13T11:36:42.022;536844603842432472;-32;262;688
2021-11-13T11:36:42.042;536844603862164633;-42;233;700
2021-11-13T11:36:42.062;536844603881896794;-8;232;747
2021-11-13T11:36:42.081;536844603901628955;5;279;779
2021-11-13T11:36:42.101;536844603921361116;1;344;789
2021-11-13T11:36:42.121;536844603941093277;-30;359;777
2021-11-13T11:36:42.141;536844603960825438;-44;332;774
2021-11-13T11:36:42.160;536844603980557599;-21;302;818
2021-11-13T11:36:42.180;536844604000289760;-6;290;864
2021-11-13T11:36:42.200;536844604020021921;-6;309;902
2021-11-13T11:36:42.219;536844604039754082;-12;368;928
2021-11-13T11:36:42.239;536844604059486243;-4;420;931
2021-11-13T11:36:42.259;536844604079218404;-13;427;932
2021-11-13T11:36:42.279;536844604098950565;-40;380;935
2021-11-13T11:36:42.298;536844604118682726;-62;332;943
2021-11-13T11:36:42.318;536844604138414887;-66;300;949
2021-11-13T11:36:42.338;536844604158147048;-66;304;973
2021-11-13T11:36:42.358;536844604177879209;-60;337;1000
2021-11-13T11:36:42.377;536844604197611370;-70;373;1010
2021-11-13T11:36:42.397;536844604217343531;-91;370;1015
2021-11-13T11:36:42.417;536844604237075692;-120;334;1009
2021-11-13T11:36:42.437;536844604256807853;-128;285;1020
2021-11-13T11:36:42.456;536844604276540014;-123;268;1043
2021-11-13T11:36:42.476;536844604296272175;-124;280;1044
2021-11-13T11:36:42.496;536844604316004336;-128;317;1031
2021-11-13T11:36:42.515;536844604335736497;-135;321;1010
2021-11-13T11:36:42.535;536844604355468658;-133;300;1003
2021-11-13T11:36:42.555;536844604375200819;-129;288;1016
2021-11-13T11:36:42.575;536844604394932980;-128;300;1043
2021-11-13T11:36:42.594;536844604414665141;-134;328;1075
2021-11-13T11:36:42.614;536844604434397302;-145;339;1102
2021-11-13T11:36:42.634;536844604454129463;-168;326;1123
2021-11-13T11:36:42.654;536844604473861624;-195;290;1133
2021-11-13T11:36:42.673;536844604493601081;-186;280;1157
2021-11-13T11:36:42.693;536844604513340524;-177;289;1161
2021-11-13T11:36:42.713;536844604533079967;-196;286;1157
2021-11-13T11:36:42.733;536844604552819410;-204;281;1137
2021-11-13T11:36:42.752;536844604572558853;-219;256;1131
2021-11-13T11:36:42.772;536844604592298296;-221;230;1133
2021-11-13T11:36:42.792;536844604612037739;-208;234;1130
2021-11-13T11:36:42.812;536844604631777182;-192;268;1130
2021-11-13T11:36:42.831;536844604651516625;-202;290;1134
2021-11-13T11:36:42.851;536844604671256068;-209;298;1140
2021-11-13T11:36:42.871;536844604690995511;-219;278;1133
2021-11-13T11:36:42.890;536844604710734954;-233;259;1133
2021-11-13T11:36:42.910;536844604730474397;-239;247;1127
2021-11-13T11:36:42.930;536844604750213840;-237;257;1136
2021-11-13T11:36:42.950;536844604769953283;-232;285;1153
2021-11-13T11:36:42.969;536844604789692726;-240;306;1180
2021-11-13T11:36:42.989;536844604809432169;-247;324;1203
2021-11-13T11:36:43.009;536844604829171612;-248;299;1211
2021-11-13T11:36:43.029;536844604848911055;-241;282;1210
2021-11-13T11:36:43.048;536844604868650498;-232;282;1193
2021-11-13T11:36:43.068;536844604888389941;-218;286;1169
2021-11-13T11:36:43.088;536844604908129384;-204;282;1146
2021-11-13T11:36:43.108;536844604927868827;-196;280;1137
2021-11-13T11:36:43.127;536844604947608270;-184;285;1136
2021-11-13T11:36:43.147;536844604967347713;-163;300;1133
2021-11-13T11:36:43.167;536844604987087156;-142;317;1125
2021-11-13T11:36:43.187;536844605006826599;-145;318;1111
2021-11-13T11:36:43.206;536844605026566042;-150;301;1090
2021-11-13T11:36:43.226;536844605046305485;-169;292;1073
2021-11-13T11:36:43.246;536844605066044928;-180;275;1053
2021-11-13T11:36:43.266;536844605085784371;-177;256;1058
2021-11-13T11:36:43.285;536844605105523814;-144;258;1058
2021-11-13T11:36:43.305;536844605125263257;-124;293;1026
2021-11-13T11:36:43.325;536844605145002700;-119;334;997
2021-11-13T11:36:43.344;536844605164742143;-117;338;977
2021-11-13T11:36:43.364;536844605184481586;-102;314;964
2021-11-13T11:36:43.384;536844605204215231;-98;288;960
2021-11-13T11:36:43.404;536844605223948848;-88;292;959
2021-11-13T11:36:43.423;536844605243682465;-75;299;959
2021-11-13T11:36:43.443;536844605263416082;-84;303;957
2021-11-13T11:36:43.463;536844605283149699;-97;286;958
2021-11-13T11:36:43.483;536844605302883316;-80;267;948
2021-11-13T11:36:43.502;536844605322616933;-79;254;937
2021-11-13T11:36:43.522;536844605342350550;-72;265;912
2021-11-13T11:36:43.542;536844605362084167;-65;270;889
2021-11-13T11:36:43.562;536844605381817784;-47;274;868
2021-11-13T11:36:43.581;536844605401551401;-25;275;849
2021-11-13T11:36:43.601;536844605421285018;-22;271;807
2021-11-13T11:36:43.621;536844605441018635;-30;258;774
2021-11-13T11:36:43.640;536844605460752252;-44;236;755
2021-11-13T11:36:43.660;536844605480485869;-55;234;745
2021-11-13T11:36:43.680;536844605500219486;-27;267;755
2021-11-13T11:36:43.700;536844605519953103;-2;305;768
2021-11-13T11:36:43.719;536844605539686720;10;348;776
2021-11-13T11:36:43.739;536844605559420337;34;370;769
2021-11-13T11:36:43.759;536844605579153954;35;373;766
2021-11-13T11:36:43.779;536844605598887571;27;367;758
2021-11-13T11:36:43.798;536844605618621188;34;346;756
2021-11-13T11:36:43.818;536844605638354805;38;327;753
2021-11-13T11:36:43.838;536844605658088422;51;341;748
2021-11-13T11:36:43.858;536844605677822039;61;359;744
2021-11-13T11:36:43.877;536844605697555656;53;376;745
2021-11-13T11:36:43.897;536844605717289273;51;378;744
2021-11-13T11:36:43.917;536844605737022890;65;377;741
2021-11-13T11:36:43.936;536844605756756507;81;386;741
2021-11-13T11:36:43.956;536844605776490124;70;393;736
2021-11-13T11:36:43.976;536844605796223741;91;396;741
2021-11-13T11:36:43.996;536844605815957358;91;390;739
2021-11-13T11:36:44.015;536844605835690975;81;413;743
2021-11-13T11:36:44.035;536844605855424592;111;424;761
2021-11-13T11:36:44.055;536844605875158209;133;442;792
2021-11-13T11:36:44.075;536844605894891826;139;468;836
2021-11-13T11:36:44.094;536844605914638580;161;501;861
2021-11-13T11:36:44.114;536844605934385304;168;532;862
2021-11-13T11:36:44.134;536844605954132028;122;523;847
2021-11-13T11:36:44.154;536844605973878752;119;486;843
2021-11-13T11:36:44.173;536844605993625476;121;440;827
2021-11-13T11:36:44.193;536844606013372200;104;389;806
2021-11-13T11:36:44.213;536844606033118924;107;416;801
2021-11-13T11:36:44.233;536844606052865648;112;419;784
2021-11-13T11:36:44.252;536844606072612372;125;435;761
2021-11-13T11:36:44.272;536844606092359096;127;466;736
2021-11-13T11:36:44.292;536844606112105820;119;447;689
2021-11-13T11:36:44.312;536844606131852544;113;412;638
2021-11-13T11:36:44.331;536844606151599268;103;379;610
2021-11-13T11:36:44.351;536844606171345992;102;369;602
2021-11-13T11:36:44.371;536844606191092716;81;357;596
2021-11-13T11:36:44.391;536844606210839440;55;313;591
2021-11-13T11:36:44.410;536844606230586164;30;282;602
2021-11-13T11:36:44.430;536844606250332888;47;270;651
2021-11-13T11:36:44.450;536844606270079612;69;291;692
2021-11-13T11:36:44.470;536844606289826336;57;340;713
2021-11-13T11:36:44.489;536844606309573060;39;358;700
2021-11-13T11:36:44.509;536844606329319784;59;331;712
2021-11-13T11:36:44.529;536844606349066508;85;327;748
2021-11-13T11:36:44.549;536844606368813232;103;385;780
2021-11-13T11:36:44.568;536844606388559956;131;461;803
2021-11-13T11:36:44.588;536844606408306680;123;479;809
2021-11-13T11:36:44.608;536844606428053404;69;458;841
2021-11-13T11:36:44.628;536844606447800128;58;438;879
2021-11-13T11:36:44.647;536844606467546852;72;447;930
2021-11-13T11:36:44.667;536844606487293576;57;463;967
2021-11-13T11:36:44.687;536844606507040300;49;457;979
2021-11-13T11:36:44.707;536844606526787024;33;402;979
2021-11-13T11:36:44.726;536844606546533748;14;370;977
2021-11-13T11:36:44.746;536844606566280472;-1;372;975
2021-11-13T11:36:44.766;536844606586027196;29;401;981
2021-11-13T11:36:44.786;536844606605773920;55;437;986
2021-11-13T11:36:44.805;536844606625519216;36;446;978
2021-11-13T11:36:44.825;536844606645264484;22;429;972
2021-11-13T11:36:44.845;536844606665009752;0;393;968
2021-11-13T11:36:44.864;536844606684755020;-16;360;967
2021-11-13T11:36:44.884;536844606704500288;-5;361;971
2021-11-13T11:36:44.904;536844606724245556;10;381;982
2021-11-13T11:36:44.924;536844606743990824;6;400;983
2021-11-13T11:36:44.943;536844606763736092;-5;385;981
2021-11-13T11:36:44.963;536844606783481360;-33;361;972
2021-11-13T11:36:44.983;536844606803226628;-44;325;974
2021-11-13T11:36:45.003;536844606822971896;-33;300;984
2021-11-13T11:36:45.022;536844606842717164;-44;305;1005
2021-11-13T11:36:45.042;536844606862462432;-40;341;1032
2021-11-13T11:36:45.062;536844606882207700;-50;373;1050
2021-11-13T11:36:45.082;536844606901952968;-73;376;1047
2021-11-13T11:36:45.101;536844606921698236;-75;344;1053
2021-11-13T11:36:45.121;536844606941443504;-74;320;1062
2021-11-13T11:36:45.141;536844606961188772;-66;328;1083
2021-11-13T11:36:45.161;536844606980934040;-69;365;1083
2021-11-13T11:36:45.180;536844607000679308;-83;364;1087
2021-11-13T11:36:45.200;536844607020424576;-101;334;1089
2021-11-13T11:36:45.220;536844607040169844;-109;313;1100
2021-11-13T11:36:45.240;536844607059915112;-107;298;1107
2021-11-13T11:36:45.259;536844607079660380;-106;304;1115
2021-11-13T11:36:45.279;536844607099405648;-126;319;1134
2021-11-13T11:36:45.299;536844607119150916;-108;344;1147
2021-11-13T11:36:45.319;536844607138896184;-130;314;1130
2021-11-13T11:36:45.338;536844607158641452;-180;268;1113
2021-11-13T11:36:45.358;536844607178386720;-151;266;1110
2021-11-13T11:36:45.378;536844607198131988;-135;282;1088
2021-11-13T11:36:45.398;536844607217877256;-151;296;1051
2021-11-13T11:36:45.417;536844607237622524;-136;312;1035
2021-11-13T11:36:45.437;536844607257367792;-126;317;1020
2021-11-13T11:36:45.457;536844607277113060;-129;308;1010
2021-11-13T11:36:45.477;536844607296858328;-130;300;1019
2021-11-13T11:36:45.496;536844607316603596;-129;308;1048
2021-11-13T11:36:45.516;536844607336350354;-135;315;1076
2021-11-13T11:36:45.536;536844607356097078;-141;324;1095
2021-11-13T11:36:45.556;536844607375843802;-141;325;1112
2021-11-13T11:36:45.575;536844607395590526;-130;309;1137
2021-11-13T11:36:45.595;536844607415337250;-138;297;1159
2021-11-13T11:36:45.615;536844607435083974;-138;316;1177
2021-11-13T11:36:45.635;536844607454830698;-131;327;1185
2021-11-13T11:36:45.654;536844607474577422;-105;359;1199
2021-11-13T11:36:45.674;536844607494324146;-97;369;1201
2021-11-13T11:36:45.694;536844607514070870;-116;370;1183
2021-11-13T11:36:45.714;536844607533817594;-109;344;1168
2021-11-13T11:36:45.733;536844607553564318;-83;327;1148
2021-11-13T11:36:45.753;536844607573311042;-73;344;1124
2021-11-13T11:36:45.773;536844607593057766;-68;344;1101
2021-11-13T11:36:45.793;536844607612804490;-65;331;1076
2021-11-13T11:36:45.812;536844607632551214;-49;330;1050
2021-11-13T11:36:45.832;536844607652297938;-64;317;1021
2021-11-13T11:36:45.852;536844607672044662;-60;299;1001
2021-11-13T11:36:45.872;536844607691791386;-52;292;993
2021-11-13T11:36:45.891;536844607711538110;-38;288;984
2021-11-13T11:36:45.911;536844607731284834;-41;307;976
2021-11-13T11:36:45.931;536844607751031558;-37;316;975
2021-11-13T11:36:45.951;536844607770778282;-45;299;967
2021-11-13T11:36:45.970;536844607790525006;-58;293;953
2021-11-13T11:36:45.990;536844607810271730;-42;297;934
2021-11-13T11:36:46.010;536844607830018454;-44;312;929
2021-11-13T11:36:46.030;536844607849765178;-44;319;922
2021-11-13T11:36:46.049;536844607869511902;-34;333;917
2021-11-13T11:36:46.069;536844607889258626;-32;341;917
2021-11-13T11:36:46.089;536844607909005350;-9;356;917
2021-11-13T11:36:46.108;536844607928752074;6;371;905
2021-11-13T11:36:46.128;536844607948498798;3;365;880
2021-11-13T11:36:46.148;536844607968245522;2;353;867
2021-11-13T11:36:46.168;536844607987992246;23;314;864
2021-11-13T11:36:46.187;536844608007738970;19;301;856
2021-11-13T11:36:46.207;536844608027485694;37;327;846
2021-11-13T11:36:46.227;536844608047228079;43;355;824
2021-11-13T11:36:46.247;536844608066970434;57;353;790
2021-11-13T11:36:46.266;536844608086712789;43;313;763
2021-11-13T11:36:46.286;536844608106455144;43;295;760
2021-11-13T11:36:46.306;536844608126197499;51;313;759
2021-11-13T11:36:46.326;536844608145939854;61;353;749
2021-11-13T11:36:46.345;536844608165682209;58;368;712
2021-11-13T11:36:46.365;536844608185424564;46;340;690
2021-11-13T11:36:46.385;536844608205166919;62;277;675
2021-11-13T11:36:46.405;536844608224909274;67;245;681
2021-11-13T11:36:46.424;536844608244651629;93;295;677
2021-11-13T11:36:46.444;536844608264393984;134;359;689
2021-11-13T11:36:46.464;536844608284136339;185;415;694
2021-11-13T11:36:46.484;536844608303878694;209;470;705
2021-11-13T11:36:46.503;536844608323621049;201;493;713
2021-11-13T11:36:46.523;536844608343363404;191;482;733
2021-11-13T11:36:46.543;536844608363105759;180;484;761
2021-11-13T11:36:46.563;536844608382848114;173;499;804
2021-11-13T11:36:46.582;536844608402590469;171;521;823
2021-11-13T11:36:46.602;536844608422332824;157;510;797
2021-11-13T11:36:46.622;536844608442075179;129;489;775
2021-11-13T11:36:46.642;536844608461817534;138;465;767
2021-11-13T11:36:46.661;536844608481559889;168;453;772
2021-11-13T11:36:46.681;536844608501302244;178;473;771
2021-11-13T11:36:46.701;536844608521044599;216;484;776
2021-11-13T11:36:46.721;536844608540786954;230;487;780
2021-11-13T11:36:46.740;536844608560529309;240;504;791
2021-11-13T11:36:46.760;536844608580271664;232;528;790
2021-11-13T11:36:46.780;536844608600014019;214;514;794
2021-11-13T11:36:46.799;536844608619756374;200;474;833
2021-11-13T11:36:46.819;536844608639498729;185;431;861
2021-11-13T11:36:46.839;536844608659241084;173;427;876
2021-11-13T11:36:46.859;536844608678983439;178;463;865
2021-11-13T11:36:46.878;536844608698725794;179;480;826
2021-11-13T11:36:46.898;536844608718468149;182;485;803
2021-11-13T11:36:46.918;536844608738210504;183;492;798
2021-11-13T11:36:46.938;536844608757952860;174;504;794
2021-11-13T11:36:46.957;536844608777695216;155;494;800
2021-11-13T11:36:46.977;536844608797437572;121;479;815
2021-11-13T11:36:46.997;536844608817179928;104;471;841
2021-11-13T11:36:47.017;536844608836922284;95;469;864
2021-11-13T11:36:47.036;536844608856664640;98;472;869
2021-11-13T11:36:47.056;536844608876406996;104;477;864
2021-11-13T11:36:47.076;536844608896149352;127;487;841
2021-11-13T11:36:47.096;536844608915891708;144;503;786
2021-11-13T11:36:47.115;536844608935634064;160;487;721
2021-11-13T11:36:47.135;536844608955376420;156;469;664
2021-11-13T11:36:47.155;536844608975118776;157;425;674
2021-11-13T11:36:47.175;536844608994861132;155;385;686
2021-11-13T11:36:47.194;536844609014603488;133;383;685
2021-11-13T11:36:47.214;536844609034345844;120;376;660
2021-11-13T11:36:47.234;536844609054088200;93;347;647
2021-11-13T11:36:47.254;536844609073830556;67;301;652
2021-11-13T11:36:47.273;536844609093572912;87;277;676
2021-11-13T11:36:47.293;536844609113315268;100;282;666
2021-11-13T11:36:47.313;536844609133057624;89;289;666
2021-11-13T11:36:47.333;536844609152799980;92;275;706
2021-11-13T11:36:47.352;536844609172542336;102;294;744
2021-11-13T11:36:47.372;536844609192284692;104;357;779
2021-11-13T11:36:47.392;536844609212027048;103;395;789
2021-11-13T11:36:47.412;536844609231769404;84;387;806
2021-11-13T11:36:47.431;536844609251511760;40;326;819
2021-11-13T11:36:47.451;536844609271254116;24;282;835
2021-11-13T11:36:47.471;536844609290996472;40;277;872
2021-11-13T11:36:47.490;536844609310738828;21;291;917
2021-11-13T11:36:47.510;536844609330481184;24;325;941
2021-11-13T11:36:47.530;536844609350223540;20;360;941
2021-11-13T11:36:47.550;536844609369965896;-2;365;917
2021-11-13T11:36:47.569;536844609389708252;-17;332;921
2021-11-13T11:36:47.589;536844609409450608;-24;311;936
2021-11-13T11:36:47.609;536844609429192964;-36;297;951
2021-11-13T11:36:47.629;536844609448935320;-43;321;959
2021-11-13T11:36:47.648;536844609468661656;-50;349;956
2021-11-13T11:36:47.668;536844609488387992;-58;351;959
2021-11-13T11:36:47.688;536844609508114328;-74;337;958
2021-11-13T11:36:47.708;536844609527840664;-81;299;958
2021-11-13T11:36:47.727;536844609547567000;-90;285;974
2021-11-13T11:36:47.747;536844609567293336;-91;288;979
2021-11-13T11:36:47.767;536844609587019672;-118;277;981
2021-11-13T11:36:47.786;536844609606746008;-106;282;995
2021-11-13T11:36:47.806;536844609626472344;-83;298;1011
2021-11-13T11:36:47.826;536844609646198680;-89;319;1029
2021-11-13T11:36:47.846;536844609665925016;-98;325;1030
2021-11-13T11:36:47.865;536844609685651352;-119;312;1029
2021-11-13T11:36:47.885;536844609705377688;-130;301;1043
2021-11-13T11:36:47.905;536844609725104024;-139;287;1060
2021-11-13T11:36:47.925;536844609744830360;-164;278;1070
2021-11-13T11:36:47.944;536844609764556696;-180;280;1083
2021-11-13T11:36:47.964;536844609784283032;-168;288;1102
2021-11-13T11:36:47.984;536844609804009368;-176;288;1115
2021-11-13T11:36:48.003;536844609823735704;-193;292;1132
2021-11-13T11:36:48.023;536844609843462040;-210;287;1146
2021-11-13T11:36:48.043;536844609863188376;-208;289;1164
2021-11-13T11:36:48.063;536844609882914712;-190;299;1172
2021-11-13T11:36:48.082;536844609902641048;-218;273;1166
2021-11-13T11:36:48.102;536844609922367384;-215;256;1156
2021-11-13T11:36:48.122;536844609942093720;-212;249;1147
2021-11-13T11:36:48.142;536844609961820056;-220;246;1133
2021-11-13T11:36:48.161;536844609981546392;-231;245;1116
2021-11-13T11:36:48.181;536844610001272728;-221;239;1098
2021-11-13T11:36:48.201;536844610020999064;-221;239;1084
2021-11-13T11:36:48.220;536844610040725400;-224;227;1063
2021-11-13T11:36:48.240;536844610060451736;-219;215;1034
2021-11-13T11:36:48.260;536844610080178072;-224;213;1009
2021-11-13T11:36:48.280;536844610099904408;-217;208;996
2021-11-13T11:36:48.299;536844610119630744;-222;189;1000
2021-11-13T11:36:48.319;536844610139357080;-229;172;1008
2021-11-13T11:36:48.339;536844610159083416;-241;180;1013
2021-11-13T11:36:48.359;536844610178808319;-236;197;1011
2021-11-13T11:36:48.378;536844610198533198;-241;192;1002
2021-11-13T11:36:48.398;536844610218258077;-238;198;1020
2021-11-13T11:36:48.418;536844610237982956;-231;204;1039
2021-11-13T11:36:48.437;536844610257707835;-242;210;1060
2021-11-13T11:36:48.457;536844610277432714;-230;230;1087
2021-11-13T11:36:48.477;536844610297157593;-220;254;1113
2021-11-13T11:36:48.497;536844610316882472;-221;266;1129
2021-11-13T11:36:48.516;536844610336607351;-215;273;1144
2021-11-13T11:36:48.536;536844610356332230;-224;273;1164
2021-11-13T11:36:48.556;536844610376057109;-227;268;1188
2021-11-13T11:36:48.576;536844610395781988;-223;252;1207
2021-11-13T11:36:48.595;536844610415506867;-228;244;1202
2021-11-13T11:36:48.615;536844610435231746;-234;244;1183
2021-11-13T11:36:48.635;536844610454956625;-210;239;1159
2021-11-13T11:36:48.654;536844610474681504;-207;239;1140
2021-11-13T11:36:48.674;536844610494406383;-200;248;1112
2021-11-13T11:36:48.694;536844610514131262;-175;271;1088
2021-11-13T11:36:48.714;536844610533856141;-160;289;1066
2021-11-13T11:36:48.733;536844610553581020;-152;286;1063
2021-11-13T11:36:48.753;536844610573305899;-154;281;1064
2021-11-13T11:36:48.773;536844610593030778;-149;281;1058
2021-11-13T11:36:48.792;536844610612755657;-144;280;1061
2021-11-13T11:36:48.812;536844610632480536;-135;290;1071
2021-11-13T11:36:48.832;536844610652205415;-136;291;1062
2021-11-13T11:36:48.852;536844610671930294;-141;279;1053
2021-11-13T11:36:48.871;536844610691655173;-135;265;1048
2021-11-13T11:36:48.891;536844610711380052;-129;256;1041
2021-11-13T11:36:48.911;536844610731104931;-125;272;1020
2021-11-13T11:36:48.931;536844610750829810;-122;283;996
2021-11-13T11:36:48.950;536844610770554689;-110;289;974
2021-11-13T11:36:48.970;536844610790279568;-99;286;952
2021-11-13T11:36:48.990;536844610810004447;-78;294;935
2021-11-13T11:36:49.009;536844610829729326;-63;297;922
2021-11-13T11:36:49.029;536844610849454205;-66;283;903
2021-11-13T11:36:49.049;536844610869179084;-62;282;903
