Phone timestamp;sensor timestamp [ns];X [mg];Y [mg];Z [mg]
2021-12-04T11:21:14.666;536588900216834581;249;860;-475
2021-12-04T11:21:14.685;536588900236607520;259;856;-472
2021-12-04T11:21:14.705;536588900256380459;253;851;-475
2021-12-04T11:21:14.725;536588900276153398;239;856;-470
2021-12-04T11:21:14.745;536588900295926337;240;856;-478
2021-12-04T11:21:14.764;536588900315699276;256;854;-480
2021-12-04T11:21:14.784;536588900335472215;238;860;-471
2021-12-04T11:21:14.804;536588900355245154;248;863;-472
2021-12-04T11:21:14.824;536588900375018093;255;851;-472
2021-12-04T11:21:14.843;536588900394791032;238;856;-466
2021-12-04T11:21:14.863;536588900414563971;240;857;-468
2021-12-04T11:21:14.883;536588900434336910;238;859;-474
2021-12-04T11:21:14.903;536588900454109849;243;858;-474
2021-12-04T11:21:14.923;536588900473882788;249;861;-463
2021-12-04T11:21:14.942;536588900493655727;243;863;-468
2021-12-04T11:21:14.962;536588900513428666;239;862;-471
2021-12-04T11:21:14.982;536588900533201605;235;861;-464
2021-12-04T11:21:15.002;536588900552974544;246;857;-462
2021-12-04T11:21:15.021;536588900572747483;276;850;-464
2021-12-04T11:21:15.041;536588900592520422;250;863;-462
2021-12-04T11:21:15.061;536588900612293361;250;867;-461
2021-12-04T11:21:15.081;536588900632066300;255;858;-456
2021-12-04T11:21:15.101;536588900651839239;254;864;-450
2021-12-04T11:21:15.120;536588900671612178;253;865;-458
2021-12-04T11:21:15.140;536588900691385117;256;851;-468
2021-12-04T11:21:15.160;536588900711158056;252;860;-466
2021-12-04T11:21:15.180;536588900730930995;249;860;-465
2021-12-04T11:21:15.199;536588900750703934;252;862;-468
2021-12-04T11:21:15.219;536588900770476873;256;856;-470
2021-12-04T11:21:15.239;536588900790249812;252;863;-467
2021-12-04T11:21:15.259;536588900810022751;250;863;-462
2021-12-04T11:21:15.278;536588900829795690;249;857;-464
2021-12-04T11:21:15.298;536588900849568629;250;863;-464
2021-12-04T11:21:15.318;536588900869341568;249;858;-467
2021-12-04T11:21:15.338;536588900889114507;254;864;-466
2021-12-04T11:21:15.358;536588900908887446;249;864;-460
2021-12-04T11:21:15.377;536588900928660401;251;863;-461
2021-12-04T11:21:15.397;536588900948433340;250;861;-450
2021-12-04T11:21:15.417;536588900968206279;256;861;-456
2021-12-04T11:21:15.437;536588900987979218;244;864;-451
2021-12-04T11:21:15.456;536588901007752157;247;868;-451
2021-12-04T11:21:15.476;536588901027525096;249;861;-460
2021-12-04T11:21:15.496;536588901047298035;249;864;-460
2021-12-04T11:21:15.516;536588901067070974;247;862;-458
2021-12-04T11:21:15.536;536588901086843913;251;865;-463
2021-12-04T11:21:15.555;536588901106616852;250;867;-463
2021-12-04T11:21:15.575;536588901126389791;243;863;-461
2021-12-04T11:21:15.595;536588901146162730;245;864;-457
2021-12-04T11:21:15.615;536588901165935669;249;864;-452
2021-12-04T11:21:15.634;536588901185708608;257;864;-451
2021-12-04T11:21:15.654;536588901205481547;247;863;-448
2021-12-04T11:21:15.674;536588901225254486;249;862;-451
2021-12-04T11:21:15.694;536588901245027425;251;864;-452
2021-12-04T11:21:15.713;536588901264800364;243;865;-457
2021-12-04T11:21:15.733;536588901284573303;243;864;-457
2021-12-04T11:21:15.753;536588901304346242;245;860;-460
2021-12-04T11:21:15.773;536588901324119181;246;863;-462
2021-12-04T11:21:15.793;536588901343892120;241;865;-463
2021-12-04T11:21:15.812;536588901363665059;239;865;-461
2021-12-04T11:21:15.832;536588901383437998;242;861;-464
2021-12-04T11:21:15.852;536588901403210937;243;863;-466
2021-12-04T11:21:15.872;536588901422983876;247;861;-468
2021-12-04T11:21:15.891;536588901442756815;245;857;-468
2021-12-04T11:21:15.911;536588901462529754;249;866;-462
2021-12-04T11:21:15.931;536588901482302693;247;861;-462
2021-12-04T11:21:15.951;536588901502075632;248;859;-465
2021-12-04T11:21:15.971;536588901521848571;250;867;-455
2021-12-04T11:21:15.990;536588901541621510;252;864;-465
2021-12-04T11:21:16.010;536588901561394449;265;854;-473
2021-12-04T11:21:16.030;536588901581167388;256;842;-482
2021-12-04T11:21:16.050;536588901600940327;253;855;-471
2021-12-04T11:21:16.069;536588901620713266;253;859;-465
2021-12-04T11:21:16.089;536588901640486215;255;862;-469
2021-12-04T11:21:16.109;536588901660259154;259;854;-469
2021-12-04T11:21:16.129;536588901680032093;257;861;-460
2021-12-04T11:21:16.148;536588901699805032;250;860;-458
2021-12-04T11:21:16.168;536588901719577971;249;867;-454
2021-12-04T11:21:16.188;536588901739350910;248;858;-457
2021-12-04T11:21:16.208;536588901759123849;251;864;-452
2021-12-04T11:21:16.228;536588901778896788;254;860;-458
2021-12-04T11:21:16.247;536588901798669727;242;844;-470
2021-12-04T11:21:16.267;536588901818442666;254;847;-473
2021-12-04T11:21:16.287;536588901838215605;229;837;-475
2021-12-04T11:21:16.307;536588901857988544;284;862;-467
2021-12-04T11:21:16.326;536588901877761483;254;860;-478
2021-12-04T11:21:16.346;536588901897534422;268;842;-488
2021-12-04T11:21:16.366;536588901917307361;267;841;-482
2021-12-04T11:21:16.386;536588901937080300;244;853;-480
2021-12-04T11:21:16.406;536588901956853239;252;859;-474
2021-12-04T11:21:16.425;536588901976626178;245;856;-479
2021-12-04T11:21:16.445;536588901996399117;227;856;-481
2021-12-04T11:21:16.465;536588902016172056;224;858;-479
2021-12-04T11:21:16.485;536588902035944995;241;855;-474
2021-12-04T11:21:16.504;536588902055717934;245;858;-480
2021-12-04T11:21:16.524;536588902075490873;249;860;-477
2021-12-04T11:21:16.544;536588902095263812;256;852;-477
2021-12-04T11:21:16.564;536588902115036751;234;849;-483
2021-12-04T11:21:16.583;536588902134809690;239;855;-473
2021-12-04T11:21:16.603;536588902154582629;233;857;-477
2021-12-04T11:21:16.623;536588902174355568;229;859;-474
2021-12-04T11:21:16.643;536588902194128507;239;858;-482
2021-12-04T11:21:16.663;536588902213901446;257;854;-484
2021-12-04T11:21:16.682;536588902233674385;265;846;-480
2021-12-04T11:21:16.702;536588902253447324;246;853;-470
2021-12-04T11:21:16.722;536588902273220263;237;859;-475
2021-12-04T11:21:16.742;536588902292993202;236;854;-469
2021-12-04T11:21:16.761;536588902312766141;230;860;-477
2021-12-04T11:21:16.781;536588902332539080;242;862;-476
2021-12-04T11:21:16.801;536588902352307666;251;854;-479
2021-12-04T11:21:16.821;536588902372076236;253;855;-483
2021-12-04T11:21:16.841;536588902391844806;239;850;-476
2021-12-04T11:21:16.860;536588902411613376;224;857;-473
2021-12-04T11:21:16.880;536588902431381946;243;860;-479
2021-12-04T11:21:16.900;536588902451150516;248;860;-488
2021-12-04T11:21:16.920;536588902470919086;278;845;-483
2021-12-04T11:21:16.939;536588902490687656;254;833;-456
2021-12-04T11:21:16.959;536588902510456226;262;853;-462
2021-12-04T11:21:16.979;536588902530224796;257;851;-466
2021-12-04T11:21:16.999;536588902549993366;230;876;-467
2021-12-04T11:21:17.018;536588902569761936;197;880;-455
2021-12-04T11:21:17.038;536588902589530506;265;840;-485
2021-12-04T11:21:17.058;536588902609299076;242;856;-511
2021-12-04T11:21:17.078;536588902629067646;226;907;-495
2021-12-04T11:21:17.098;536588902648836216;224;778;-510
2021-12-04T11:21:17.117;536588902668604786;239;806;-497
2021-12-04T11:21:17.137;536588902688373356;299;895;-452
2021-12-04T11:21:17.157;536588902708141926;146;892;-475
2021-12-04T11:21:17.177;536588902727910496;161;932;-494
2021-12-04T11:21:17.196;536588902747679066;136;1031;-486
2021-12-04T11:21:17.216;536588902767447636;219;977;-462
2021-12-04T11:21:17.236;536588902787216206;98;806;-466
2021-12-04T11:21:17.256;536588902806984776;150;710;-484
2021-12-04T11:21:17.275;536588902826753346;212;684;-543
2021-12-04T11:21:17.295;536588902846521916;168;704;-526
2021-12-04T11:21:17.315;536588902866290486;41;709;-470
2021-12-04T11:21:17.335;536588902886059056;222;936;-514
2021-12-04T11:21:17.354;536588902905827626;-9;1225;-641
2021-12-04T11:21:17.374;536588902925596196;125;793;-525
2021-12-04T11:21:17.394;536588902945364766;91;887;-567
2021-12-04T11:21:17.414;536588902965133336;169;514;-532
2021-12-04T11:21:17.434;536588902984901906;125;880;-596
2021-12-04T11:21:17.453;536588903004670476;499;342;-324
2021-12-04T11:21:17.473;536588903024439046;-5;857;-667
2021-12-04T11:21:17.493;536588903044207616;-199;1068;-667
2021-12-04T11:21:17.513;536588903063970386;-34;945;-597
2021-12-04T11:21:17.532;536588903083733130;128;740;-524
2021-12-04T11:21:17.552;536588903103495874;61;760;-537
2021-12-04T11:21:17.572;536588903123258618;-96;869;-590
2021-12-04T11:21:17.592;536588903143021362;11;956;-559
2021-12-04T11:21:17.611;536588903162784106;-69;930;-587
2021-12-04T11:21:17.631;536588903182546850;215;589;-445
2021-12-04T11:21:17.651;536588903202309594;-94;855;-532
2021-12-04T11:21:17.671;536588903222072338;9;1013;-525
2021-12-04T11:21:17.691;536588903241835082;-81;813;-516
2021-12-04T11:21:17.710;536588903261597826;-38;857;-540
2021-12-04T11:21:17.730;536588903281360570;-166;797;-611
2021-12-04T11:21:17.750;536588903301123314;4;855;-560
2021-12-04T11:21:17.770;536588903320886058;-169;809;-599
2021-12-04T11:21:17.789;536588903340648802;-261;797;-533
2021-12-04T11:21:17.809;536588903360411546;-262;810;-526
2021-12-04T11:21:17.829;536588903380174290;-205;840;-511
2021-12-04T11:21:17.849;536588903399937034;-207;840;-510
2021-12-04T11:21:17.868;536588903419699778;-191;869;-485
2021-12-04T11:21:17.888;536588903439462522;-179;846;-511
2021-12-04T11:21:17.908;536588903459225266;-218;866;-467
2021-12-04T11:21:17.928;536588903478988010;-141;879;-456
2021-12-04T11:21:17.947;536588903498750754;-125;868;-486
2021-12-04T11:21:17.967;536588903518513498;-126;878;-466
2021-12-04T11:21:17.987;536588903538276242;-105;870;-479
2021-12-04T11:21:18.007;536588903558038986;-108;870;-492
2021-12-04T11:21:18.026;536588903577801730;-67;903;-452
2021-12-04T11:21:18.046;536588903597564474;-60;917;-418
2021-12-04T11:21:18.066;536588903617327218;-42;921;-432
2021-12-04T11:21:18.086;536588903637089962;-167;855;-459
2021-12-04T11:21:18.106;536588903656852706;-111;865;-483
2021-12-04T11:21:18.125;536588903676615450;-50;900;-494
2021-12-04T11:21:18.145;536588903696378194;-39;893;-467
2021-12-04T11:21:18.165;536588903716140938;-45;911;-448
2021-12-04T11:21:18.185;536588903735903682;-34;922;-419
2021-12-04T11:21:18.204;536588903755666426;-87;897;-429
2021-12-04T11:21:18.224;536588903775427738;-42;912;-431
2021-12-04T11:21:18.244;536588903795189026;-26;934;-397
2021-12-04T11:21:18.264;536588903814950314;-19;925;-434
2021-12-04T11:21:18.283;536588903834711602;-81;895;-409
2021-12-04T11:21:18.303;536588903854472890;-118;901;-417
2021-12-04T11:21:18.323;536588903874234178;-95;905;-405
2021-12-04T11:21:18.343;536588903893995466;-114;914;-404
2021-12-04T11:21:18.362;536588903913756754;-82;913;-417
2021-12-04T11:21:18.382;536588903933518042;-124;906;-396
2021-12-04T11:21:18.402;536588903953279330;-232;860;-451
2021-12-04T11:21:18.422;536588903973040618;-212;864;-475
2021-12-04T11:21:18.441;536588903992801906;-105;873;-469
2021-12-04T11:21:18.461;536588904012563194;-23;884;-438
2021-12-04T11:21:18.481;536588904032324482;-21;904;-409
2021-12-04T11:21:18.501;536588904052085770;-14;930;-377
2021-12-04T11:21:18.521;536588904071847058;20;888;-451
2021-12-04T11:21:18.540;536588904091608346;0;870;-513
2021-12-04T11:21:18.560;536588904111369634;33;896;-504
2021-12-04T11:21:18.580;536588904131130922;51;889;-459
2021-12-04T11:21:18.600;536588904150892210;69;912;-406
2021-12-04T11:21:18.619;536588904170653498;57;934;-378
2021-12-04T11:21:18.639;536588904190414786;33;890;-455
2021-12-04T11:21:18.659;536588904210176074;61;882;-496
2021-12-04T11:21:18.679;536588904229937362;66;894;-483
2021-12-04T11:21:18.698;536588904249698650;31;887;-449
2021-12-04T11:21:18.718;536588904269459938;-8;889;-415
2021-12-04T11:21:18.738;536588904289221226;47;905;-395
2021-12-04T11:21:18.758;536588904308982514;83;938;-363
2021-12-04T11:21:18.777;536588904328743802;-6;915;-436
2021-12-04T11:21:18.797;536588904348505090;-10;888;-428
2021-12-04T11:21:18.817;536588904368266378;-79;886;-427
2021-12-04T11:21:18.837;536588904388027666;-84;892;-448
2021-12-04T11:21:18.856;536588904407788954;21;918;-428
2021-12-04T11:21:18.876;536588904427550242;26;894;-453
2021-12-04T11:21:18.896;536588904447311530;31;906;-450
2021-12-04T11:21:18.916;536588904467072818;2;929;-437
2021-12-04T11:21:18.936;536588904486842868;-50;900;-404
2021-12-04T11:21:18.955;536588904506612894;-8;916;-397
2021-12-04T11:21:18.975;536588904526382920;-7;922;-427
2021-12-04T11:21:18.995;536588904546152946;-35;906;-448
2021-12-04T11:21:19.015;536588904565922972;-132;875;-469
2021-12-04T11:21:19.034;536588904585692998;-206;863;-479
2021-12-04T11:21:19.054;536588904605463024;-40;899;-418
2021-12-04T11:21:19.074;536588904625233050;15;936;-420
2021-12-04T11:21:19.094;536588904645003076;-25;905;-442
2021-12-04T11:21:19.113;536588904664773102;-75;900;-451
2021-12-04T11:21:19.133;536588904684543128;-192;872;-447
2021-12-04T11:21:19.153;536588904704313154;-138;905;-367
2021-12-04T11:21:19.173;536588904724083180;-67;916;-416
2021-12-04T11:21:19.193;536588904743853206;-96;883;-479
2021-12-04T11:21:19.212;536588904763623232;-149;833;-554
2021-12-04T11:21:19.232;536588904783393258;-164;872;-485
2021-12-04T11:21:19.252;536588904803163284;-105;872;-422
2021-12-04T11:21:19.272;536588904822933310;-57;906;-360
2021-12-04T11:21:19.291;536588904842703336;30;949;-418
2021-12-04T11:21:19.311;536588904862473362;-139;832;-490
2021-12-04T11:21:19.331;536588904882243388;28;878;-556
2021-12-04T11:21:19.351;536588904902013414;1;882;-503
2021-12-04T11:21:19.370;536588904921783440;71;965;-403
2021-12-04T11:21:19.390;536588904941553466;0;909;-399
2021-12-04T11:21:19.410;536588904961323492;-146;859;-483
2021-12-04T11:21:19.430;536588904981093518;-125;819;-539
2021-12-04T11:21:19.450;536588905000863544;29;876;-532
2021-12-04T11:21:19.469;536588905020633570;-64;872;-513
2021-12-04T11:21:19.489;536588905040403596;-127;829;-525
2021-12-04T11:21:19.509;536588905060173622;-41;872;-500
2021-12-04T11:21:19.529;536588905079943648;-32;906;-471
2021-12-04T11:21:19.548;536588905099713674;-110;850;-523
2021-12-04T11:21:19.568;536588905119483700;-186;837;-508
2021-12-04T11:21:19.588;536588905139253726;-248;811;-560
2021-12-04T11:21:19.608;536588905159023752;-114;834;-521
2021-12-04T11:21:19.627;536588905178793778;-81;875;-497
