Phone timestamp;sensor timestamp [ns];X [mg];Y [mg];Z [mg]
2021-12-04T11:21:14.541;536588717087109872;-153;-982;-274
2021-12-04T11:21:14.560;536588717106772128;-107;-994;-259
2021-12-04T11:21:14.580;536588717126434384;-107;-995;-262
2021-12-04T11:21:14.599;536588717146096640;-74;-988;-296
2021-12-04T11:21:14.619;536588717165758896;-20;-996;-264
2021-12-04T11:21:14.639;536588717185421152;-98;-993;-249
2021-12-04T11:21:14.658;536588717205083408;-110;-984;-250
2021-12-04T11:21:14.678;536588717224745664;-87;-995;-280
2021-12-04T11:21:14.698;536588717244407920;-101;-997;-279
2021-12-04T11:21:14.717;536588717264070176;-62;-980;-279
2021-12-04T11:21:14.737;536588717283732432;-42;-993;-254
2021-12-04T11:21:14.757;536588717303394688;-102;-982;-258
2021-12-04T11:21:14.776;536588717323056944;-108;-984;-253
2021-12-04T11:21:14.796;536588717342719200;-105;-985;-248
2021-12-04T11:21:14.816;536588717362381456;-52;-996;-273
2021-12-04T11:21:14.835;536588717382043712;-89;-991;-322
2021-12-04T11:21:14.855;536588717401705968;-111;-990;-301
2021-12-04T11:21:14.875;536588717421368224;-123;-988;-272
2021-12-04T11:21:14.894;536588717441030480;-113;-979;-275
2021-12-04T11:21:14.914;536588717460692736;-101;-987;-257
2021-12-04T11:21:14.934;536588717480354992;-63;-992;-271
2021-12-04T11:21:14.953;536588717500017248;-74;-995;-281
2021-12-04T11:21:14.973;536588717519679504;-80;-1000;-308
2021-12-04T11:21:14.993;536588717539341760;-113;-982;-289
2021-12-04T11:21:15.012;536588717559004016;-118;-967;-267
2021-12-04T11:21:15.032;536588717578666272;-137;-984;-274
2021-12-04T11:21:15.052;536588717598328528;-101;-990;-274
2021-12-04T11:21:15.071;536588717617990784;-62;-987;-275
2021-12-04T11:21:15.091;536588717637653040;-66;-993;-307
2021-12-04T11:21:15.111;536588717657315296;-102;-991;-304
2021-12-04T11:21:15.130;536588717676977552;-110;-990;-285
2021-12-04T11:21:15.150;536588717696639808;-110;-984;-288
2021-12-04T11:21:15.170;536588717716302064;-105;-989;-294
2021-12-04T11:21:15.189;536588717735964320;-108;-978;-312
2021-12-04T11:21:15.209;536588717755626576;-99;-989;-291
2021-12-04T11:21:15.229;536588717775288832;-94;-991;-298
2021-12-04T11:21:15.248;536588717794951100;-107;-994;-302
2021-12-04T11:21:15.268;536588717814613356;-89;-986;-285
2021-12-04T11:21:15.288;536588717834275612;-91;-987;-296
2021-12-04T11:21:15.307;536588717853937868;-83;-987;-303
2021-12-04T11:21:15.327;536588717873600124;-109;-987;-295
2021-12-04T11:21:15.347;536588717893262380;-113;-966;-306
2021-12-04T11:21:15.366;536588717912924636;-104;-984;-309
2021-12-04T11:21:15.386;536588717932586892;-111;-994;-307
2021-12-04T11:21:15.406;536588717952249148;-116;-986;-321
2021-12-04T11:21:15.425;536588717971911404;-111;-989;-340
2021-12-04T11:21:15.445;536588717991573660;-101;-987;-326
2021-12-04T11:21:15.465;536588718011235916;-103;-984;-304
2021-12-04T11:21:15.484;536588718030898172;-115;-984;-292
2021-12-04T11:21:15.504;536588718050560428;-104;-972;-292
2021-12-04T11:21:15.524;536588718070222684;-107;-986;-294
2021-12-04T11:21:15.543;536588718089884940;-109;-976;-302
2021-12-04T11:21:15.563;536588718109547196;-107;-985;-328
2021-12-04T11:21:15.583;536588718129209452;-119;-979;-332
2021-12-04T11:21:15.602;536588718148871708;-117;-980;-318
2021-12-04T11:21:15.622;536588718168533964;-108;-987;-291
2021-12-04T11:21:15.642;536588718188196220;-102;-983;-301
2021-12-04T11:21:15.661;536588718207858476;-109;-982;-325
2021-12-04T11:21:15.681;536588718227520732;-109;-985;-324
2021-12-04T11:21:15.701;536588718247182988;-114;-986;-329
2021-12-04T11:21:15.720;536588718266845244;-113;-984;-321
2021-12-04T11:21:15.740;536588718286507500;-118;-975;-314
2021-12-04T11:21:15.760;536588718306169756;-113;-978;-305
2021-12-04T11:21:15.779;536588718325832012;-112;-986;-302
2021-12-04T11:21:15.799;536588718345494268;-112;-987;-291
2021-12-04T11:21:15.819;536588718365156524;-114;-983;-287
2021-12-04T11:21:15.838;536588718384818780;-114;-981;-292
2021-12-04T11:21:15.858;536588718404481036;-116;-983;-302
2021-12-04T11:21:15.878;536588718424143292;-104;-988;-303
2021-12-04T11:21:15.897;536588718443805548;-105;-991;-314
2021-12-04T11:21:15.917;536588718463467804;-110;-982;-318
2021-12-04T11:21:15.937;536588718483130060;-116;-988;-303
2021-12-04T11:21:15.956;536588718502796701;-113;-990;-301
2021-12-04T11:21:15.976;536588718522463326;-114;-982;-313
2021-12-04T11:21:15.996;536588718542129951;-78;-990;-297
2021-12-04T11:21:16.015;536588718561796576;-86;-993;-310
2021-12-04T11:21:16.035;536588718581463201;-99;-994;-316
2021-12-04T11:21:16.055;536588718601129826;-90;-988;-295
2021-12-04T11:21:16.074;536588718620796451;-75;-986;-284
2021-12-04T11:21:16.094;536588718640463076;-81;-987;-283
2021-12-04T11:21:16.114;536588718660129701;-63;-991;-284
2021-12-04T11:21:16.133;536588718679796326;-86;-983;-263
2021-12-04T11:21:16.153;536588718699462951;-121;-977;-271
2021-12-04T11:21:16.173;536588718719129576;-119;-988;-269
2021-12-04T11:21:16.192;536588718738796201;-84;-986;-277
2021-12-04T11:21:16.212;536588718758462826;-73;-986;-292
2021-12-04T11:21:16.232;536588718778129451;-99;-990;-302
2021-12-04T11:21:16.251;536588718797796076;-116;-991;-314
2021-12-04T11:21:16.271;536588718817462701;-98;-986;-290
2021-12-04T11:21:16.291;536588718837129326;-86;-994;-293
2021-12-04T11:21:16.310;536588718856795951;-87;-986;-286
2021-12-04T11:21:16.330;536588718876462576;-102;-993;-278
2021-12-04T11:21:16.350;536588718896129201;-104;-993;-267
2021-12-04T11:21:16.369;536588718915795826;-100;-983;-280
2021-12-04T11:21:16.389;536588718935462451;-95;-982;-273
2021-12-04T11:21:16.409;536588718955129076;-74;-989;-257
2021-12-04T11:21:16.428;536588718974795701;-107;-990;-255
2021-12-04T11:21:16.448;536588718994462326;-95;-997;-266
2021-12-04T11:21:16.468;536588719014128951;-102;-992;-280
2021-12-04T11:21:16.487;536588719033795576;-106;-989;-266
2021-12-04T11:21:16.507;536588719053462201;-102;-996;-255
2021-12-04T11:21:16.527;536588719073128826;-97;-996;-265
2021-12-04T11:21:16.546;536588719092795451;-89;-990;-263
2021-12-04T11:21:16.566;536588719112462076;-103;-983;-269
2021-12-04T11:21:16.586;536588719132128701;-116;-984;-268
2021-12-04T11:21:16.605;536588719151795326;-100;-991;-256
2021-12-04T11:21:16.625;536588719171461951;-106;-992;-260
2021-12-04T11:21:16.645;536588719191128576;-98;-990;-261
2021-12-04T11:21:16.664;536588719210799586;-105;-991;-276
2021-12-04T11:21:16.684;536588719230470580;-84;-993;-284
2021-12-04T11:21:16.704;536588719250141574;-99;-992;-280
2021-12-04T11:21:16.723;536588719269812568;-105;-989;-262
2021-12-04T11:21:16.743;536588719289483562;-110;-990;-254
2021-12-04T11:21:16.763;536588719309154556;-111;-987;-265
2021-12-04T11:21:16.782;536588719328825550;-111;-995;-266
2021-12-04T11:21:16.802;536588719348496544;-107;-996;-271
2021-12-04T11:21:16.822;536588719368167538;-92;-992;-263
2021-12-04T11:21:16.841;536588719387838532;-102;-992;-248
2021-12-04T11:21:16.861;536588719407509526;-108;-989;-250
2021-12-04T11:21:16.881;536588719427180520;-103;-998;-254
2021-12-04T11:21:16.900;536588719446851514;-79;-1045;-254
2021-12-04T11:21:16.920;536588719466522508;-48;-1082;-280
2021-12-04T11:21:16.940;536588719486193502;-53;-1059;-313
2021-12-04T11:21:16.959;536588719505864496;-41;-1063;-282
2021-12-04T11:21:16.979;536588719525535490;-25;-988;-232
2021-12-04T11:21:16.999;536588719545206484;-98;-993;-179
2021-12-04T11:21:17.018;536588719564877478;-95;-1032;-198
2021-12-04T11:21:17.038;536588719584548472;-77;-1086;-351
2021-12-04T11:21:17.058;536588719604219466;-139;-933;-416
2021-12-04T11:21:17.077;536588719623890460;-274;-947;-211
2021-12-04T11:21:17.097;536588719643561454;-127;-1039;-161
2021-12-04T11:21:17.117;536588719663232448;15;-893;-183
2021-12-04T11:21:17.136;536588719682903442;-40;-1018;-312
2021-12-04T11:21:17.156;536588719702574436;-122;-1089;-322
2021-12-04T11:21:17.176;536588719722245430;-323;-1116;-340
2021-12-04T11:21:17.195;536588719741916424;-185;-1136;-387
2021-12-04T11:21:17.215;536588719761587418;-183;-1148;-313
2021-12-04T11:21:17.235;536588719781258412;-162;-1142;-217
2021-12-04T11:21:17.254;536588719800929406;-133;-1123;-139
2021-12-04T11:21:17.274;536588719820600400;-118;-1151;-149
2021-12-04T11:21:17.294;536588719840271394;-134;-1133;-174
2021-12-04T11:21:17.313;536588719859942388;-245;-1128;-125
2021-12-04T11:21:17.333;536588719879613382;-142;-1115;-273
2021-12-04T11:21:17.353;536588719899284376;-58;-1236;-468
2021-12-04T11:21:17.372;536588719918942275;-203;-1182;-386
2021-12-04T11:21:17.392;536588719938600162;-153;-1146;-210
2021-12-04T11:21:17.412;536588719958258049;-90;-1111;-153
2021-12-04T11:21:17.431;536588719977915936;-77;-1145;-132
2021-12-04T11:21:17.451;536588719997573823;-91;-1159;-200
2021-12-04T11:21:17.471;536588720017231710;-211;-1098;-212
2021-12-04T11:21:17.490;536588720036889597;-148;-1213;-377
2021-12-04T11:21:17.510;536588720056547484;-98;-1154;-448
2021-12-04T11:21:17.530;536588720076205371;-218;-1144;-359
2021-12-04T11:21:17.549;536588720095863258;-116;-1102;-225
2021-12-04T11:21:17.569;536588720115521145;-93;-1153;-165
2021-12-04T11:21:17.589;536588720135179032;-75;-1089;-179
2021-12-04T11:21:17.608;536588720154836919;-110;-1114;-227
2021-12-04T11:21:17.628;536588720174494806;-108;-1094;-283
2021-12-04T11:21:17.648;536588720194152693;-140;-1096;-261
2021-12-04T11:21:17.667;536588720213810580;-56;-1060;-276
2021-12-04T11:21:17.687;536588720233468467;-110;-1098;-257
2021-12-04T11:21:17.707;536588720253126354;-99;-1077;-182
2021-12-04T11:21:17.726;536588720272784241;-104;-1066;-171
2021-12-04T11:21:17.746;536588720292442128;-127;-1051;-237
2021-12-04T11:21:17.765;536588720312100015;-105;-1054;-232
2021-12-04T11:21:17.785;536588720331757902;-154;-1008;-227
2021-12-04T11:21:17.805;536588720351415789;-165;-993;-220
2021-12-04T11:21:17.824;536588720371073676;-108;-1029;-237
2021-12-04T11:21:17.844;536588720390731563;-116;-1039;-214
2021-12-04T11:21:17.864;536588720410389450;-136;-1007;-180
2021-12-04T11:21:17.883;536588720430047337;-127;-996;-148
2021-12-04T11:21:17.903;536588720449705224;-115;-933;-116
2021-12-04T11:21:17.923;536588720469363111;-123;-932;-120
2021-12-04T11:21:17.942;536588720489020998;-131;-929;-126
2021-12-04T11:21:17.962;536588720508678885;-153;-935;-129
2021-12-04T11:21:17.982;536588720528336772;-113;-960;-119
2021-12-04T11:21:18.001;536588720547994659;-100;-910;-128
2021-12-04T11:21:18.021;536588720567652546;-120;-850;-91
2021-12-04T11:21:18.041;536588720587310433;-157;-816;-8
2021-12-04T11:21:18.060;536588720606968320;-125;-818;33
2021-12-04T11:21:18.080;536588720626629120;-73;-809;13
2021-12-04T11:21:18.100;536588720646289920;-76;-798;18
2021-12-04T11:21:18.119;536588720665950720;-10;-805;58
2021-12-04T11:21:18.139;536588720685611520;12;-789;77
2021-12-04T11:21:18.159;536588720705272320;-52;-765;101
2021-12-04T11:21:18.178;536588720724933120;-170;-786;131
2021-12-04T11:21:18.198;536588720744593920;-107;-809;135
2021-12-04T11:21:18.218;536588720764254720;5;-798;106
2021-12-04T11:21:18.237;536588720783915520;-7;-777;121
2021-12-04T11:21:18.257;536588720803576320;-91;-748;183
2021-12-04T11:21:18.277;536588720823237120;-73;-812;224
2021-12-04T11:21:18.296;536588720842897920;-122;-861;208
2021-12-04T11:21:18.316;536588720862558720;-121;-881;156
2021-12-04T11:21:18.336;536588720882219520;-79;-820;202
2021-12-04T11:21:18.355;536588720901880320;-104;-772;253
2021-12-04T11:21:18.375;536588720921541120;-108;-864;307
2021-12-04T11:21:18.395;536588720941201920;-131;-908;382
2021-12-04T11:21:18.414;536588720960862720;-109;-923;433
2021-12-04T11:21:18.434;536588720980523520;-30;-879;467
2021-12-04T11:21:18.454;536588721000184320;-6;-807;500
2021-12-04T11:21:18.473;536588721019845120;-45;-858;505
2021-12-04T11:21:18.493;536588721039505920;-98;-929;434
2021-12-04T11:21:18.513;536588721059166720;-140;-953;358
2021-12-04T11:21:18.532;536588721078827520;-142;-985;284
2021-12-04T11:21:18.552;536588721098488320;-127;-980;304
2021-12-04T11:21:18.572;536588721118149120;-115;-921;359
2021-12-04T11:21:18.591;536588721137809920;-108;-879;398
2021-12-04T11:21:18.611;536588721157470720;-64;-918;382
2021-12-04T11:21:18.631;536588721177131520;-51;-947;353
2021-12-04T11:21:18.650;536588721196792320;-68;-948;292
2021-12-04T11:21:18.670;536588721216453120;-109;-931;330
2021-12-04T11:21:18.690;536588721236113920;-116;-952;359
2021-12-04T11:21:18.709;536588721255774720;-105;-947;360
2021-12-04T11:21:18.729;536588721275435520;-107;-967;341
2021-12-04T11:21:18.748;536588721295096320;-104;-965;300
2021-12-04T11:21:18.768;536588721314757120;-118;-954;270
2021-12-04T11:21:18.788;536588721334416485;-160;-951;247
2021-12-04T11:21:18.807;536588721354075828;-118;-956;242
2021-12-04T11:21:18.827;536588721373735171;-89;-958;229
2021-12-04T11:21:18.847;536588721393394514;-94;-924;218
2021-12-04T11:21:18.866;536588721413053857;-109;-895;224
2021-12-04T11:21:18.886;536588721432713200;-113;-909;218
2021-12-04T11:21:18.906;536588721452372543;-96;-916;222
2021-12-04T11:21:18.925;536588721472031886;-89;-936;230
2021-12-04T11:21:18.945;536588721491691229;-111;-922;228
2021-12-04T11:21:18.965;536588721511350572;-112;-884;205
2021-12-04T11:21:18.984;536588721531009915;-115;-864;225
2021-12-04T11:21:19.004;536588721550669258;-103;-898;205
2021-12-04T11:21:19.024;536588721570328601;-75;-944;154
2021-12-04T11:21:19.043;536588721589987944;-94;-897;106
2021-12-04T11:21:19.063;536588721609647287;-96;-913;73
2021-12-04T11:21:19.083;536588721629306630;-115;-886;44
2021-12-04T11:21:19.102;536588721648965973;-111;-945;86
2021-12-04T11:21:19.122;536588721668625316;-111;-904;122
2021-12-04T11:21:19.142;536588721688284659;-63;-851;126
2021-12-04T11:21:19.161;536588721707944002;-114;-891;44
2021-12-04T11:21:19.181;536588721727603345;-182;-883;23
2021-12-04T11:21:19.201;536588721747262688;-102;-934;72
2021-12-04T11:21:19.220;536588721766922031;-25;-975;54
2021-12-04T11:21:19.240;536588721786581374;-124;-955;50
2021-12-04T11:21:19.260;536588721806240717;-167;-908;29
2021-12-04T11:21:19.279;536588721825900060;-173;-907;53
2021-12-04T11:21:19.299;536588721845559403;-90;-996;103
2021-12-04T11:21:19.319;536588721865218746;-43;-1052;60
2021-12-04T11:21:19.338;536588721884878089;-10;-991;11
2021-12-04T11:21:19.358;536588721904537432;30;-969;56
2021-12-04T11:21:19.378;536588721924196775;-17;-978;59
2021-12-04T11:21:19.397;536588721943856118;-101;-917;44
2021-12-04T11:21:19.417;536588721963515461;-166;-967;20
2021-12-04T11:21:19.437;536588721983174804;-63;-992;-52
2021-12-04T11:21:19.456;536588722002834147;-162;-1000;-44
2021-12-04T11:21:19.476;536588722022493490;-66;-930;-43
2021-12-04T11:21:19.496;536588722042164498;-46;-985;-52
2021-12-04T11:21:19.515;536588722061835492;-51;-1020;-96
2021-12-04T11:21:19.535;536588722081506486;-84;-1008;-62
2021-12-04T11:21:19.555;536588722101177480;-116;-1016;-25
2021-12-04T11:21:19.574;536588722120848474;-126;-1020;-60
2021-12-04T11:21:19.594;536588722140519468;-155;-1012;-87
2021-12-04T11:21:19.614;536588722160190462;-51;-989;-85
2021-12-04T11:21:19.633;536588722179861456;-28;-985;-86
2021-12-04T11:21:19.653;536588722199532450;30;-1064;-111
2021-12-04T11:21:19.673;536588722219203444;-193;-1096;-243
2021-12-04T11:21:19.692;536588722238874438;-218;-972;-235
2021-12-04T11:21:19.712;536588722258545432;-216;-1003;-72
2021-12-04T11:21:19.732;536588722278216426;-96;-1078;-64
2021-12-04T11:21:19.751;536588722297887420;-37;-1109;-105
2021-12-04T11:21:19.771;536588722317558414;-45;-1020;-23
2021-12-04T11:21:19.791;536588722337229408;-148;-1013;-49
2021-12-04T11:21:19.810;536588722356900402;-96;-1039;-146
2021-12-04T11:21:19.830;536588722376571396;-155;-1054;-52
2021-12-04T11:21:19.850;536588722396242390;-169;-1054;-82
2021-12-04T11:21:19.869;536588722415913384;16;-1062;-11
2021-12-04T11:21:19.889;536588722435584378;-204;-1277;61
2021-12-04T11:21:19.909;536588722455255372;-25;-757;-52
2021-12-04T11:21:19.928;536588722474926366;-48;-1118;-286
2021-12-04T11:21:19.948;536588722494597360;-111;-959;-179
2021-12-04T11:21:19.968;536588722514268354;-47;-1069;-107
2021-12-04T11:21:19.987;536588722533939348;-160;-1085;-61
2021-12-04T11:21:20.007;536588722553610342;-164;-1081;-152
2021-12-04T11:21:20.027;536588722573281336;-191;-1062;-153
2021-12-04T11:21:20.046;536588722592952330;-88;-1116;-167
2021-12-04T11:21:20.066;536588722612623324;-95;-1106;-136
2021-12-04T11:21:20.086;536588722632294318;-121;-1064;-124
2021-12-04T11:21:20.105;536588722651965312;-108;-1115;-104
2021-12-04T11:21:20.125;536588722671636306;-129;-1112;-122
2021-12-04T11:21:20.145;536588722691307300;-164;-1119;-92
2021-12-04T11:21:20.164;536588722710978294;-99;-1108;-129
2021-12-04T11:21:20.184;536588722730649288;-78;-1117;-105
