Phone timestamp;sensor timestamp [ns];X [mg];Y [mg];Z [mg]
2021-11-13T11:49:41.995;536845383871630823;102;926;112
2021-11-13T11:49:42.014;536845383891380460;93;935;161
2021-11-13T11:49:42.034;536845383911130097;17;915;228
2021-11-13T11:49:42.054;536845383930879734;72;908;233
2021-11-13T11:49:42.073;536845383950629371;97;922;172
2021-11-13T11:49:42.093;536845383970379008;52;966;204
2021-11-13T11:49:42.113;536845383990128645;47;942;211
2021-11-13T11:49:42.133;536845384009878282;105;975;198
2021-11-13T11:49:42.152;536845384029627919;83;930;248
2021-11-13T11:49:42.172;536845384049377556;75;950;208
2021-11-13T11:49:42.192;536845384069127193;68;967;186
2021-11-13T11:49:42.212;536845384088876830;57;968;151
2021-11-13T11:49:42.231;536845384108626467;92;966;154
2021-11-13T11:49:42.251;536845384128376104;90;936;175
2021-11-13T11:49:42.271;536845384148125741;122;920;157
2021-11-13T11:49:42.291;536845384167875378;86;880;134
2021-11-13T11:49:42.310;536845384187625015;61;887;154
2021-11-13T11:49:42.330;536845384207374652;77;879;111
2021-11-13T11:49:42.350;536845384227124289;69;925;43
2021-11-13T11:49:42.370;536845384246873926;104;892;36
2021-11-13T11:49:42.389;536845384266623563;146;842;61
2021-11-13T11:49:42.409;536845384286373200;124;791;80
2021-11-13T11:49:42.429;536845384306122837;108;817;15
2021-11-13T11:49:42.449;536845384325872474;131;888;-42
2021-11-13T11:49:42.468;536845384345622111;108;877;-78
2021-11-13T11:49:42.488;536845384365371748;76;838;-7
2021-11-13T11:49:42.508;536845384385121385;91;836;38
2021-11-13T11:49:42.528;536845384404871022;121;896;-70
2021-11-13T11:49:42.547;536845384424620659;127;862;-55
2021-11-13T11:49:42.567;536845384444370296;77;838;30
2021-11-13T11:49:42.587;536845384464119933;110;853;18
2021-11-13T11:49:42.607;536845384483869570;120;914;-60
2021-11-13T11:49:42.626;536845384503619207;121;936;-119
2021-11-13T11:49:42.646;536845384523368844;55;960;-122
2021-11-13T11:49:42.666;536845384543118481;76;948;-65
2021-11-13T11:49:42.686;536845384562868118;131;885;-49
2021-11-13T11:49:42.705;536845384582617783;109;887;-3
2021-11-13T11:49:42.725;536845384602367420;74;932;-28
2021-11-13T11:49:42.745;536845384622117057;189;919;-122
2021-11-13T11:49:42.765;536845384641866694;158;864;-120
2021-11-13T11:49:42.784;536845384661616331;180;832;-119
2021-11-13T11:49:42.804;536845384681365968;125;869;-111
2021-11-13T11:49:42.824;536845384701115605;17;884;-124
2021-11-13T11:49:42.844;536845384720865242;188;976;-79
2021-11-13T11:49:42.863;536845384740614879;78;1052;-132
2021-11-13T11:49:42.883;536845384760364516;156;1020;-113
2021-11-13T11:49:42.903;536845384780114153;105;971;45
2021-11-13T11:49:42.923;536845384799863790;86;869;-379
2021-11-13T11:49:42.942;536845384819613427;208;1175;52
2021-11-13T11:49:42.962;536845384839363064;210;655;-432
2021-11-13T11:49:42.982;536845384859112701;99;1178;49
2021-11-13T11:49:43.002;536845384878862338;220;808;-286
2021-11-13T11:49:43.021;536845384898611975;207;1015;-181
2021-11-13T11:49:43.041;536845384918361612;135;1058;-316
2021-11-13T11:49:43.061;536845384938111249;151;970;-212
2021-11-13T11:49:43.081;536845384957860886;167;1011;-122
2021-11-13T11:49:43.100;536845384977610523;105;978;-178
2021-11-13T11:49:43.120;536845384997360160;29;1069;-190
2021-11-13T11:49:43.140;536845385017109797;81;975;-177
2021-11-13T11:49:43.160;536845385036859434;185;1120;-195
2021-11-13T11:49:43.179;536845385056609071;132;1152;-28
2021-11-13T11:49:43.199;536845385076358708;76;848;-226
2021-11-13T11:49:43.219;536845385096108345;17;1126;-4
2021-11-13T11:49:43.239;536845385115857982;189;1000;-338
2021-11-13T11:49:43.258;536845385135607619;219;1001;-207
2021-11-13T11:49:43.278;536845385155357256;194;976;-195
2021-11-13T11:49:43.298;536845385175106893;230;1078;-123
2021-11-13T11:49:43.318;536845385194856530;50;1061;-197
2021-11-13T11:49:43.337;536845385214606167;206;1074;-311
2021-11-13T11:49:43.357;536845385234355804;114;1008;-285
2021-11-13T11:49:43.377;536845385254105441;178;1079;-175
2021-11-13T11:49:43.397;536845385273855078;186;1093;-192
2021-11-13T11:49:43.416;536845385293609110;140;1049;-308
2021-11-13T11:49:43.436;536845385313363116;103;1020;-229
2021-11-13T11:49:43.456;536845385333117122;203;1077;-258
2021-11-13T11:49:43.476;536845385352871128;163;1031;-250
2021-11-13T11:49:43.495;536845385372625134;121;1019;-316
2021-11-13T11:49:43.515;536845385392379140;137;1075;-301
2021-11-13T11:49:43.535;536845385412133146;106;1014;-161
2021-11-13T11:49:43.555;536845385431887152;139;990;-176
2021-11-13T11:49:43.575;536845385451641158;199;1041;-305
2021-11-13T11:49:43.594;536845385471395164;178;1022;-384
2021-11-13T11:49:43.614;536845385491149170;57;1009;-258
2021-11-13T11:49:43.634;536845385510903176;68;1103;-223
2021-11-13T11:49:43.654;536845385530657182;188;1131;-237
2021-11-13T11:49:43.673;536845385550411188;170;1044;-185
2021-11-13T11:49:43.693;536845385570165194;233;1091;-330
2021-11-13T11:49:43.713;536845385589919200;65;905;-384
2021-11-13T11:49:43.733;536845385609673206;252;1394;-375
2021-11-13T11:49:43.752;536845385629427212;200;1253;-252
2021-11-13T11:49:43.772;536845385649181218;-39;711;-156
2021-11-13T11:49:43.792;536845385668935224;25;903;-115
2021-11-13T11:49:43.812;536845385688689230;7;831;-152
2021-11-13T11:49:43.831;536845385708443236;79;902;-147
2021-11-13T11:49:43.851;536845385728197242;279;942;-346
2021-11-13T11:49:43.871;536845385747951248;358;1116;-472
2021-11-13T11:49:43.891;536845385767705254;183;1013;-368
2021-11-13T11:49:43.910;536845385787459260;92;941;-149
2021-11-13T11:49:43.930;536845385807213266;-3;976;-65
2021-11-13T11:49:43.950;536845385826967272;39;971;-130
2021-11-13T11:49:43.970;536845385846721278;145;883;-278
2021-11-13T11:49:43.989;536845385866475284;76;991;-274
2021-11-13T11:49:44.009;536845385886229290;258;1033;-309
2021-11-13T11:49:44.029;536845385905983296;217;979;-267
2021-11-13T11:49:44.049;536845385925737302;159;968;-231
2021-11-13T11:49:44.068;536845385945491308;72;985;-152
2021-11-13T11:49:44.088;536845385965245314;46;1009;-206
2021-11-13T11:49:44.108;536845385984999320;105;995;-283
2021-11-13T11:49:44.128;536845386004748981;157;1091;-335
2021-11-13T11:49:44.147;536845386024498618;343;1073;-354
2021-11-13T11:49:44.167;536845386044248255;237;1164;-312
2021-11-13T11:49:44.187;536845386063997892;201;1194;-313
2021-11-13T11:49:44.207;536845386083747529;137;1257;-205
2021-11-13T11:49:44.226;536845386103497166;121;1069;-251
2021-11-13T11:49:44.246;536845386123246803;220;1207;-99
2021-11-13T11:49:44.266;536845386142996440;246;1143;-302
2021-11-13T11:49:44.286;536845386162746077;101;1149;-388
2021-11-13T11:49:44.305;536845386182495714;276;1096;-459
2021-11-13T11:49:44.325;536845386202245351;161;1166;-164
2021-11-13T11:49:44.345;536845386221994988;161;1094;-140
2021-11-13T11:49:44.365;536845386241744625;140;1125;-172
2021-11-13T11:49:44.384;536845386261494262;222;1106;-246
2021-11-13T11:49:44.404;536845386281243899;220;1021;-268
2021-11-13T11:49:44.424;536845386300993536;210;1084;-244
2021-11-13T11:49:44.444;536845386320743173;114;1024;-395
2021-11-13T11:49:44.463;536845386340492810;112;1140;-300
2021-11-13T11:49:44.483;536845386360242447;213;988;-252
2021-11-13T11:49:44.503;536845386379992084;197;1025;-97
2021-11-13T11:49:44.523;536845386399741721;114;989;-189
2021-11-13T11:49:44.542;536845386419491358;98;995;-263
2021-11-13T11:49:44.562;536845386439240995;247;1038;-299
2021-11-13T11:49:44.582;536845386458990632;301;975;-343
2021-11-13T11:49:44.602;536845386478740269;242;1083;-309
2021-11-13T11:49:44.621;536845386498489906;102;1022;-285
2021-11-13T11:49:44.641;536845386518239543;140;1013;-187
2021-11-13T11:49:44.661;536845386537989180;94;977;-89
2021-11-13T11:49:44.681;536845386557738817;133;937;-165
2021-11-13T11:49:44.700;536845386577488454;260;1004;-303
2021-11-13T11:49:44.720;536845386597238091;178;937;-299
2021-11-13T11:49:44.740;536845386616987728;153;1010;-197
2021-11-13T11:49:44.760;536845386636737365;82;1012;-203
2021-11-13T11:49:44.779;536845386656487002;83;960;-106
2021-11-13T11:49:44.799;536845386676236639;152;890;-147
2021-11-13T11:49:44.819;536845386695986276;172;912;-63
2021-11-13T11:49:44.839;536845386715730098;210;871;-197
2021-11-13T11:49:44.858;536845386735473910;124;939;-191
2021-11-13T11:49:44.878;536845386755217722;139;859;-204
2021-11-13T11:49:44.898;536845386774961534;95;855;-94
2021-11-13T11:49:44.918;536845386794705346;53;786;41
2021-11-13T11:49:44.937;536845386814449158;181;698;70
2021-11-13T11:49:44.957;536845386834192970;104;656;43
2021-11-13T11:49:44.977;536845386853936782;-55;697;-82
2021-11-13T11:49:44.997;536845386873680594;-101;839;-173
2021-11-13T11:49:45.016;536845386893424406;104;774;-179
2021-11-13T11:49:45.036;536845386913168218;168;793;-100
2021-11-13T11:49:45.056;536845386932912030;187;675;-4
2021-11-13T11:49:45.076;536845386952655842;190;710;37
2021-11-13T11:49:45.095;536845386972399654;96;771;-12
2021-11-13T11:49:45.115;536845386992143466;96;867;-67
2021-11-13T11:49:45.135;536845387011887278;158;893;-138
2021-11-13T11:49:45.155;536845387031631090;192;875;-105
2021-11-13T11:49:45.174;536845387051374902;188;835;10
2021-11-13T11:49:45.194;536845387071118714;42;851;58
2021-11-13T11:49:45.214;536845387090862526;98;827;4
2021-11-13T11:49:45.233;536845387110606338;114;904;-72
2021-11-13T11:49:45.253;536845387130350150;139;916;-69
2021-11-13T11:49:45.273;536845387150093962;89;902;15
2021-11-13T11:49:45.293;536845387169837774;148;863;10
2021-11-13T11:49:45.312;536845387189581586;176;858;86
2021-11-13T11:49:45.332;536845387209325398;87;865;179
2021-11-13T11:49:45.352;536845387229069210;-271;915;328
2021-11-13T11:49:45.372;536845387248813022;-40;1023;172
2021-11-13T11:49:45.391;536845387268556834;133;1011;177
2021-11-13T11:49:45.411;536845387288300646;86;933;312
2021-11-13T11:49:45.431;536845387308044458;118;1008;330
2021-11-13T11:49:45.451;536845387327788270;81;1017;186
2021-11-13T11:49:45.470;536845387347532082;16;1022;181
2021-11-13T11:49:45.490;536845387367275894;45;1036;162
2021-11-13T11:49:45.510;536845387387019706;69;986;171
2021-11-13T11:49:45.530;536845387406763518;147;982;164
2021-11-13T11:49:45.549;536845387426507338;111;952;176
2021-11-13T11:49:45.569;536845387446251150;66;937;144
2021-11-13T11:49:45.589;536845387465994962;22;927;152
2021-11-13T11:49:45.609;536845387485738774;-5;919;228
2021-11-13T11:49:45.628;536845387505482586;-3;886;217
2021-11-13T11:49:45.648;536845387525226398;72;904;174
2021-11-13T11:49:45.668;536845387544970210;106;971;101
2021-11-13T11:49:45.688;536845387564714022;129;970;107
2021-11-13T11:49:45.707;536845387584457834;89;914;157
2021-11-13T11:49:45.727;536845387604201646;96;972;146
2021-11-13T11:49:45.747;536845387623945458;104;996;127
2021-11-13T11:49:45.767;536845387643689270;113;994;165
2021-11-13T11:49:45.786;536845387663433082;57;967;208
2021-11-13T11:49:45.806;536845387683176894;44;982;202
2021-11-13T11:49:45.826;536845387702920706;79;980;170
2021-11-13T11:49:45.846;536845387722664518;114;980;115
2021-11-13T11:49:45.865;536845387742408330;109;962;129
2021-11-13T11:49:45.885;536845387762152142;83;948;154
2021-11-13T11:49:45.905;536845387781895954;61;975;97
2021-11-13T11:49:45.925;536845387801639766;80;926;125
2021-11-13T11:49:45.944;536845387821383578;89;905;144
2021-11-13T11:49:45.964;536845387841127390;65;881;159
2021-11-13T11:49:45.984;536845387860871202;96;919;54
2021-11-13T11:49:46.003;536845387880615014;84;922;50
2021-11-13T11:49:46.023;536845387900358826;84;887;65
2021-11-13T11:49:46.043;536845387920102638;93;836;115
2021-11-13T11:49:46.063;536845387939846450;73;858;88
2021-11-13T11:49:46.082;536845387959590262;86;850;54
2021-11-13T11:49:46.102;536845387979334074;92;832;53
2021-11-13T11:49:46.122;536845387999077886;76;800;104
2021-11-13T11:49:46.142;536845388018821698;33;818;56
2021-11-13T11:49:46.161;536845388038565510;60;836;-16
2021-11-13T11:49:46.181;536845388058309322;37;860;-22
2021-11-13T11:49:46.201;536845388078053134;67;806;22
2021-11-13T11:49:46.221;536845388097796946;40;787;2
2021-11-13T11:49:46.240;536845388117540758;76;923;-15
2021-11-13T11:49:46.260;536845388137275840;146;923;-87
2021-11-13T11:49:46.280;536845388157010914;97;888;-22
2021-11-13T11:49:46.300;536845388176745988;107;897;71
2021-11-13T11:49:46.319;536845388196481062;63;935;49
2021-11-13T11:49:46.339;536845388216216136;81;901;-16
2021-11-13T11:49:46.359;536845388235951210;80;976;-102
2021-11-13T11:49:46.379;536845388255686284;122;965;-139
2021-11-13T11:49:46.398;536845388275421358;94;917;-80
2021-11-13T11:49:46.418;536845388295156432;40;932;22
2021-11-13T11:49:46.438;536845388314891506;36;937;-30
2021-11-13T11:49:46.457;536845388334626580;126;989;-123
2021-11-13T11:49:46.477;536845388354361654;104;945;-137
2021-11-13T11:49:46.497;536845388374096728;22;908;-64
2021-11-13T11:49:46.517;536845388393831802;72;932;-30
2021-11-13T11:49:46.536;536845388413566876;196;945;-190
2021-11-13T11:49:46.556;536845388433301950;171;976;-243
2021-11-13T11:49:46.576;536845388453037024;230;1128;-125
2021-11-13T11:49:46.596;536845388472772098;136;745;-435
2021-11-13T11:49:46.615;536845388492507172;67;1215;33
2021-11-13T11:49:46.635;536845388512242246;93;803;-282
2021-11-13T11:49:46.655;536845388531977320;88;1039;-99
2021-11-13T11:49:46.675;536845388551712394;121;939;-170
2021-11-13T11:49:46.694;536845388571447468;92;946;-149
2021-11-13T11:49:46.714;536845388591182542;176;1004;-114
2021-11-13T11:49:46.734;536845388610917616;220;948;-231
2021-11-13T11:49:46.754;536845388630652690;137;1007;-237
2021-11-13T11:49:46.773;536845388650387764;74;1081;-44
2021-11-13T11:49:46.793;536845388670122838;197;913;-338
2021-11-13T11:49:46.813;536845388689857912;-141;1162;109
2021-11-13T11:49:46.832;536845388709592986;306;827;-183
2021-11-13T11:49:46.852;536845388729328060;43;999;-262
2021-11-13T11:49:46.872;536845388749063134;176;1030;-219
2021-11-13T11:49:46.892;536845388768798208;113;1068;-197
2021-11-13T11:49:46.911;536845388788533282;170;905;-274
2021-11-13T11:49:46.931;536845388808268356;92;1037;23
2021-11-13T11:49:46.951;536845388828003430;147;877;-288
2021-11-13T11:49:46.971;536845388847737069;65;1177;-64
2021-11-13T11:49:46.990;536845388867470686;61;946;-251
2021-11-13T11:49:47.010;536845388887204303;163;1068;-215
2021-11-13T11:49:47.030;536845388906937920;162;917;-329
2021-11-13T11:49:47.050;536845388926671537;245;1086;-192
2021-11-13T11:49:47.069;536845388946405154;115;1069;-387
2021-11-13T11:49:47.089;536845388966138771;118;1112;-307
2021-11-13T11:49:47.109;536845388985872388;198;1148;-220
2021-11-13T11:49:47.128;536845389005606005;115;1059;-140
2021-11-13T11:49:47.148;536845389025339622;173;1116;-234
2021-11-13T11:49:47.168;536845389045073239;148;958;-246
2021-11-13T11:49:47.188;536845389064806856;-54;1003;-333
2021-11-13T11:49:47.207;536845389084540473;41;998;-428
2021-11-13T11:49:47.227;536845389104274090;106;1098;-307
2021-11-13T11:49:47.247;536845389124007707;280;1093;-232
2021-11-13T11:49:47.267;536845389143741324;77;962;-206
2021-11-13T11:49:47.286;536845389163474941;31;1001;-255
2021-11-13T11:49:47.306;536845389183208558;-47;1043;-226
2021-11-13T11:49:47.326;536845389202942175;129;1019;-283
2021-11-13T11:49:47.346;536845389222675792;173;986;-281
2021-11-13T11:49:47.365;536845389242409409;76;1031;-176
2021-11-13T11:49:47.385;536845389262143026;26;1148;-237
2021-11-13T11:49:47.405;536845389281876643;504;1596;-446
2021-11-13T11:49:47.424;536845389301610260;64;912;-441
2021-11-13T11:49:47.444;536845389321343877;121;1046;-300
2021-11-13T11:49:47.464;536845389341077494;-1;797;-230
2021-11-13T11:49:47.484;536845389360811111;-64;889;-69
2021-11-13T11:49:47.503;536845389380544728;-84;1078;-31
2021-11-13T11:49:47.523;536845389400278345;153;1007;-301
2021-11-13T11:49:47.543;536845389420011962;-34;731;-326
2021-11-13T11:49:47.563;536845389439745579;364;1053;-362
2021-11-13T11:49:47.582;536845389459479196;271;1111;-405
2021-11-13T11:49:47.602;536845389479212813;237;938;-285
2021-11-13T11:49:47.622;536845389498946430;61;947;-166
2021-11-13T11:49:47.642;536845389518680047;-62;984;-218
2021-11-13T11:49:47.661;536845389538413664;-63;921;-213
2021-11-13T11:49:47.681;536845389558158960;39;976;-239
2021-11-13T11:49:47.701;536845389577904228;139;968;-232
2021-11-13T11:49:47.721;536845389597649496;162;963;-283
2021-11-13T11:49:47.740;536845389617394764;180;969;-274
2021-11-13T11:49:47.760;536845389637140032;125;958;-270
2021-11-13T11:49:47.780;536845389656885300;154;961;-263
2021-11-13T11:49:47.799;536845389676630568;154;958;-235
2021-11-13T11:49:47.819;536845389696375836;108;934;-176
2021-11-13T11:49:47.839;536845389716121104;44;929;-188
2021-11-13T11:49:47.859;536845389735866372;52;958;-242
2021-11-13T11:49:47.878;536845389755611640;141;986;-248
2021-11-13T11:49:47.898;536845389775356908;136;979;-260
2021-11-13T11:49:47.918;536845389795102176;168;958;-256
2021-11-13T11:49:47.938;536845389814847444;83;973;-168
2021-11-13T11:49:47.957;536845389834592712;24;986;-159
2021-11-13T11:49:47.977;536845389854337980;61;999;-214
2021-11-13T11:49:47.997;536845389874083248;52;951;-297
2021-11-13T11:49:48.017;536845389893828516;202;997;-382
2021-11-13T11:49:48.036;536845389913573784;143;1059;-321
2021-11-13T11:49:48.056;536845389933319052;213;1053;-336
2021-11-13T11:49:48.076;536845389953064320;87;1093;-186
2021-11-13T11:49:48.096;536845389972809588;80;1057;-138
2021-11-13T11:49:48.115;536845389992554856;84;1078;-64
2021-11-13T11:49:48.135;536845390012300124;167;1116;-187
2021-11-13T11:49:48.155;536845390032045392;209;1189;-432
2021-11-13T11:49:48.175;536845390051790660;312;1374;-541
2021-11-13T11:49:48.194;536845390071535928;237;1244;-248
2021-11-13T11:49:48.214;536845390091281196;2;1026;-47
2021-11-13T11:49:48.234;536845390111026464;215;1087;-161
2021-11-13T11:49:48.254;536845390130771732;107;1311;-93
2021-11-13T11:49:48.273;536845390150517000;212;1161;-364
2021-11-13T11:49:48.293;536845390170262268;171;1162;-414
2021-11-13T11:49:48.313;536845390190007536;277;1126;-442
2021-11-13T11:49:48.333;536845390209752804;205;1159;-146
2021-11-13T11:49:48.352;536845390229498072;2;987;-136
2021-11-13T11:49:48.372;536845390249243340;196;1154;-233
2021-11-13T11:49:48.392;536845390268982783;190;1104;-261
2021-11-13T11:49:48.412;536845390288722226;266;1134;-312
2021-11-13T11:49:48.431;536845390308461669;194;990;-388
2021-11-13T11:49:48.451;536845390328201112;76;1066;-261
2021-11-13T11:49:48.471;536845390347940555;186;1059;-205
2021-11-13T11:49:48.491;536845390367679998;178;1091;-146
2021-11-13T11:49:48.510;536845390387419441;146;1003;-156
2021-11-13T11:49:48.530;536845390407158884;215;1023;-367
2021-11-13T11:49:48.550;536845390426898327;191;984;-324
2021-11-13T11:49:48.570;536845390446637770;173;985;-261
2021-11-13T11:49:48.589;536845390466377213;199;942;-249
2021-11-13T11:49:48.609;536845390486116656;169;1006;-237
2021-11-13T11:49:48.629;536845390505856099;167;987;-181
2021-11-13T11:49:48.648;536845390525595542;63;1018;-170
2021-11-13T11:49:48.668;536845390545334985;90;961;-153
2021-11-13T11:49:48.688;536845390565074428;140;862;-272
2021-11-13T11:49:48.708;536845390584813871;140;937;-177
2021-11-13T11:49:48.727;536845390604553314;130;961;-130
2021-11-13T11:49:48.747;536845390624292757;98;941;-96
2021-11-13T11:49:48.767;536845390644032200;131;830;-164
2021-11-13T11:49:48.787;536845390663771643;161;853;-142
2021-11-13T11:49:48.806;536845390683511086;129;822;-133
2021-11-13T11:49:48.826;536845390703250529;55;808;-60
2021-11-13T11:49:48.846;536845390722989972;54;762;24
2021-11-13T11:49:48.866;536845390742729415;131;741;-93
2021-11-13T11:49:48.885;536845390762468858;68;753;-113
2021-11-13T11:49:48.905;536845390782208301;127;709;-149
2021-11-13T11:49:48.925;536845390801947744;135;758;-7
2021-11-13T11:49:48.945;536845390821687187;40;700;-35
2021-11-13T11:49:48.964;536845390841426630;8;764;1
2021-11-13T11:49:48.984;536845390861166073;189;733;65
2021-11-13T11:49:49.004;536845390880905516;160;701;35
2021-11-13T11:49:49.024;536845390900644959;-39;784;-22
2021-11-13T11:49:49.043;536845390920384402;68;845;-41
2021-11-13T11:49:49.063;536845390940123845;181;782;1
2021-11-13T11:49:49.083;536845390959863288;-1;747;90
2021-11-13T11:49:49.102;536845390979610019;8;807;99
2021-11-13T11:49:49.122;536845390999356744;71;826;94
2021-11-13T11:49:49.142;536845391019103469;152;839;54
2021-11-13T11:49:49.162;536845391038850194;89;804;98
2021-11-13T11:49:49.181;536845391058596919;-7;887;181
2021-11-13T11:49:49.201;536845391078343644;-88;932;324
2021-11-13T11:49:49.221;536845391098090369;-30;895;341
2021-11-13T11:49:49.241;536845391117837094;51;930;271
2021-11-13T11:49:49.260;536845391137583819;134;1114;210
2021-11-13T11:49:49.280;536845391157330544;170;1011;173
2021-11-13T11:49:49.300;536845391177077269;17;982;229
2021-11-13T11:49:49.320;536845391196823994;-7;966;258
2021-11-13T11:49:49.339;536845391216570719;-20;951;257
2021-11-13T11:49:49.359;536845391236317444;42;981;212
2021-11-13T11:49:49.379;536845391256064169;71;952;190
2021-11-13T11:49:49.399;536845391275810894;107;951;212
2021-11-13T11:49:49.418;536845391295557619;35;902;205
2021-11-13T11:49:49.438;536845391315304344;41;931;239
2021-11-13T11:49:49.458;536845391335051069;109;935;135
2021-11-13T11:49:49.478;536845391354797794;87;973;176
2021-11-13T11:49:49.497;536845391374544519;76;922;236
2021-11-13T11:49:49.517;536845391394291244;21;936;270
2021-11-13T11:49:49.537;536845391414037969;57;977;198
2021-11-13T11:49:49.557;536845391433784694;97;973;190
2021-11-13T11:49:49.576;536845391453531419;72;945;230
2021-11-13T11:49:49.596;536845391473278144;60;975;250
2021-11-13T11:49:49.616;536845391493024869;78;998;167
2021-11-13T11:49:49.636;536845391512771594;63;994;210
2021-11-13T11:49:49.655;536845391532518319;54;923;190
2021-11-13T11:49:49.675;536845391552265044;62;925;160
2021-11-13T11:49:49.695;536845391572011769;89;951;154
2021-11-13T11:49:49.715;536845391591758494;73;909;189
2021-11-13T11:49:49.734;536845391611505219;43;909;218
2021-11-13T11:49:49.754;536845391631251944;39;919;197
2021-11-13T11:49:49.774;536845391650998669;82;892;102
2021-11-13T11:49:49.794;536845391670745394;81;904;66
2021-11-13T11:49:49.813;536845391690499428;110;921;42
2021-11-13T11:49:49.833;536845391710253434;27;895;121
2021-11-13T11:49:49.853;536845391730007440;119;885;58
2021-11-13T11:49:49.873;536845391749761446;60;859;83
2021-11-13T11:49:49.892;536845391769515452;104;854;86
2021-11-13T11:49:49.912;536845391789269458;24;847;72
2021-11-13T11:49:49.932;536845391809023464;24;864;52
2021-11-13T11:49:49.952;536845391828777470;208;877;-117
2021-11-13T11:49:49.971;536845391848531476;125;788;-110
2021-11-13T11:49:49.991;536845391868285482;22;850;73
2021-11-13T11:49:50.011;536845391888039488;39;856;135
2021-11-13T11:49:50.031;536845391907793494;21;849;35
2021-11-13T11:49:50.050;536845391927547500;93;873;-77
2021-11-13T11:49:50.070;536845391947301506;118;859;-55
2021-11-13T11:49:50.090;536845391967055512;111;871;-48
2021-11-13T11:49:50.110;536845391986809518;117;956;-34
2021-11-13T11:49:50.129;536845392006563524;174;923;-119
2021-11-13T11:49:50.149;536845392026317530;82;965;-57
2021-11-13T11:49:50.169;536845392046071536;27;935;8
2021-11-13T11:49:50.189;536845392065825542;27;959;-56
2021-11-13T11:49:50.208;536845392085579548;93;969;-118
2021-11-13T11:49:50.228;536845392105333554;129;1008;-172
2021-11-13T11:49:50.248;536845392125087560;205;956;-189
2021-11-13T11:49:50.268;536845392144841566;76;942;-112
2021-11-13T11:49:50.287;536845392164595572;49;956;-20
2021-11-13T11:49:50.307;536845392184349578;187;934;31
2021-11-13T11:49:50.327;536845392204103584;160;948;-74
2021-11-13T11:49:50.347;536845392223857590;13;957;-155
2021-11-13T11:49:50.366;536845392243611596;136;941;-180
2021-11-13T11:49:50.386;536845392263365602;192;1026;-15
2021-11-13T11:49:50.406;536845392283119608;167;1042;-272
2021-11-13T11:49:50.426;536845392302873614;46;761;-259
2021-11-13T11:49:50.445;536845392322627620;182;1333;294
2021-11-13T11:49:50.465;536845392342381626;233;624;-461
2021-11-13T11:49:50.485;536845392362135632;86;1076;-72
2021-11-13T11:49:50.505;536845392381889638;23;776;-387
2021-11-13T11:49:50.525;536845392401637825;137;977;-119
2021-11-13T11:49:50.544;536845392421386006;176;881;-161
2021-11-13T11:49:50.564;536845392441134187;248;868;-125
2021-11-13T11:49:50.584;536845392460882368;155;989;-181
2021-11-13T11:49:50.603;536845392480630549;164;937;-256
2021-11-13T11:49:50.623;536845392500378730;93;907;-146
2021-11-13T11:49:50.643;536845392520126911;223;948;-203
2021-11-13T11:49:50.663;536845392539875092;37;1018;-242
2021-11-13T11:49:50.682;536845392559623273;-26;1001;74
2021-11-13T11:49:50.702;536845392579371454;212;953;-265
2021-11-13T11:49:50.722;536845392599119635;45;1159;-188
2021-11-13T11:49:50.742;536845392618867816;335;983;-335
2021-11-13T11:49:50.761;536845392638615997;85;1006;-196
2021-11-13T11:49:50.781;536845392658364178;157;1068;-8
2021-11-13T11:49:50.801;536845392678112359;305;1007;-104
2021-11-13T11:49:50.821;536845392697860540;185;1206;-257
2021-11-13T11:49:50.840;536845392717608721;147;1099;-279
2021-11-13T11:49:50.860;536845392737356902;9;991;-162
2021-11-13T11:49:50.880;536845392757105083;134;1133;-275
2021-11-13T11:49:50.900;536845392776853264;251;1079;-283
2021-11-13T11:49:50.919;536845392796601445;83;1063;-213
2021-11-13T11:49:50.939;536845392816349626;43;1028;-180
2021-11-13T11:49:50.959;536845392836097807;52;1050;-227
2021-11-13T11:49:50.979;536845392855845988;142;1050;-338
2021-11-13T11:49:50.998;536845392875594169;256;1090;-203
2021-11-13T11:49:51.018;536845392895342350;228;1067;-107
2021-11-13T11:49:51.038;536845392915090531;213;1014;-241
2021-11-13T11:49:51.058;536845392934838712;258;1217;-435
2021-11-13T11:49:51.077;536845392954586893;-191;970;-321
2021-11-13T11:49:51.097;536845392974335074;59;981;-257
2021-11-13T11:49:51.117;536845392994083255;-173;947;101
2021-11-13T11:49:51.137;536845393013831436;-15;730;-220
2021-11-13T11:49:51.156;536845393033579617;136;949;-210
2021-11-13T11:49:51.176;536845393053327798;576;1952;-650
2021-11-13T11:49:51.196;536845393073075979;1070;1299;-640
2021-11-13T11:49:51.216;536845393092824160;-428;777;-89
2021-11-13T11:49:51.235;536845393112569456;575;1094;-60
2021-11-13T11:49:51.255;536845393132314724;-743;652;-4
2021-11-13T11:49:51.275;536845393152059992;214;1364;-207
2021-11-13T11:49:51.295;536845393171805260;-54;731;-470
2021-11-13T11:49:51.314;536845393191550528;190;1040;-220
2021-11-13T11:49:51.334;536845393211295796;228;987;-263
2021-11-13T11:49:51.354;536845393231041064;279;999;-239
2021-11-13T11:49:51.374;536845393250786332;226;972;-214
2021-11-13T11:49:51.393;536845393270531600;236;912;-165
2021-11-13T11:49:51.413;536845393290276868;87;884;-202
2021-11-13T11:49:51.433;536845393310022136;196;911;-361
2021-11-13T11:49:51.453;536845393329767404;133;936;-253
2021-11-13T11:49:51.472;536845393349512672;134;961;-266
2021-11-13T11:49:51.492;536845393369257940;197;977;-245
2021-11-13T11:49:51.512;536845393389003208;206;953;-284
2021-11-13T11:49:51.532;536845393408748476;157;949;-249
2021-11-13T11:49:51.551;536845393428493744;177;973;-243
2021-11-13T11:49:51.571;536845393448239012;136;929;-272
2021-11-13T11:49:51.591;536845393467984280;84;949;-188
2021-11-13T11:49:51.611;536845393487729548;117;970;-233
2021-11-13T11:49:51.630;536845393507474816;192;984;-285
2021-11-13T11:49:51.650;536845393527220084;234;958;-347
2021-11-13T11:49:51.670;536845393546965352;200;935;-265
2021-11-13T11:49:51.690;536845393566710620;145;951;-181
2021-11-13T11:49:51.709;536845393586455888;66;982;-211
2021-11-13T11:49:51.729;536845393606201156;132;966;-241
2021-11-13T11:49:51.749;536845393625946424;177;918;-276
2021-11-13T11:49:51.769;536845393645691692;154;954;-256
2021-11-13T11:49:51.788;536845393665436960;167;944;-235
2021-11-13T11:49:51.808;536845393685182228;171;967;-248
2021-11-13T11:49:51.828;536845393704927496;170;970;-228
2021-11-13T11:49:51.848;536845393724672764;104;981;-210
2021-11-13T11:49:51.867;536845393744418032;134;972;-250
2021-11-13T11:49:51.887;536845393764163300;150;937;-223
2021-11-13T11:49:51.907;536845393783908568;163;944;-231
2021-11-13T11:49:51.927;536845393803653836;120;956;-272
2021-11-13T11:49:51.946;536845393823400594;127;991;-251
2021-11-13T11:49:51.966;536845393843147318;143;985;-278
2021-11-13T11:49:51.986;536845393862894042;104;976;-300
2021-11-13T11:49:52.006;536845393882640766;110;987;-235
2021-11-13T11:49:52.025;536845393902387490;111;950;-192
2021-11-13T11:49:52.045;536845393922134214;145;987;-268
2021-11-13T11:49:52.065;536845393941880938;113;1025;-338
2021-11-13T11:49:52.084;536845393961627662;209;1148;-327
2021-11-13T11:49:52.104;536845393981374386;275;1187;-300
2021-11-13T11:49:52.124;536845394001121110;165;1084;-177
2021-11-13T11:49:52.144;536845394020867834;297;1150;-179
2021-11-13T11:49:52.163;536845394040614558;246;1191;-353
2021-11-13T11:49:52.183;536845394060361282;200;1325;-303
2021-11-13T11:49:52.203;536845394080108006;264;1177;-324
2021-11-13T11:49:52.223;536845394099854730;280;1206;-146
2021-11-13T11:49:52.242;536845394119601454;118;1269;-184
2021-11-13T11:49:52.262;536845394139348178;210;1190;-294
2021-11-13T11:49:52.282;536845394159094902;314;1207;-365
2021-11-13T11:49:52.302;536845394178841626;221;1174;-388
2021-11-13T11:49:52.321;536845394198588350;196;1163;-241
2021-11-13T11:49:52.341;536845394218335074;145;1075;-274
2021-11-13T11:49:52.361;536845394238081798;245;1165;-244
2021-11-13T11:49:52.381;536845394257828522;152;1101;-247
2021-11-13T11:49:52.400;536845394277575246;152;1109;-277
2021-11-13T11:49:52.420;536845394297321970;165;1067;-344
2021-11-13T11:49:52.440;536845394317068694;239;1038;-299
2021-11-13T11:49:52.460;536845394336815418;212;1019;-261
2021-11-13T11:49:52.479;536845394356562142;146;1015;-302
2021-11-13T11:49:52.499;536845394376308866;154;1030;-242
2021-11-13T11:49:52.519;536845394396055590;232;1025;-276
2021-11-13T11:49:52.539;536845394415802314;227;944;-280
2021-11-13T11:49:52.558;536845394435549038;218;954;-370
2021-11-13T11:49:52.578;536845394455295762;124;1009;-278
2021-11-13T11:49:52.598;536845394475042486;90;980;-153
2021-11-13T11:49:52.618;536845394494789210;96;921;-47
2021-11-13T11:49:52.637;536845394514535934;118;838;-7
2021-11-13T11:49:52.657;536845394534287028;90;856;-134
2021-11-13T11:49:52.677;536845394554038122;120;846;-203
2021-11-13T11:49:52.697;536845394573789216;157;922;-201
2021-11-13T11:49:52.716;536845394593540310;254;845;-259
2021-11-13T11:49:52.736;536845394613291404;93;856;-154
2021-11-13T11:49:52.756;536845394633042498;115;772;-100
2021-11-13T11:49:52.776;536845394652793592;76;753;56
2021-11-13T11:49:52.795;536845394672544686;39;720;-15
2021-11-13T11:49:52.815;536845394692295780;41;795;-57
2021-11-13T11:49:52.835;536845394712046874;130;707;-142
2021-11-13T11:49:52.855;536845394731797968;152;741;-158
2021-11-13T11:49:52.874;536845394751549062;71;708;-120
2021-11-13T11:49:52.894;536845394771300156;140;729;44
2021-11-13T11:49:52.914;536845394791051250;173;664;-113
2021-11-13T11:49:52.934;536845394810802344;29;743;31
2021-11-13T11:49:52.953;536845394830553438;51;739;33
2021-11-13T11:49:52.973;536845394850304532;78;743;108
2021-11-13T11:49:52.993;536845394870055626;53;754;29
2021-11-13T11:49:53.013;536845394889806720;159;899;89
2021-11-13T11:49:53.032;536845394909557814;83;873;31
2021-11-13T11:49:53.052;536845394929308908;-23;910;84
2021-11-13T11:49:53.072;536845394949060002;119;964;100
2021-11-13T11:49:53.092;536845394968811096;171;831;57
2021-11-13T11:49:53.111;536845394988562190;43;876;211
2021-11-13T11:49:53.131;536845395008313284;-53;965;180
2021-11-13T11:49:53.151;536845395028064378;24;937;159
2021-11-13T11:49:53.171;536845395047815472;20;893;239
2021-11-13T11:49:53.190;536845395067566566;64;868;201
2021-11-13T11:49:53.210;536845395087317660;96;884;225
2021-11-13T11:49:53.230;536845395107068754;81;967;160
2021-11-13T11:49:53.250;536845395126819848;21;968;193
2021-11-13T11:49:53.269;536845395146570942;-9;975;217
2021-11-13T11:49:53.289;536845395166322036;50;991;223
2021-11-13T11:49:53.309;536845395186073130;27;918;324
2021-11-13T11:49:53.329;536845395205824224;48;973;279
2021-11-13T11:49:53.348;536845395225575318;18;909;196
2021-11-13T11:49:53.368;536845395245324983;62;968;194
2021-11-13T11:49:53.388;536845395265074620;66;948;204
2021-11-13T11:49:53.408;536845395284824257;55;946;251
2021-11-13T11:49:53.427;536845395304573894;59;927;265
2021-11-13T11:49:53.447;536845395324323531;58;913;222
2021-11-13T11:49:53.467;536845395344073168;32;966;191
2021-11-13T11:49:53.487;536845395363822805;37;999;185
2021-11-13T11:49:53.506;536845395383572442;90;963;235
2021-11-13T11:49:53.526;536845395403322079;92;940;250
2021-11-13T11:49:53.546;536845395423071716;39;970;211
2021-11-13T11:49:53.566;536845395442821353;43;961;218
2021-11-13T11:49:53.585;536845395462570990;62;956;230
2021-11-13T11:49:53.605;536845395482320627;83;949;255
2021-11-13T11:49:53.625;536845395502070264;40;901;261
2021-11-13T11:49:53.645;536845395521819901;95;963;225
2021-11-13T11:49:53.664;536845395541569538;63;946;153
2021-11-13T11:49:53.684;536845395561319175;65;903;169
2021-11-13T11:49:53.704;536845395581068812;37;947;190
2021-11-13T11:49:53.724;536845395600818449;80;920;146
2021-11-13T11:49:53.743;536845395620568086;49;896;121
2021-11-13T11:49:53.763;536845395640317723;78;869;70
2021-11-13T11:49:53.783;536845395660067360;113;852;60
2021-11-13T11:49:53.803;536845395679816997;53;854;72
2021-11-13T11:49:53.822;536845395699566634;100;860;33
2021-11-13T11:49:53.842;536845395719316271;55;844;3
2021-11-13T11:49:53.862;536845395739065908;12;865;43
2021-11-13T11:49:53.882;536845395758815545;46;762;51
2021-11-13T11:49:53.901;536845395778565182;67;845;44
2021-11-13T11:49:53.921;536845395798314819;103;920;-1
2021-11-13T11:49:53.941;536845395818064456;30;898;-18
2021-11-13T11:49:53.961;536845395837814093;-14;884;8
2021-11-13T11:49:53.980;536845395857563730;107;865;-21
2021-11-13T11:49:54.000;536845395877313367;99;894;-71
2021-11-13T11:49:54.020;536845395897063004;194;987;-100
2021-11-13T11:49:54.040;536845395916812641;186;999;-134
2021-11-13T11:49:54.059;536845395936562278;92;925;-73
2021-11-13T11:49:54.079;536845395956309036;76;915;-23
2021-11-13T11:49:54.099;536845395976055760;138;949;-73
2021-11-13T11:49:54.119;536845395995802484;234;959;-189
2021-11-13T11:49:54.138;536845396015549208;149;901;-204
2021-11-13T11:49:54.158;536845396035295932;14;903;-83
2021-11-13T11:49:54.178;536845396055042656;61;925;-75
2021-11-13T11:49:54.198;536845396074789380;119;905;-126
2021-11-13T11:49:54.217;536845396094536104;162;846;-154
2021-11-13T11:49:54.237;536845396114282828;-18;891;-65
2021-11-13T11:49:54.257;536845396134029552;35;966;-121
2021-11-13T11:49:54.277;536845396153776276;222;867;-13
2021-11-13T11:49:54.296;536845396173523000;68;929;-167
2021-11-13T11:49:54.316;536845396193269724;121;1038;-157
2021-11-13T11:49:54.336;536845396213016448;108;1090;-88
2021-11-13T11:49:54.356;536845396232763172;1;956;-223
2021-11-13T11:49:54.375;536845396252509896;91;842;0
2021-11-13T11:49:54.395;536845396272256620;210;1211;-161
2021-11-13T11:49:54.415;536845396292003344;400;806;-505
2021-11-13T11:49:54.435;536845396311750068;102;1039;-177
2021-11-13T11:49:54.454;536845396331496792;65;789;-282
2021-11-13T11:49:54.474;536845396351243516;221;1072;-173
2021-11-13T11:49:54.494;536845396370990240;233;938;-90
2021-11-13T11:49:54.514;536845396390736964;90;951;-108
2021-11-13T11:49:54.533;536845396410483688;59;1046;-364
2021-11-13T11:49:54.553;536845396430230412;177;945;-470
2021-11-13T11:49:54.573;536845396449977136;100;946;20
2021-11-13T11:49:54.593;536845396469723860;233;910;-219
2021-11-13T11:49:54.612;536845396489470584;159;1069;-43
2021-11-13T11:49:54.632;536845396509217308;134;1011;-283
2021-11-13T11:49:54.652;536845396528964032;55;898;-252
2021-11-13T11:49:54.672;536845396548710756;222;910;-322
2021-11-13T11:49:54.691;536845396568457480;93;916;-207
2021-11-13T11:49:54.711;536845396588204204;122;1056;-61
2021-11-13T11:49:54.731;536845396607950928;125;972;-142
2021-11-13T11:49:54.751;536845396627697652;123;1022;-223
2021-11-13T11:49:54.770;536845396647444376;223;962;-469
2021-11-13T11:49:54.790;536845396667198410;194;1023;-299
2021-11-13T11:49:54.810;536845396686952416;243;944;-388
2021-11-13T11:49:54.830;536845396706706422;155;1093;-219
2021-11-13T11:49:54.849;536845396726460428;151;986;-290
2021-11-13T11:49:54.869;536845396746214434;145;1126;-115
2021-11-13T11:49:54.889;536845396765968440;107;1172;-211
2021-11-13T11:49:54.909;536845396785722446;205;1211;-123
2021-11-13T11:49:54.928;536845396805476452;132;1002;-314
2021-11-13T11:49:54.948;536845396825230458;173;910;-319
2021-11-13T11:49:54.968;536845396844984464;65;912;-505
2021-11-13T11:49:54.988;536845396864738470;166;1156;-492
2021-11-13T11:49:55.007;536845396884492476;292;1070;-312
2021-11-13T11:49:55.027;536845396904246482;152;967;-80
2021-11-13T11:49:55.047;536845396924000488;16;992;-263
2021-11-13T11:49:55.067;536845396943754494;67;1055;-340
2021-11-13T11:49:55.086;536845396963508500;59;1027;-263
2021-11-13T11:49:55.106;536845396983262506;145;1044;-363
2021-11-13T11:49:55.126;536845397003016512;222;1060;-365
2021-11-13T11:49:55.146;536845397022770518;238;1034;-216
2021-11-13T11:49:55.165;536845397042524524;388;1569;-211
2021-11-13T11:49:55.185;536845397062278530;261;1165;-397
2021-11-13T11:49:55.205;536845397082032536;43;908;-346
2021-11-13T11:49:55.225;536845397101786542;131;855;-215
2021-11-13T11:49:55.244;536845397121540548;-20;895;-179
2021-11-13T11:49:55.264;536845397141294554;44;810;-157
2021-11-13T11:49:55.284;536845397161048560;133;1065;-160
2021-11-13T11:49:55.304;536845397180802566;300;896;-377
2021-11-13T11:49:55.323;536845397200556572;285;875;-379
2021-11-13T11:49:55.343;536845397220310578;324;979;-282
2021-11-13T11:49:55.363;536845397240064584;193;1081;-136
2021-11-13T11:49:55.383;536845397259818590;255;895;-247
2021-11-13T11:49:55.402;536845397279572596;69;947;-246
2021-11-13T11:49:55.422;536845397299326602;72;947;-239
2021-11-13T11:49:55.442;536845397319080608;108;951;-223
2021-11-13T11:49:55.462;536845397338834614;187;972;-306
2021-11-13T11:49:55.481;536845397358588620;236;981;-322
2021-11-13T11:49:55.501;536845397378328069;185;965;-260
2021-11-13T11:49:55.521;536845397398067512;144;968;-229
2021-11-13T11:49:55.541;536845397417806955;173;936;-233
2021-11-13T11:49:55.560;536845397437546398;186;941;-227
2021-11-13T11:49:55.580;536845397457285841;209;914;-271
2021-11-13T11:49:55.600;536845397477025284;223;970;-222
2021-11-13T11:49:55.620;536845397496764727;215;958;-228
2021-11-13T11:49:55.639;536845397516504170;113;968;-283
2021-11-13T11:49:55.659;536845397536243613;168;1018;-231
2021-11-13T11:49:55.679;536845397555983056;154;961;-172
2021-11-13T11:49:55.699;536845397575722499;163;962;-184
2021-11-13T11:49:55.718;536845397595461942;143;929;-229
2021-11-13T11:49:55.738;536845397615201385;155;996;-260
2021-11-13T11:49:55.758;536845397634940828;155;993;-136
2021-11-13T11:49:55.778;536845397654680271;103;833;-48
2021-11-13T11:49:55.797;536845397674419714;86;855;-289
2021-11-13T11:49:55.817;536845397694159157;227;1056;-462
2021-11-13T11:49:55.837;536845397713898600;333;1048;-424
2021-11-13T11:49:55.857;536845397733638043;216;1025;-276
2021-11-13T11:49:55.876;536845397753377486;128;1020;-103
2021-11-13T11:49:55.896;536845397773116929;17;1070;-209
2021-11-13T11:49:55.916;536845397792856372;260;987;-278
2021-11-13T11:49:55.935;536845397812595815;193;1080;-289
2021-11-13T11:49:55.955;536845397832335258;264;1208;-316
2021-11-13T11:49:55.975;536845397852074701;326;1193;-506
2021-11-13T11:49:55.995;536845397871814144;174;1330;-293
2021-11-13T11:49:56.014;536845397891553587;108;1197;-78
2021-11-13T11:49:56.034;536845397911293030;129;1087;-101
2021-11-13T11:49:56.054;536845397931032473;298;1066;-250
2021-11-13T11:49:56.074;536845397950771916;425;1221;-363
2021-11-13T11:49:56.093;536845397970511359;220;1273;-371
2021-11-13T11:49:56.113;536845397990250802;323;1193;-315
2021-11-13T11:49:56.133;536845398009990245;71;1121;-274
2021-11-13T11:49:56.153;536845398029729688;154;1128;-168
2021-11-13T11:49:56.172;536845398049469131;188;982;-44
2021-11-13T11:49:56.192;536845398069208574;170;1083;-239
2021-11-13T11:49:56.212;536845398088950959;238;1122;-468
2021-11-13T11:49:56.232;536845398108693314;281;1153;-519
2021-11-13T11:49:56.251;536845398128435669;261;1055;-212
2021-11-13T11:49:56.271;536845398148178024;187;1010;-172
2021-11-13T11:49:56.291;536845398167920379;130;1045;-221
2021-11-13T11:49:56.311;536845398187662734;163;1043;-190
2021-11-13T11:49:56.330;536845398207405089;225;1048;-267
2021-11-13T11:49:56.350;536845398227147444;197;1069;-371
2021-11-13T11:49:56.370;536845398246889799;152;961;-319
2021-11-13T11:49:56.390;536845398266632154;181;993;-235
2021-11-13T11:49:56.409;536845398286374509;237;968;-231
2021-11-13T11:49:56.429;536845398306116864;148;1018;-168
2021-11-13T11:49:56.449;536845398325859219;157;937;-261
2021-11-13T11:49:56.468;536845398345601574;104;972;-173
2021-11-13T11:49:56.488;536845398365343929;142;919;-281
2021-11-13T11:49:56.508;536845398385086284;137;968;-211
2021-11-13T11:49:56.528;536845398404828639;176;818;-137
2021-11-13T11:49:56.547;536845398424570994;175;881;-9
2021-11-13T11:49:56.567;536845398444313349;118;841;-85
2021-11-13T11:49:56.587;536845398464055704;67;908;-93
2021-11-13T11:49:56.607;536845398483798059;31;880;-184
2021-11-13T11:49:56.626;536845398503540414;122;864;-135
2021-11-13T11:49:56.646;536845398523282769;154;749;-132
2021-11-13T11:49:56.666;536845398543025124;157;674;-96
2021-11-13T11:49:56.686;536845398562767479;109;694;-26
2021-11-13T11:49:56.705;536845398582509834;52;771;56
2021-11-13T11:49:56.725;536845398602252189;37;780;-63
2021-11-13T11:49:56.745;536845398621994544;50;749;-152
2021-11-13T11:49:56.765;536845398641736899;109;640;-118
2021-11-13T11:49:56.784;536845398661479254;95;600;-23
2021-11-13T11:49:56.804;536845398681221609;129;749;39
2021-11-13T11:49:56.824;536845398700963964;196;782;-46
2021-11-13T11:49:56.844;536845398720706319;174;782;-144
2021-11-13T11:49:56.863;536845398740448674;125;764;-73
2021-11-13T11:49:56.883;536845398760191029;111;750;78
2021-11-13T11:49:56.903;536845398779933384;-6;760;256
2021-11-13T11:49:56.923;536845398799677210;-9;859;164
2021-11-13T11:49:56.942;536845398819421022;72;851;100
2021-11-13T11:49:56.962;536845398839164834;-104;766;242
2021-11-13T11:49:56.982;536845398858908646;-152;856;419
2021-11-13T11:49:57.002;536845398878652458;-41;938;237
2021-11-13T11:49:57.021;536845398898396270;25;956;268
2021-11-13T11:49:57.041;536845398918140082;40;983;315
2021-11-13T11:49:57.061;536845398937883894;-73;968;253
2021-11-13T11:49:57.080;536845398957627706;-21;953;172
2021-11-13T11:49:57.100;536845398977371518;106;1015;175
2021-11-13T11:49:57.120;536845398997115330;14;958;235
2021-11-13T11:49:57.140;536845399016859142;-3;928;222
2021-11-13T11:49:57.159;536845399036602954;23;939;228
2021-11-13T11:49:57.179;536845399056346766;34;973;217
2021-11-13T11:49:57.199;536845399076090578;-22;927;229
2021-11-13T11:49:57.219;536845399095834390;-13;951;240
2021-11-13T11:49:57.238;536845399115578202;98;940;164
2021-11-13T11:49:57.258;536845399135322014;98;974;219
2021-11-13T11:49:57.278;536845399155065826;7;971;237
2021-11-13T11:49:57.298;536845399174809638;-22;961;212
2021-11-13T11:49:57.317;536845399194553450;-1;971;224
2021-11-13T11:49:57.337;536845399214297262;67;918;257
2021-11-13T11:49:57.357;536845399234041074;55;944;238
2021-11-13T11:49:57.377;536845399253784886;-26;1019;229
2021-11-13T11:49:57.396;536845399273528698;11;980;218
2021-11-13T11:49:57.416;536845399293272510;78;943;250
2021-11-13T11:49:57.436;536845399313016322;79;926;164
2021-11-13T11:49:57.456;536845399332760134;79;955;75
2021-11-13T11:49:57.475;536845399352503946;25;966;138
2021-11-13T11:49:57.495;536845399372247758;40;944;184
2021-11-13T11:49:57.515;536845399391991570;61;904;96
2021-11-13T11:49:57.535;536845399411735382;113;953;98
2021-11-13T11:49:57.554;536845399431479194;86;917;74
2021-11-13T11:49:57.574;536845399451223006;49;882;117
2021-11-13T11:49:57.594;536845399470966818;77;877;115
2021-11-13T11:49:57.614;536845399490710630;85;877;42
2021-11-13T11:49:57.633;536845399510470464;56;859;22
2021-11-13T11:49:57.653;536845399530230296;65;862;44
2021-11-13T11:49:57.673;536845399549990128;31;801;34
2021-11-13T11:49:57.693;536845399569749960;67;827;-52
2021-11-13T11:49:57.712;536845399589509792;63;789;13
2021-11-13T11:49:57.732;536845399609269624;66;871;-13
2021-11-13T11:49:57.752;536845399629029456;75;915;-5
2021-11-13T11:49:57.772;536845399648789288;52;851;-7
2021-11-13T11:49:57.791;536845399668549120;97;791;-25
2021-11-13T11:49:57.811;536845399688308952;18;790;-6
2021-11-13T11:49:57.831;536845399708068784;65;895;-15
2021-11-13T11:49:57.851;536845399727828616;142;933;-136
2021-11-13T11:49:57.870;536845399747588448;196;974;-131
2021-11-13T11:49:57.890;536845399767348280;39;867;-92
2021-11-13T11:49:57.910;536845399787108112;43;921;-71
2021-11-13T11:49:57.930;536845399806867944;96;944;-33
2021-11-13T11:49:57.949;536845399826627776;150;896;-153
2021-11-13T11:49:57.969;536845399846387608;59;855;-78
2021-11-13T11:49:57.989;536845399866147440;113;926;-150
2021-11-13T11:49:58.009;536845399885907272;166;962;-91
2021-11-13T11:49:58.029;536845399905667104;246;995;6
2021-11-13T11:49:58.048;536845399925426936;59;877;-138
2021-11-13T11:49:58.068;536845399945186768;-111;1017;-153
2021-11-13T11:49:58.088;536845399964946600;86;960;-48
2021-11-13T11:49:58.108;536845399984706432;218;1072;-65
2021-11-13T11:49:58.127;536845400004466264;190;912;-272
2021-11-13T11:49:58.147;536845400024226096;143;1241;-161
2021-11-13T11:49:58.167;536845400043985928;372;791;-369
2021-11-13T11:49:58.187;536845400063745760;144;1039;-33
2021-11-13T11:49:58.206;536845400083505592;89;787;-402
2021-11-13T11:49:58.226;536845400103265424;36;1131;-9
2021-11-13T11:49:58.246;536845400123025256;289;786;-212
2021-11-13T11:49:58.266;536845400142785088;64;957;-103
2021-11-13T11:49:58.285;536845400162544920;90;878;-81
2021-11-13T11:49:58.305;536845400182304752;103;997;-141
2021-11-13T11:49:58.325;536845400202064584;178;999;-235
2021-11-13T11:49:58.345;536845400221827329;143;1031;-159
2021-11-13T11:49:58.364;536845400241590074;105;900;49
2021-11-13T11:49:58.384;536845400261352819;255;916;-232
2021-11-13T11:49:58.404;536845400281115564;208;1036;-269
2021-11-13T11:49:58.424;536845400300878309;73;1011;-226
2021-11-13T11:49:58.444;536845400320641054;185;992;-149
2021-11-13T11:49:58.463;536845400340403799;-51;948;-228
2021-11-13T11:49:58.483;536845400360166544;102;1176;-77
2021-11-13T11:49:58.503;536845400379929289;111;966;17
2021-11-13T11:49:58.523;536845400399692034;160;861;-167
2021-11-13T11:49:58.542;536845400419454779;313;1224;-239
2021-11-13T11:49:58.562;536845400439217524;260;1010;-483
2021-11-13T11:49:58.582;536845400458980269;240;1129;-123
2021-11-13T11:49:58.602;536845400478743014;78;985;-185
2021-11-13T11:49:58.621;536845400498505759;50;1142;-137
2021-11-13T11:49:58.641;536845400518268504;88;946;-352
2021-11-13T11:49:58.661;536845400538031249;54;1132;-293
2021-11-13T11:49:58.681;536845400557793994;164;1125;-319
2021-11-13T11:49:58.700;536845400577556739;127;1047;-193
2021-11-13T11:49:58.720;536845400597319484;388;1156;-296
2021-11-13T11:49:58.740;536845400617082229;78;1048;-127
2021-11-13T11:49:58.760;536845400636844974;-59;1067;-213
2021-11-13T11:49:58.779;536845400656607719;-22;1187;-327
2021-11-13T11:49:58.799;536845400676370464;265;1212;-191
2021-11-13T11:49:58.819;536845400696133209;47;906;-232
2021-11-13T11:49:58.839;536845400715895954;164;1124;-227
2021-11-13T11:49:58.859;536845400735658699;51;1036;-276
2021-11-13T11:49:58.878;536845400755421444;-86;1077;-295
2021-11-13T11:49:58.898;536845400775184189;101;1097;-289
2021-11-13T11:49:58.918;536845400794946934;300;1060;-336
2021-11-13T11:49:58.938;536845400814709679;133;992;-129
2021-11-13T11:49:58.957;536845400834472424;91;978;-144
2021-11-13T11:49:58.977;536845400854235169;47;1015;-177
2021-11-13T11:49:58.997;536845400873997914;-3;1038;-230
2021-11-13T11:49:59.017;536845400893760659;25;869;-327
2021-11-13T11:49:59.036;536845400913523404;-78;783;-82
2021-11-13T11:49:59.056;536845400933284706;283;1203;-377
2021-11-13T11:49:59.076;536845400953045994;266;1125;-324
2021-11-13T11:49:59.096;536845400972807282;257;896;-157
2021-11-13T11:49:59.115;536845400992568570;27;1024;-52
2021-11-13T11:49:59.135;536845401012329858;45;889;-220
2021-11-13T11:49:59.155;536845401032091146;-31;1021;-255
2021-11-13T11:49:59.175;536845401051852434;186;917;-331
2021-11-13T11:49:59.194;536845401071613722;113;961;-252
2021-11-13T11:49:59.214;536845401091375010;232;993;-247
2021-11-13T11:49:59.234;536845401111136298;116;994;-131
2021-11-13T11:49:59.254;536845401130897586;54;951;-200
2021-11-13T11:49:59.274;536845401150658874;66;980;-192
2021-11-13T11:49:59.293;536845401170420162;171;965;-264
2021-11-13T11:49:59.313;536845401190181450;116;917;-218
2021-11-13T11:49:59.333;536845401209942738;88;939;-168
2021-11-13T11:49:59.353;536845401229704026;164;993;-281
2021-11-13T11:49:59.372;536845401249465314;161;992;-216
2021-11-13T11:49:59.392;536845401269226602;77;972;-109
2021-11-13T11:49:59.412;536845401288987890;114;966;-192
2021-11-13T11:49:59.432;536845401308749178;199;960;-262
2021-11-13T11:49:59.451;536845401328510466;111;970;-219
2021-11-13T11:49:59.471;536845401348271754;84;974;-150
2021-11-13T11:49:59.491;536845401368033042;44;987;-152
2021-11-13T11:49:59.511;536845401387794330;105;1064;-173
2021-11-13T11:49:59.530;536845401407555618;114;1030;-208
2021-11-13T11:49:59.550;536845401427316906;33;1090;-209
2021-11-13T11:49:59.570;536845401447078194;77;1024;-291
2021-11-13T11:49:59.590;536845401466839482;246;1173;-302
2021-11-13T11:49:59.609;536845401486600770;204;1174;-281
2021-11-13T11:49:59.629;536845401506362058;217;1210;-208
2021-11-13T11:49:59.649;536845401526123346;51;1210;-171
2021-11-13T11:49:59.669;536845401545884634;83;1269;-161
2021-11-13T11:49:59.689;536845401565645922;88;1204;-146
2021-11-13T11:49:59.708;536845401585407210;264;1130;-247
2021-11-13T11:49:59.728;536845401605168498;102;1080;-273
2021-11-13T11:49:59.748;536845401624929786;191;1115;-212
2021-11-13T11:49:59.768;536845401644695467;320;1265;-198
2021-11-13T11:49:59.787;536845401664461124;157;1315;-97
2021-11-13T11:49:59.807;536845401684226781;186;1132;-214
2021-11-13T11:49:59.827;536845401703992438;152;1163;-273
2021-11-13T11:49:59.847;536845401723758095;247;1140;-240
2021-11-13T11:49:59.866;536845401743523752;64;1091;-214
2021-11-13T11:49:59.886;536845401763289409;52;1176;-239
2021-11-13T11:49:59.906;536845401783055066;190;1102;-182
2021-11-13T11:49:59.926;536845401802820723;156;1048;-128
2021-11-13T11:49:59.945;536845401822586380;182;971;-185
2021-11-13T11:49:59.965;536845401842352037;42;1077;-164
2021-11-13T11:49:59.985;536845401862117694;139;1032;-205
2021-11-13T11:50:00.005;536845401881883351;88;1036;-240
2021-11-13T11:50:00.025;536845401901649008;137;1020;-148
2021-11-13T11:50:00.044;536845401921414665;204;969;-177
2021-11-13T11:50:00.064;536845401941180322;53;948;-215
2021-11-13T11:50:00.084;536845401960945979;41;954;-147
2021-11-13T11:50:00.104;536845401980711636;161;961;-154
2021-11-13T11:50:00.123;536845402000477293;164;1025;-195
2021-11-13T11:50:00.143;536845402020242950;133;961;-125
2021-11-13T11:50:00.163;536845402040008607;116;892;-86
2021-11-13T11:50:00.183;536845402059774264;139;875;-184
2021-11-13T11:50:00.202;536845402079539921;120;931;-162
2021-11-13T11:50:00.222;536845402099305578;125;939;-140
2021-11-13T11:50:00.242;536845402119071235;65;904;-130
2021-11-13T11:50:00.262;536845402138836892;90;857;-94
2021-11-13T11:50:00.281;536845402158602549;182;797;4
2021-11-13T11:50:00.301;536845402178368206;122;750;62
2021-11-13T11:50:00.321;536845402198133863;59;764;-50
2021-11-13T11:50:00.341;536845402217899520;160;786;-132
2021-11-13T11:50:00.361;536845402237665177;176;753;-305
2021-11-13T11:50:00.380;536845402257430834;19;772;-300
2021-11-13T11:50:00.400;536845402277196491;147;749;-27
2021-11-13T11:50:00.420;536845402296962148;200;643;257
2021-11-13T11:50:00.440;536845402316727805;-159;768;252
2021-11-13T11:50:00.459;536845402336493462;-64;769;-26
2021-11-13T11:50:00.479;536845402356264949;82;743;-166
2021-11-13T11:50:00.499;536845402376036432;69;741;-53
2021-11-13T11:50:00.519;536845402395807915;114;763;103
2021-11-13T11:50:00.538;536845402415579398;124;837;59
2021-11-13T11:50:00.558;536845402435350881;111;779;59
2021-11-13T11:50:00.578;536845402455122364;-25;784;86
2021-11-13T11:50:00.598;536845402474893847;-68;848;64
2021-11-13T11:50:00.618;536845402494665330;100;849;29
2021-11-13T11:50:00.637;536845402514436813;84;937;285
2021-11-13T11:50:00.657;536845402534208296;-41;891;415
2021-11-13T11:50:00.677;536845402553979779;-142;945;315
2021-11-13T11:50:00.697;536845402573751262;-91;933;228
2021-11-13T11:50:00.716;536845402593522745;-15;992;235
2021-11-13T11:50:00.736;536845402613294228;79;989;243
2021-11-13T11:50:00.756;536845402633065711;76;981;224
2021-11-13T11:50:00.776;536845402652837194;11;968;170
2021-11-13T11:50:00.795;536845402672608677;21;1011;182
2021-11-13T11:50:00.815;536845402692380160;95;966;213
2021-11-13T11:50:00.835;536845402712151643;15;929;211
2021-11-13T11:50:00.855;536845402731923126;15;956;193
2021-11-13T11:50:00.875;536845402751694609;55;931;175
2021-11-13T11:50:00.894;536845402771466092;29;885;230
2021-11-13T11:50:00.914;536845402791237575;-13;882;245
2021-11-13T11:50:00.934;536845402811009058;-23;952;270
2021-11-13T11:50:00.954;536845402830780541;46;947;281
2021-11-13T11:50:00.973;536845402850552024;3;941;246
2021-11-13T11:50:00.993;536845402870323507;25;981;222
2021-11-13T11:50:01.013;536845402890094990;32;981;296
2021-11-13T11:50:01.033;536845402909866473;43;966;229
2021-11-13T11:50:01.053;536845402929637956;-8;981;315
2021-11-13T11:50:01.072;536845402949409439;36;978;239
2021-11-13T11:50:01.092;536845402969180922;32;982;229
2021-11-13T11:50:01.112;536845402988952405;17;933;222
2021-11-13T11:50:01.132;536845403008723888;42;915;220
2021-11-13T11:50:01.151;536845403028495371;60;929;198
2021-11-13T11:50:01.171;536845403048266854;36;917;176
2021-11-13T11:50:01.191;536845403068032533;47;941;139
2021-11-13T11:50:01.211;536845403087798190;38;930;142
2021-11-13T11:50:01.230;536845403107563847;20;927;207
2021-11-13T11:50:01.250;536845403127329504;62;906;151
2021-11-13T11:50:01.270;536845403147095161;71;911;114
2021-11-13T11:50:01.290;536845403166860818;52;927;118
2021-11-13T11:50:01.309;536845403186626475;79;923;113
2021-11-13T11:50:01.329;536845403206392132;78;943;115
2021-11-13T11:50:01.349;536845403226157789;26;913;119
2021-11-13T11:50:01.369;536845403245923446;43;891;124
2021-11-13T11:50:01.389;536845403265689103;51;887;92
2021-11-13T11:50:01.408;536845403285454760;91;870;54
2021-11-13T11:50:01.428;536845403305220417;79;862;29
2021-11-13T11:50:01.448;536845403324986074;40;864;17
2021-11-13T11:50:01.468;536845403344751731;82;857;49
2021-11-13T11:50:01.487;536845403364517388;41;771;36
2021-11-13T11:50:01.507;536845403384283045;51;797;-3
2021-11-13T11:50:01.527;536845403404048702;16;880;-54
2021-11-13T11:50:01.547;536845403423814359;20;851;-5
2021-11-13T11:50:01.566;536845403443580016;45;771;71
2021-11-13T11:50:01.586;536845403463345673;209;791;4
2021-11-13T11:50:01.606;536845403483111330;105;895;-103
2021-11-13T11:50:01.626;536845403502876987;-60;910;-137
2021-11-13T11:50:01.646;536845403522642644;36;996;-77
2021-11-13T11:50:01.665;536845403542408301;217;935;-139
2021-11-13T11:50:01.685;536845403562173958;52;872;-43
2021-11-13T11:50:01.705;536845403581939615;27;907;98
2021-11-13T11:50:01.725;536845403601705272;78;947;-3
2021-11-13T11:50:01.744;536845403621470929;179;1000;-195
2021-11-13T11:50:01.764;536845403641236586;124;918;-53
2021-11-13T11:50:01.784;536845403661002243;107;988;75
2021-11-13T11:50:01.804;536845403680767900;-157;1036;-233
2021-11-13T11:50:01.823;536845403700533557;79;931;-161
2021-11-13T11:50:01.843;536845403720299214;154;894;-162
2021-11-13T11:50:01.863;536845403740064871;210;834;-265
2021-11-13T11:50:01.883;536845403759830528;101;970;-253
2021-11-13T11:50:01.902;536845403779587463;179;1023;-182
2021-11-13T11:50:01.922;536845403799344382;150;1094;-251
2021-11-13T11:50:01.942;536845403819101301;94;1095;-62
2021-11-13T11:50:01.962;536845403838858220;30;692;-75
2021-11-13T11:50:01.981;536845403858615139;44;1041;51
2021-11-13T11:50:02.001;536845403878372058;124;973;-233
2021-11-13T11:50:02.021;536845403898128977;146;998;-151
2021-11-13T11:50:02.041;536845403917885896;138;987;-212
2021-11-13T11:50:02.061;536845403937642815;83;1085;-78
2021-11-13T11:50:02.080;536845403957399734;140;918;-313
2021-11-13T11:50:02.100;536845403977156653;91;1042;-12
2021-11-13T11:50:02.120;536845403996913572;184;985;-116
2021-11-13T11:50:02.140;536845404016670491;226;1092;-157
2021-11-13T11:50:02.159;536845404036427410;203;1036;-262
2021-11-13T11:50:02.179;536845404056184329;170;1031;-307
2021-11-13T11:50:02.199;536845404075941248;-188;1134;92
2021-11-13T11:50:02.219;536845404095698167;186;839;-55
2021-11-13T11:50:02.238;536845404115455086;129;1103;-194
2021-11-13T11:50:02.258;536845404135212005;91;1131;-219
2021-11-13T11:50:02.278;536845404154968924;218;999;-151
2021-11-13T11:50:02.298;536845404174725843;212;1012;-7
2021-11-13T11:50:02.317;536845404194482762;82;998;-139
2021-11-13T11:50:02.337;536845404214239681;142;1155;-115
2021-11-13T11:50:02.357;536845404233996600;66;1007;-260
2021-11-13T11:50:02.377;536845404253753519;70;1041;-346
2021-11-13T11:50:02.396;536845404273510438;202;1164;-229
2021-11-13T11:50:02.416;536845404293267357;202;1107;-131
2021-11-13T11:50:02.436;536845404313024276;122;1040;-116
2021-11-13T11:50:02.456;536845404332781195;-2;1062;-253
2021-11-13T11:50:02.475;536845404352538114;-40;1070;-264
2021-11-13T11:50:02.495;536845404372295033;-64;1066;-158
2021-11-13T11:50:02.515;536845404392051952;19;1017;-154
2021-11-13T11:50:02.535;536845404411808871;270;1155;-256
2021-11-13T11:50:02.554;536845404431565790;186;1039;-232
2021-11-13T11:50:02.574;536845404451322709;4;996;-78
2021-11-13T11:50:02.594;536845404471079628;22;1011;-181
2021-11-13T11:50:02.614;536845404490848210;37;1050;-304
2021-11-13T11:50:02.633;536845404510616780;190;1044;-332
2021-11-13T11:50:02.653;536845404530385350;222;984;-298
2021-11-13T11:50:02.673;536845404550153920;79;972;-208
2021-11-13T11:50:02.693;536845404569922490;79;965;-199
2021-11-13T11:50:02.713;536845404589691060;89;984;-180
2021-11-13T11:50:02.732;536845404609459630;126;1026;-265
2021-11-13T11:50:02.752;536845404629228200;83;974;-189
2021-11-13T11:50:02.772;536845404648996770;15;977;-164
2021-11-13T11:50:02.792;536845404668765340;102;958;-281
2021-11-13T11:50:02.811;536845404688533910;187;1036;-300
2021-11-13T11:50:02.831;536845404708302480;135;979;-206
2021-11-13T11:50:02.851;536845404728071050;96;1016;-146
2021-11-13T11:50:02.871;536845404747839620;152;971;-320
2021-11-13T11:50:02.890;536845404767608190;68;1009;-262
2021-11-13T11:50:02.910;536845404787376760;151;1292;-267
2021-11-13T11:50:02.930;536845404807145330;106;1018;-216
2021-11-13T11:50:02.950;536845404826913900;-12;850;-92
2021-11-13T11:50:02.970;536845404846682470;57;933;-250
2021-11-13T11:50:02.989;536845404866451040;220;931;-240
2021-11-13T11:50:03.009;536845404886219610;226;1004;-307
2021-11-13T11:50:03.029;536845404905988180;149;1052;-221
2021-11-13T11:50:03.049;536845404925756750;76;912;-217
2021-11-13T11:50:03.068;536845404945525320;66;937;-132
2021-11-13T11:50:03.088;536845404965293890;62;932;-139
2021-11-13T11:50:03.108;536845404985062460;211;947;-258
2021-11-13T11:50:03.128;536845405004831030;161;956;-275
2021-11-13T11:50:03.147;536845405024599600;140;1000;-260
2021-11-13T11:50:03.167;536845405044368170;173;998;-224
2021-11-13T11:50:03.187;536845405064136740;77;962;-128
2021-11-13T11:50:03.207;536845405083905310;132;940;-233
2021-11-13T11:50:03.227;536845405103673880;66;971;-218
2021-11-13T11:50:03.246;536845405123442450;97;963;-205
2021-11-13T11:50:03.266;536845405143211020;134;963;-235
2021-11-13T11:50:03.286;536845405162979590;137;981;-225
2021-11-13T11:50:03.306;536845405182748160;130;974;-230
2021-11-13T11:50:03.325;536845405202506561;74;966;-147
2021-11-13T11:50:03.345;536845405222264936;18;958;-85
2021-11-13T11:50:03.365;536845405242023311;84;954;-207
2021-11-13T11:50:03.385;536845405261781686;81;985;-241
2021-11-13T11:50:03.404;536845405281540061;53;1009;-228
2021-11-13T11:50:03.424;536845405301298436;70;990;-261
2021-11-13T11:50:03.444;536845405321056811;150;1076;-303
2021-11-13T11:50:03.464;536845405340815186;93;1103;-250
2021-11-13T11:50:03.483;536845405360573561;48;1103;-151
2021-11-13T11:50:03.503;536845405380331936;47;1107;-236
2021-11-13T11:50:03.523;536845405400090311;167;1176;-279
2021-11-13T11:50:03.543;536845405419848686;208;1158;-291
2021-11-13T11:50:03.562;536845405439607061;262;1215;-238
2021-11-13T11:50:03.582;536845405459365436;133;1249;-182
2021-11-13T11:50:03.602;536845405479123811;102;1253;-191
2021-11-13T11:50:03.622;536845405498882186;87;1125;-219
2021-11-13T11:50:03.642;536845405518640561;232;1005;-155
2021-11-13T11:50:03.661;536845405538398936;297;1125;-114
2021-11-13T11:50:03.681;536845405558157311;227;1307;-302
2021-11-13T11:50:03.701;536845405577915686;210;1249;-347
2021-11-13T11:50:03.721;536845405597674061;55;1122;-267
2021-11-13T11:50:03.740;536845405617432436;267;1107;-167
2021-11-13T11:50:03.760;536845405637190811;167;1080;-231
2021-11-13T11:50:03.780;536845405656949186;19;1065;-167
2021-11-13T11:50:03.800;536845405676707561;107;1071;-218
2021-11-13T11:50:03.819;536845405696465936;315;1096;-326
2021-11-13T11:50:03.839;536845405716224311;193;1053;-230
2021-11-13T11:50:03.859;536845405735982686;115;1023;-177
2021-11-13T11:50:03.879;536845405755741061;95;1030;-134
2021-11-13T11:50:03.898;536845405775499436;100;1001;-190
2021-11-13T11:50:03.918;536845405795257811;172;1000;-262
2021-11-13T11:50:03.938;536845405815016186;181;1011;-297
2021-11-13T11:50:03.958;536845405834774561;212;1058;-209
2021-11-13T11:50:03.977;536845405854532936;108;984;-129
2021-11-13T11:50:03.997;536845405874291311;114;1035;-209
2021-11-13T11:50:04.017;536845405894049686;145;1015;-171
2021-11-13T11:50:04.037;536845405913809528;144;949;-149
2021-11-13T11:50:04.056;536845405933569360;146;958;-182
2021-11-13T11:50:04.076;536845405953329192;166;929;-215
2021-11-13T11:50:04.096;536845405973089024;215;960;-235
2021-11-13T11:50:04.116;536845405992848856;114;958;-203
2021-11-13T11:50:04.135;536845406012608688;26;959;-96
2021-11-13T11:50:04.155;536845406032368520;28;911;-58
2021-11-13T11:50:04.175;536845406052128352;29;911;-81
2021-11-13T11:50:04.195;536845406071888184;86;810;-82
2021-11-13T11:50:04.215;536845406091648016;52;813;-114
2021-11-13T11:50:04.234;536845406111407848;262;830;-221
2021-11-13T11:50:04.254;536845406131167680;327;870;-236
2021-11-13T11:50:04.274;536845406150927512;99;883;-146
2021-11-13T11:50:04.294;536845406170687344;67;784;-11
2021-11-13T11:50:04.313;536845406190447176;92;644;38
2021-11-13T11:50:04.333;536845406210207008;116;647;-42
2021-11-13T11:50:04.353;536845406229966840;162;725;-101
2021-11-13T11:50:04.373;536845406249726672;165;780;-89
2021-11-13T11:50:04.392;536845406269486504;135;743;-90
2021-11-13T11:50:04.412;536845406289246336;84;692;63
2021-11-13T11:50:04.432;536845406309006168;59;593;103
2021-11-13T11:50:04.452;536845406328766000;7;677;113
2021-11-13T11:50:04.471;536845406348525832;138;770;-107
2021-11-13T11:50:04.491;536845406368285664;77;803;-75
2021-11-13T11:50:04.511;536845406388045496;4;790;316
2021-11-13T11:50:04.531;536845406407805328;-32;831;492
2021-11-13T11:50:04.550;536845406427565160;19;825;231
2021-11-13T11:50:04.570;536845406447324992;-54;956;143
2021-11-13T11:50:04.590;536845406467084824;-16;946;280
2021-11-13T11:50:04.610;536845406486844656;7;964;283
2021-11-13T11:50:04.629;536845406506604488;30;950;215
2021-11-13T11:50:04.649;536845406526364320;13;921;237
2021-11-13T11:50:04.669;536845406546124152;-54;956;284
2021-11-13T11:50:04.689;536845406565883984;7;947;186
2021-11-13T11:50:04.709;536845406585643816;-9;949;276
2021-11-13T11:50:04.728;536845406605403648;-24;970;299
2021-11-13T11:50:04.748;536845406625167853;28;956;217
2021-11-13T11:50:04.768;536845406644932054;21;923;204
2021-11-13T11:50:04.788;536845406664696255;-6;942;264
2021-11-13T11:50:04.807;536845406684460456;-4;959;231
2021-11-13T11:50:04.827;536845406704224657;5;966;243
2021-11-13T11:50:04.847;536845406723988858;-13;955;308
2021-11-13T11:50:04.867;536845406743753059;10;957;312
2021-11-13T11:50:04.886;536845406763517260;26;920;204
2021-11-13T11:50:04.906;536845406783281461;57;953;198
2021-11-13T11:50:04.926;536845406803045662;16;968;239
2021-11-13T11:50:04.946;536845406822809863;26;966;256
2021-11-13T11:50:04.965;536845406842574064;64;951;218
2021-11-13T11:50:04.985;536845406862338265;50;941;198
2021-11-13T11:50:05.005;536845406882102466;32;928;182
2021-11-13T11:50:05.025;536845406901866667;15;921;176
2021-11-13T11:50:05.045;536845406921630868;71;943;140
2021-11-13T11:50:05.064;536845406941395069;53;928;171
2021-11-13T11:50:05.084;536845406961159270;44;921;202
2021-11-13T11:50:05.104;536845406980923471;25;868;180
2021-11-13T11:50:05.124;536845407000687672;27;878;141
2021-11-13T11:50:05.143;536845407020451873;60;875;89
2021-11-13T11:50:05.163;536845407040216074;77;893;54
2021-11-13T11:50:05.183;536845407059980275;110;874;29
2021-11-13T11:50:05.203;536845407079744476;93;834;77
2021-11-13T11:50:05.222;536845407099508677;5;804;112
2021-11-13T11:50:05.242;536845407119272878;24;860;86
2021-11-13T11:50:05.262;536845407139037079;80;847;11
2021-11-13T11:50:05.282;536845407158801280;69;851;25
2021-11-13T11:50:05.301;536845407178565481;14;847;110
2021-11-13T11:50:05.321;536845407198329682;46;815;26
2021-11-13T11:50:05.341;536845407218093883;56;830;-11
2021-11-13T11:50:05.361;536845407237858084;84;860;-45
2021-11-13T11:50:05.380;536845407257622285;5;897;104
2021-11-13T11:50:05.400;536845407277386486;52;897;116
2021-11-13T11:50:05.420;536845407297150687;116;869;-99
2021-11-13T11:50:05.440;536845407316914888;148;837;-171
2021-11-13T11:50:05.460;536845407336676200;55;895;-104
2021-11-13T11:50:05.479;536845407356437488;25;970;37
2021-11-13T11:50:05.499;536845407376198776;62;1014;114
2021-11-13T11:50:05.519;536845407395960064;148;966;-144
2021-11-13T11:50:05.539;536845407415721352;68;782;-19
2021-11-13T11:50:05.558;536845407435482640;-133;833;58
2021-11-13T11:50:05.578;536845407455243928;156;964;-98
2021-11-13T11:50:05.598;536845407475005216;115;789;-80
2021-11-13T11:50:05.618;536845407494766504;41;954;-93
2021-11-13T11:50:05.637;536845407514527792;69;1025;13
2021-11-13T11:50:05.657;536845407534289080;130;1132;-80
2021-11-13T11:50:05.677;536845407554050368;111;847;-369
2021-11-13T11:50:05.697;536845407573811656;-8;1127;-83
2021-11-13T11:50:05.716;536845407593572944;-20;924;204
2021-11-13T11:50:05.736;536845407613334232;207;757;-223
2021-11-13T11:50:05.756;536845407633095520;-13;1109;-184
2021-11-13T11:50:05.776;536845407652856808;350;1049;-472
2021-11-13T11:50:05.795;536845407672618096;22;936;-140
2021-11-13T11:50:05.815;536845407692379384;1;979;14
2021-11-13T11:50:05.835;536845407712140672;39;1039;-124
2021-11-13T11:50:05.855;536845407731901960;40;1052;-106
2021-11-13T11:50:05.875;536845407751663248;207;1026;-303
2021-11-13T11:50:05.894;536845407771424536;213;1029;-194
2021-11-13T11:50:05.914;536845407791185824;278;1088;-234
2021-11-13T11:50:05.934;536845407810947112;-8;1223;152
2021-11-13T11:50:05.954;536845407830708400;131;833;-197
2021-11-13T11:50:05.973;536845407850469688;-297;1257;-59
2021-11-13T11:50:05.993;536845407870230976;156;1128;-172
2021-11-13T11:50:06.013;536845407889992264;198;966;-219
2021-11-13T11:50:06.033;536845407909753552;146;989;-162
2021-11-13T11:50:06.052;536845407929514840;130;1085;-285
2021-11-13T11:50:06.072;536845407949276128;376;1085;-179
2021-11-13T11:50:06.092;536845407969037416;103;1095;-85
2021-11-13T11:50:06.112;536845407988798704;-111;1038;-105
2021-11-13T11:50:06.131;536845408008559992;59;1023;-237
2021-11-13T11:50:06.151;536845408028321280;112;1056;-368
