Phone timestamp;sensor timestamp [ns];X [mg];Y [mg];Z [mg]
2021-12-04T11:26:53.727;536589056329247719;-87;-977;-117
2021-12-04T11:26:53.746;536589056348924538;-78;-994;-158
2021-12-04T11:26:53.766;536589056368601357;-33;-1011;-158
2021-12-04T11:26:53.786;536589056388278176;-51;-993;-135
2021-12-04T11:26:53.805;536589056407954995;-107;-1004;-122
2021-12-04T11:26:53.825;536589056427631814;-97;-1025;-157
2021-12-04T11:26:53.845;536589056447308633;-44;-1041;-181
2021-12-04T11:26:53.864;536589056466985452;-60;-1005;-136
2021-12-04T11:26:53.884;536589056486662271;-102;-988;-176
2021-12-04T11:26:53.904;536589056506339090;-83;-1055;-200
2021-12-04T11:26:53.923;536589056526015909;-50;-1051;-229
2021-12-04T11:26:53.943;536589056545692728;-19;-1031;-212
2021-12-04T11:26:53.963;536589056565369547;-67;-990;-211
2021-12-04T11:26:53.982;536589056585046366;-98;-990;-195
2021-12-04T11:26:54.002;536589056604723185;-94;-990;-198
2021-12-04T11:26:54.022;536589056624400004;-90;-999;-167
2021-12-04T11:26:54.041;536589056644076823;-95;-1005;-119
2021-12-04T11:26:54.061;536589056663753642;-106;-1009;-111
2021-12-04T11:26:54.081;536589056683430461;-106;-1016;-126
2021-12-04T11:26:54.100;536589056703107280;-128;-1006;-144
2021-12-04T11:26:54.120;536589056722784099;-109;-1000;-167
2021-12-04T11:26:54.140;536589056742460918;-81;-1009;-153
2021-12-04T11:26:54.159;536589056762137737;-85;-1006;-138
2021-12-04T11:26:54.179;536589056781814556;-102;-1012;-127
2021-12-04T11:26:54.199;536589056801491375;-110;-1004;-134
2021-12-04T11:26:54.218;536589056821168194;-110;-1009;-172
2021-12-04T11:26:54.238;536589056840845013;-87;-1002;-185
2021-12-04T11:26:54.258;536589056860521832;-62;-1005;-153
2021-12-04T11:26:54.277;536589056880198651;-71;-1020;-122
2021-12-04T11:26:54.297;536589056899875470;-56;-1020;-121
2021-12-04T11:26:54.317;536589056919552289;-49;-1030;-115
2021-12-04T11:26:54.336;536589056939229108;-55;-1011;-118
2021-12-04T11:26:54.356;536589056958905927;-39;-1016;-106
2021-12-04T11:26:54.376;536589056978582746;-47;-1025;-103
2021-12-04T11:26:54.396;536589056998259565;-46;-1027;-114
2021-12-04T11:26:54.415;536589057017936384;-35;-1008;-129
2021-12-04T11:26:54.435;536589057037613235;-35;-1009;-137
2021-12-04T11:26:54.455;536589057057290054;-45;-1017;-127
2021-12-04T11:26:54.474;536589057076966873;-52;-1005;-121
2021-12-04T11:26:54.494;536589057096643692;-53;-1003;-108
2021-12-04T11:26:54.514;536589057116320511;-58;-996;-93
2021-12-04T11:26:54.533;536589057135997330;-51;-990;-61
2021-12-04T11:26:54.553;536589057155674149;-31;-994;-49
2021-12-04T11:26:54.573;536589057175350968;-15;-1000;-49
2021-12-04T11:26:54.592;536589057195027787;-15;-1023;-31
2021-12-04T11:26:54.612;536589057214704606;-36;-1001;-52
2021-12-04T11:26:54.632;536589057234381425;-26;-999;-62
2021-12-04T11:26:54.651;536589057254058244;-14;-1002;-65
2021-12-04T11:26:54.671;536589057273735063;-19;-1008;-70
2021-12-04T11:26:54.691;536589057293411882;-11;-1009;-78
2021-12-04T11:26:54.710;536589057313088701;-11;-1027;-88
2021-12-04T11:26:54.730;536589057332765520;-20;-1032;-90
2021-12-04T11:26:54.750;536589057352442339;-27;-1028;-95
2021-12-04T11:26:54.769;536589057372119158;-42;-1028;-100
2021-12-04T11:26:54.789;536589057391795977;-53;-1020;-113
2021-12-04T11:26:54.809;536589057411472796;-49;-1031;-111
2021-12-04T11:26:54.828;536589057431149615;-58;-1039;-90
2021-12-04T11:26:54.848;536589057450826434;-59;-1033;-78
2021-12-04T11:26:54.868;536589057470503253;-41;-1021;-64
2021-12-04T11:26:54.887;536589057490180072;-34;-1013;-74
2021-12-04T11:26:54.907;536589057509856891;3;-1001;-84
2021-12-04T11:26:54.927;536589057529533710;30;-1001;-63
2021-12-04T11:26:54.946;536589057549210529;21;-994;-45
2021-12-04T11:26:54.966;536589057568887348;14;-1000;-32
2021-12-04T11:26:54.986;536589057588564167;3;-999;-32
2021-12-04T11:26:55.005;536589057608240986;0;-1019;-30
2021-12-04T11:26:55.025;536589057627917805;3;-1040;-52
2021-12-04T11:26:55.045;536589057647594624;11;-1060;-92
2021-12-04T11:26:55.065;536589057667271443;21;-1052;-115
2021-12-04T11:26:55.084;536589057686948262;36;-1026;-96
2021-12-04T11:26:55.104;536589057706625081;12;-1015;-78
2021-12-04T11:26:55.124;536589057726301900;12;-1007;-51
2021-12-04T11:26:55.143;536589057745981652;15;-1015;-19
2021-12-04T11:26:55.163;536589057765661384;11;-1017;-12
2021-12-04T11:26:55.183;536589057785341116;4;-1038;-27
2021-12-04T11:26:55.202;536589057805020848;-2;-1038;-57
2021-12-04T11:26:55.222;536589057824700580;2;-1024;-68
2021-12-04T11:26:55.242;536589057844380312;7;-1024;-60
2021-12-04T11:26:55.261;536589057864060044;8;-1028;-63
2021-12-04T11:26:55.281;536589057883739776;17;-1016;-59
2021-12-04T11:26:55.301;536589057903419508;10;-1022;-48
2021-12-04T11:26:55.320;536589057923099240;-5;-1010;-55
2021-12-04T11:26:55.340;536589057942778972;-12;-1003;-49
2021-12-04T11:26:55.360;536589057962458704;-13;-1000;-47
2021-12-04T11:26:55.379;536589057982138436;-15;-1000;-45
2021-12-04T11:26:55.399;536589058001818168;-8;-1001;-47
2021-12-04T11:26:55.419;536589058021497900;-26;-1014;-57
2021-12-04T11:26:55.438;536589058041177632;-27;-1010;-82
2021-12-04T11:26:55.458;536589058060857364;-4;-1014;-84
2021-12-04T11:26:55.478;536589058080537096;6;-1014;-69
2021-12-04T11:26:55.497;536589058100216828;7;-1030;-70
2021-12-04T11:26:55.517;536589058119896560;-1;-1034;-79
2021-12-04T11:26:55.537;536589058139576292;-17;-1029;-92
2021-12-04T11:26:55.557;536589058159256024;-19;-1014;-104
2021-12-04T11:26:55.576;536589058178935756;-21;-1007;-115
2021-12-04T11:26:55.596;536589058198615488;-18;-1011;-109
2021-12-04T11:26:55.616;536589058218295220;-26;-1009;-107
2021-12-04T11:26:55.635;536589058237974952;-30;-1012;-94
2021-12-04T11:26:55.655;536589058257654684;-42;-1013;-94
2021-12-04T11:26:55.675;536589058277334416;-44;-1021;-119
2021-12-04T11:26:55.694;536589058297014148;-44;-1007;-132
2021-12-04T11:26:55.714;536589058316693880;-37;-1002;-136
2021-12-04T11:26:55.734;536589058336373612;-24;-1012;-140
2021-12-04T11:26:55.753;536589058356053344;-25;-1015;-136
2021-12-04T11:26:55.773;536589058375733076;-11;-1025;-126
2021-12-04T11:26:55.793;536589058395412808;-1;-1026;-113
2021-12-04T11:26:55.812;536589058415092540;8;-1015;-108
2021-12-04T11:26:55.832;536589058434772272;14;-1018;-112
2021-12-04T11:26:55.852;536589058454437445;18;-1018;-110
2021-12-04T11:26:55.871;536589058474102614;15;-1018;-95
2021-12-04T11:26:55.891;536589058493767783;-2;-1024;-104
2021-12-04T11:26:55.911;536589058513432952;-3;-1024;-105
2021-12-04T11:26:55.930;536589058533098121;-14;-1012;-111
2021-12-04T11:26:55.950;536589058552763290;-27;-1016;-119
2021-12-04T11:26:55.970;536589058572428459;-32;-1010;-127
2021-12-04T11:26:55.989;536589058592093628;-38;-1013;-133
2021-12-04T11:26:56.009;536589058611758797;-13;-1007;-128
2021-12-04T11:26:56.029;536589058631423966;0;-1023;-115
2021-12-04T11:26:56.048;536589058651089135;1;-1032;-121
2021-12-04T11:26:56.068;536589058670754304;4;-1023;-123
2021-12-04T11:26:56.088;536589058690419473;7;-1019;-116
2021-12-04T11:26:56.107;536589058710084642;-2;-1014;-114
2021-12-04T11:26:56.127;536589058729749811;8;-1011;-105
2021-12-04T11:26:56.147;536589058749414980;6;-1017;-90
2021-12-04T11:26:56.166;536589058769080149;8;-1020;-83
2021-12-04T11:26:56.186;536589058788745318;14;-1029;-75
2021-12-04T11:26:56.206;536589058808410487;14;-1027;-84
2021-12-04T11:26:56.225;536589058828075656;6;-1015;-96
2021-12-04T11:26:56.245;536589058847740825;8;-1000;-98
2021-12-04T11:26:56.265;536589058867405994;23;-1005;-77
2021-12-04T11:26:56.284;536589058887071163;13;-1027;-73
2021-12-04T11:26:56.304;536589058906736332;7;-1034;-80
2021-12-04T11:26:56.324;536589058926401501;-3;-1019;-87
2021-12-04T11:26:56.343;536589058946066670;-4;-1020;-84
2021-12-04T11:26:56.363;536589058965731839;-9;-1025;-83
2021-12-04T11:26:56.383;536589058985397008;-22;-1022;-90
2021-12-04T11:26:56.402;536589059005062177;-29;-1014;-96
2021-12-04T11:26:56.422;536589059024727346;-21;-1007;-95
2021-12-04T11:26:56.442;536589059044392515;13;-1021;-88
2021-12-04T11:26:56.461;536589059064057684;27;-1034;-80
2021-12-04T11:26:56.481;536589059083722853;31;-1045;-79
2021-12-04T11:26:56.501;536589059103388022;16;-1033;-76
2021-12-04T11:26:56.520;536589059123053191;7;-1009;-82
2021-12-04T11:26:56.540;536589059142718360;-4;-1002;-76
2021-12-04T11:26:56.560;536589059162398112;-11;-994;-69
2021-12-04T11:26:56.579;536589059182077844;-6;-998;-54
2021-12-04T11:26:56.599;536589059201757576;-10;-1014;-39
2021-12-04T11:26:56.619;536589059221437308;-2;-1029;-52
2021-12-04T11:26:56.638;536589059241117040;16;-1043;-61
2021-12-04T11:26:56.658;536589059260796772;12;-1036;-63
2021-12-04T11:26:56.678;536589059280476504;7;-1008;-70
2021-12-04T11:26:56.697;536589059300156236;5;-1001;-65
2021-12-04T11:26:56.717;536589059319835968;-2;-1012;-62
2021-12-04T11:26:56.737;536589059339515700;-5;-1027;-56
2021-12-04T11:26:56.756;536589059359195432;-18;-1028;-61
2021-12-04T11:26:56.776;536589059378875164;-19;-1030;-69
2021-12-04T11:26:56.796;536589059398554896;-23;-1023;-66
2021-12-04T11:26:56.815;536589059418234628;-28;-1018;-66
2021-12-04T11:26:56.835;536589059437914360;-25;-1018;-66
2021-12-04T11:26:56.855;536589059457594092;-14;-1016;-61
2021-12-04T11:26:56.875;536589059477273824;-30;-1015;-63
2021-12-04T11:26:56.894;536589059496953556;-27;-1011;-68
2021-12-04T11:26:56.914;536589059516633288;-10;-1020;-53
2021-12-04T11:26:56.934;536589059536313020;-8;-1023;-37
2021-12-04T11:26:56.953;536589059555992752;2;-1018;-29
2021-12-04T11:26:56.973;536589059575672484;6;-1012;-21
2021-12-04T11:26:56.993;536589059595352216;0;-1008;-16
2021-12-04T11:26:57.012;536589059615031948;-13;-1007;-26
2021-12-04T11:26:57.032;536589059634711680;-8;-1015;-33
2021-12-04T11:26:57.052;536589059654391412;-23;-1017;-42
2021-12-04T11:26:57.071;536589059674071144;-27;-1012;-48
2021-12-04T11:26:57.091;536589059693750876;-19;-1015;-47
2021-12-04T11:26:57.111;536589059713430608;-14;-1015;-48
2021-12-04T11:26:57.130;536589059733110340;-20;-1019;-49
2021-12-04T11:26:57.150;536589059752790072;-37;-1019;-50
2021-12-04T11:26:57.170;536589059772469804;-48;-1001;-58
2021-12-04T11:26:57.189;536589059792149536;-33;-999;-63
2021-12-04T11:26:57.209;536589059811829268;-39;-1010;-68
2021-12-04T11:26:57.229;536589059831509000;-26;-1026;-68
2021-12-04T11:26:57.248;536589059851188732;-31;-1030;-65
2021-12-04T11:26:57.268;536589059870864119;-32;-1023;-68
2021-12-04T11:26:57.288;536589059890539482;-33;-1009;-62
2021-12-04T11:26:57.307;536589059910214845;-41;-1016;-66
2021-12-04T11:26:57.327;536589059929890208;-45;-1016;-73
2021-12-04T11:26:57.347;536589059949565571;-32;-1019;-74
2021-12-04T11:26:57.366;536589059969240934;-48;-1020;-73
2021-12-04T11:26:57.386;536589059988916297;-57;-1013;-76
2021-12-04T11:26:57.406;536589060008591660;-58;-1007;-80
2021-12-04T11:26:57.426;536589060028267023;-55;-1010;-99
2021-12-04T11:26:57.445;536589060047942386;-35;-1011;-105
2021-12-04T11:26:57.465;536589060067617749;1;-1031;-32
2021-12-04T11:26:57.485;536589060087293112;23;-1053;41
2021-12-04T11:26:57.504;536589060106968475;22;-1029;71
2021-12-04T11:26:57.524;536589060126643838;-13;-1008;20
2021-12-04T11:26:57.544;536589060146319201;1;-1035;-13
2021-12-04T11:26:57.563;536589060165994564;23;-1046;-8
2021-12-04T11:26:57.583;536589060185669927;38;-1043;-1
2021-12-04T11:26:57.603;536589060205345290;46;-1018;-44
2021-12-04T11:26:57.622;536589060225020653;72;-996;-67
2021-12-04T11:26:57.642;536589060244696016;66;-990;-72
2021-12-04T11:26:57.662;536589060264371379;47;-989;-81
2021-12-04T11:26:57.681;536589060284046742;32;-1001;-107
2021-12-04T11:26:57.701;536589060303722105;17;-1040;-120
2021-12-04T11:26:57.721;536589060323397468;-76;-1040;-178
2021-12-04T11:26:57.740;536589060343072831;-151;-1070;-226
2021-12-04T11:26:57.760;536589060362748194;-133;-1073;-264
2021-12-04T11:26:57.780;536589060382423557;-94;-1044;-279
2021-12-04T11:26:57.799;536589060402098920;-172;-990;-212
2021-12-04T11:26:57.819;536589060421774283;-185;-1051;-214
2021-12-04T11:26:57.839;536589060441449646;-138;-1127;-215
2021-12-04T11:26:57.858;536589060461125009;-94;-1081;-146
2021-12-04T11:26:57.878;536589060480800372;72;-1091;-65
2021-12-04T11:26:57.898;536589060500475735;74;-1025;-78
2021-12-04T11:26:57.917;536589060520151098;99;-1190;-3
2021-12-04T11:26:57.937;536589060539826461;149;-842;-131
2021-12-04T11:26:57.957;536589060559501824;0;-960;-29
2021-12-04T11:26:57.976;536589060579164092;-125;-986;-39
2021-12-04T11:26:57.996;536589060598826348;-155;-1063;-39
2021-12-04T11:26:58.016;536589060618488604;-140;-1168;-120
2021-12-04T11:26:58.035;536589060638150860;-66;-1237;-179
2021-12-04T11:26:58.055;536589060657813116;-4;-1240;-39
2021-12-04T11:26:58.075;536589060677475372;75;-1215;-68
2021-12-04T11:26:58.094;536589060697137628;141;-1284;-138
2021-12-04T11:26:58.114;536589060716799884;78;-1263;-150
2021-12-04T11:26:58.134;536589060736462140;18;-1260;-163
2021-12-04T11:26:58.153;536589060756124396;10;-1277;-108
2021-12-04T11:26:58.173;536589060775786652;71;-1214;-145
2021-12-04T11:26:58.193;536589060795448908;17;-1215;-141
2021-12-04T11:26:58.212;536589060815111164;-95;-1217;-79
2021-12-04T11:26:58.232;536589060834773420;-50;-1208;-111
2021-12-04T11:26:58.252;536589060854435676;50;-1201;-190
2021-12-04T11:26:58.271;536589060874097932;16;-1137;-158
2021-12-04T11:26:58.291;536589060893760188;-48;-1170;-194
2021-12-04T11:26:58.311;536589060913422444;26;-1221;-230
2021-12-04T11:26:58.330;536589060933084700;-3;-1048;-94
2021-12-04T11:26:58.350;536589060952746956;62;-1104;-175
2021-12-04T11:26:58.370;536589060972409212;109;-1208;-242
2021-12-04T11:26:58.389;536589060992071468;28;-1175;-141
2021-12-04T11:26:58.409;536589061011733724;64;-1152;-99
2021-12-04T11:26:58.429;536589061031395980;105;-1141;5
2021-12-04T11:26:58.448;536589061051058236;101;-1135;-46
2021-12-04T11:26:58.468;536589061070720492;87;-1200;-114
2021-12-04T11:26:58.488;536589061090382748;-22;-1119;-175
2021-12-04T11:26:58.507;536589061110045004;-78;-1109;-199
2021-12-04T11:26:58.527;536589061129707260;-19;-1124;-193
2021-12-04T11:26:58.547;536589061149369516;18;-1089;-145
2021-12-04T11:26:58.566;536589061169031772;67;-1072;-131
2021-12-04T11:26:58.586;536589061188694028;59;-1005;-36
2021-12-04T11:26:58.606;536589061208356284;52;-1016;-63
2021-12-04T11:26:58.625;536589061228018540;30;-1039;-149
2021-12-04T11:26:58.645;536589061247680796;-84;-971;-138
2021-12-04T11:26:58.665;536589061267343052;-80;-967;-104
2021-12-04T11:26:58.684;536589061287022804;0;-955;-49
2021-12-04T11:26:58.704;536589061306702536;66;-899;-11
2021-12-04T11:26:58.724;536589061326382268;104;-917;-42
2021-12-04T11:26:58.743;536589061346062000;25;-926;-102
2021-12-04T11:26:58.763;536589061365741732;-63;-885;-125
2021-12-04T11:26:58.783;536589061385421464;-39;-844;-91
2021-12-04T11:26:58.802;536589061405101196;-5;-831;-32
2021-12-04T11:26:58.822;536589061424780928;57;-809;21
2021-12-04T11:26:58.842;536589061444460660;68;-781;43
2021-12-04T11:26:58.861;536589061464140392;97;-752;41
2021-12-04T11:26:58.881;536589061483820124;103;-708;37
2021-12-04T11:26:58.901;536589061503499856;89;-739;43
2021-12-04T11:26:58.920;536589061523179588;81;-709;47
2021-12-04T11:26:58.940;536589061542859320;67;-738;65
2021-12-04T11:26:58.960;536589061562539052;85;-689;100
2021-12-04T11:26:58.979;536589061582218784;126;-706;127
2021-12-04T11:26:58.999;536589061601898516;141;-716;134
2021-12-04T11:26:59.019;536589061621578248;158;-744;159
2021-12-04T11:26:59.039;536589061641257980;166;-768;211
2021-12-04T11:26:59.058;536589061660937712;151;-796;222
2021-12-04T11:26:59.078;536589061680617444;157;-806;230
2021-12-04T11:26:59.098;536589061700297176;209;-844;250
2021-12-04T11:26:59.117;536589061719976908;232;-927;265
2021-12-04T11:26:59.137;536589061739656640;190;-959;268
2021-12-04T11:26:59.157;536589061759336372;204;-990;340
2021-12-04T11:26:59.176;536589061779016104;222;-944;407
2021-12-04T11:26:59.196;536589061798695836;246;-988;388
2021-12-04T11:26:59.216;536589061818375568;224;-982;320
2021-12-04T11:26:59.235;536589061838055300;222;-991;332
2021-12-04T11:26:59.255;536589061857735032;277;-953;377
2021-12-04T11:26:59.275;536589061877414764;276;-930;422
2021-12-04T11:26:59.294;536589061897094496;260;-894;391
2021-12-04T11:26:59.314;536589061916774228;258;-901;362
2021-12-04T11:26:59.334;536589061936453960;250;-913;327
2021-12-04T11:26:59.353;536589061956133692;225;-904;351
2021-12-04T11:26:59.373;536589061975813424;213;-902;375
2021-12-04T11:26:59.393;536589061995490244;202;-925;345
2021-12-04T11:26:59.412;536589062015167064;221;-900;322
2021-12-04T11:26:59.432;536589062034843884;182;-938;335
2021-12-04T11:26:59.452;536589062054520704;214;-927;368
2021-12-04T11:26:59.471;536589062074197524;237;-922;376
2021-12-04T11:26:59.491;536589062093874344;245;-889;377
2021-12-04T11:26:59.511;536589062113551164;248;-887;392
2021-12-04T11:26:59.530;536589062133227984;256;-879;407
2021-12-04T11:26:59.550;536589062152904804;258;-886;426
2021-12-04T11:26:59.570;536589062172581624;248;-891;423
2021-12-04T11:26:59.590;536589062192258444;256;-886;430
2021-12-04T11:26:59.609;536589062211935264;272;-890;438
2021-12-04T11:26:59.629;536589062231612084;259;-907;414
2021-12-04T11:26:59.649;536589062251288904;255;-899;424
2021-12-04T11:26:59.668;536589062270965724;244;-890;439
2021-12-04T11:26:59.688;536589062290642544;246;-890;412
2021-12-04T11:26:59.708;536589062310319364;249;-902;401
2021-12-04T11:26:59.727;536589062329996184;246;-888;416
2021-12-04T11:26:59.747;536589062349673004;245;-895;409
2021-12-04T11:26:59.767;536589062369349824;251;-905;384
2021-12-04T11:26:59.786;536589062389026644;246;-909;388
2021-12-04T11:26:59.806;536589062408703464;244;-905;403
2021-12-04T11:26:59.826;536589062428380284;238;-889;391
2021-12-04T11:26:59.845;536589062448057104;227;-895;387
2021-12-04T11:26:59.865;536589062467733924;212;-942;368
2021-12-04T11:26:59.885;536589062487410744;225;-928;369
2021-12-04T11:26:59.904;536589062507087564;239;-901;388
2021-12-04T11:26:59.924;536589062526764384;238;-902;415
2021-12-04T11:26:59.944;536589062546441204;247;-897;409
2021-12-04T11:26:59.963;536589062566118024;244;-895;377
2021-12-04T11:26:59.983;536589062585794844;234;-899;377
2021-12-04T11:27:00.003;536589062605471664;199;-907;379
2021-12-04T11:27:00.022;536589062625148484;207;-905;356
2021-12-04T11:27:00.042;536589062644825304;231;-910;353
2021-12-04T11:27:00.062;536589062664502124;217;-902;352
2021-12-04T11:27:00.081;536589062684178944;215;-899;344
2021-12-04T11:27:00.101;536589062703854327;220;-902;323
2021-12-04T11:27:00.121;536589062723529690;236;-898;312
2021-12-04T11:27:00.140;536589062743205053;222;-892;302
2021-12-04T11:27:00.160;536589062762880416;138;-907;248
2021-12-04T11:27:00.180;536589062782555779;114;-931;221
2021-12-04T11:27:00.199;536589062802231142;115;-898;231
2021-12-04T11:27:00.219;536589062821906505;117;-904;225
2021-12-04T11:27:00.239;536589062841581868;115;-896;191
2021-12-04T11:27:00.259;536589062861257231;108;-895;168
2021-12-04T11:27:00.278;536589062880932594;93;-899;161
2021-12-04T11:27:00.298;536589062900607957;119;-893;149
2021-12-04T11:27:00.318;536589062920283320;135;-884;128
2021-12-04T11:27:00.337;536589062939958683;147;-896;103
2021-12-04T11:27:00.357;536589062959634046;140;-900;99
2021-12-04T11:27:00.377;536589062979309409;128;-887;114
2021-12-04T11:27:00.396;536589062998984772;133;-896;110
2021-12-04T11:27:00.416;536589063018660135;137;-911;92
2021-12-04T11:27:00.436;536589063038335498;116;-901;62
2021-12-04T11:27:00.455;536589063058010861;114;-897;56
2021-12-04T11:27:00.475;536589063077686224;52;-948;22
2021-12-04T11:27:00.495;536589063097361587;38;-954;-38
2021-12-04T11:27:00.514;536589063117036950;61;-981;-19
2021-12-04T11:27:00.534;536589063136712313;36;-970;-6
2021-12-04T11:27:00.554;536589063156387676;14;-975;-22
2021-12-04T11:27:00.573;536589063176063039;37;-972;-6
2021-12-04T11:27:00.593;536589063195738402;63;-971;8
2021-12-04T11:27:00.613;536589063215413765;61;-988;8
2021-12-04T11:27:00.632;536589063235089128;98;-982;0
2021-12-04T11:27:00.652;536589063254764491;114;-992;28
2021-12-04T11:27:00.672;536589063274439854;114;-990;37
2021-12-04T11:27:00.691;536589063294115217;75;-994;27
2021-12-04T11:27:00.711;536589063313790580;45;-999;19
2021-12-04T11:27:00.731;536589063333465943;72;-1016;6
2021-12-04T11:27:00.750;536589063353141306;54;-1032;-10
2021-12-04T11:27:00.770;536589063372816669;94;-1001;4
2021-12-04T11:27:00.790;536589063392492032;148;-995;52
2021-12-04T11:27:00.809;536589063412171784;142;-990;14
2021-12-04T11:27:00.829;536589063431851516;93;-1001;-19
2021-12-04T11:27:00.849;536589063451531248;20;-1043;6
2021-12-04T11:27:00.868;536589063471210980;-4;-977;-172
2021-12-04T11:27:00.888;536589063490890712;109;-1117;68
2021-12-04T11:27:00.908;536589063510570444;0;-875;-32
2021-12-04T11:27:00.928;536589063530250176;183;-1029;41
2021-12-04T11:27:00.947;536589063549929908;97;-950;-40
2021-12-04T11:27:00.967;536589063569609640;95;-1001;-6
2021-12-04T11:27:00.987;536589063589289372;33;-982;4
2021-12-04T11:27:01.006;536589063608969104;48;-991;45
2021-12-04T11:27:01.026;536589063628648836;88;-987;46
2021-12-04T11:27:01.046;536589063648328568;128;-998;15
2021-12-04T11:27:01.065;536589063668008300;156;-994;16
2021-12-04T11:27:01.085;536589063687688032;147;-1018;79
2021-12-04T11:27:01.105;536589063707367764;120;-1024;78
2021-12-04T11:27:01.124;536589063727047496;60;-1046;76
2021-12-04T11:27:01.144;536589063746727228;107;-1038;7
2021-12-04T11:27:01.164;536589063766406960;128;-1058;63
2021-12-04T11:27:01.183;536589063786086692;-197;-1394;213
2021-12-04T11:27:01.203;536589063805766424;83;-1472;261
2021-12-04T11:27:01.223;536589063825446156;248;-1055;84
2021-12-04T11:27:01.242;536589063845125888;236;-866;-56
2021-12-04T11:27:01.262;536589063864805620;92;-669;-201
2021-12-04T11:27:01.282;536589063884485352;174;-1275;-84
2021-12-04T11:27:01.301;536589063904165084;172;-1059;-75
2021-12-04T11:27:01.321;536589063923844816;203;-1250;7
2021-12-04T11:27:01.341;536589063943524548;137;-1241;28
2021-12-04T11:27:01.360;536589063963204280;227;-1190;53
2021-12-04T11:27:01.380;536589063982884012;51;-1124;130
2021-12-04T11:27:01.400;536589064002563744;232;-1088;56
2021-12-04T11:27:01.419;536589064022243476;174;-1128;36
2021-12-04T11:27:01.439;536589064041923208;107;-1046;-17
2021-12-04T11:27:01.459;536589064061602940;87;-1090;2
2021-12-04T11:27:01.479;536589064081282672;110;-1062;10
2021-12-04T11:27:01.498;536589064100962404;163;-1001;25
