Phone timestamp;sensor timestamp [ns];X [mg];Y [mg];Z [mg]
2021-11-13T11:43:06.810;536844988633119951;217;-1008;175
2021-11-13T11:43:06.829;536844988652852112;212;-1013;174
2021-11-13T11:43:06.849;536844988672584273;258;-987;172
2021-11-13T11:43:06.869;536844988692316434;252;-997;154
2021-11-13T11:43:06.888;536844988712048595;264;-961;143
2021-11-13T11:43:06.908;536844988731780756;194;-991;162
2021-11-13T11:43:06.928;536844988751512917;91;-958;163
2021-11-13T11:43:06.948;536844988771245078;74;-946;157
2021-11-13T11:43:06.967;536844988790977239;45;-942;156
2021-11-13T11:43:06.987;536844988810709400;84;-936;129
2021-11-13T11:43:07.007;536844988830441561;183;-886;109
2021-11-13T11:43:07.027;536844988850173722;130;-898;81
2021-11-13T11:43:07.046;536844988869905883;143;-859;117
2021-11-13T11:43:07.066;536844988889638044;20;-889;165
2021-11-13T11:43:07.086;536844988909370205;-46;-917;178
2021-11-13T11:43:07.105;536844988929102366;-34;-901;148
2021-11-13T11:43:07.125;536844988948834527;20;-884;120
2021-11-13T11:43:07.145;536844988968566688;103;-885;93
2021-11-13T11:43:07.165;536844988988298849;84;-930;96
2021-11-13T11:43:07.184;536844989008031010;38;-929;106
2021-11-13T11:43:07.204;536844989027763171;35;-930;126
2021-11-13T11:43:07.224;536844989047495332;-48;-976;117
2021-11-13T11:43:07.244;536844989067227493;-49;-1028;93
2021-11-13T11:43:07.263;536844989086959654;5;-962;117
2021-11-13T11:43:07.283;536844989106691815;-5;-989;107
2021-11-13T11:43:07.303;536844989126423976;-65;-1059;97
2021-11-13T11:43:07.323;536844989146156137;58;-1014;127
2021-11-13T11:43:07.342;536844989165888298;97;-1075;142
2021-11-13T11:43:07.362;536844989185620459;93;-1087;141
2021-11-13T11:43:07.382;536844989205352620;87;-1037;113
2021-11-13T11:43:07.401;536844989225084781;3;-1095;118
2021-11-13T11:43:07.421;536844989244816942;37;-919;100
2021-11-13T11:43:07.441;536844989264549103;38;-1239;96
2021-11-13T11:43:07.461;536844989284281264;-61;-1152;108
2021-11-13T11:43:07.480;536844989304013425;35;-943;95
2021-11-13T11:43:07.500;536844989323745586;231;-877;88
2021-11-13T11:43:07.520;536844989343477763;224;-1054;150
2021-11-13T11:43:07.540;536844989363209924;-122;-1006;60
2021-11-13T11:43:07.559;536844989382942085;97;-1137;116
2021-11-13T11:43:07.579;536844989402674246;-213;-1095;71
2021-11-13T11:43:07.599;536844989422406407;-110;-1025;95
2021-11-13T11:43:07.619;536844989442138568;26;-1072;97
2021-11-13T11:43:07.638;536844989461870729;99;-1027;42
2021-11-13T11:43:07.658;536844989481602890;560;-1111;218
2021-11-13T11:43:07.678;536844989501335051;-335;-1025;-105
2021-11-13T11:43:07.697;536844989521067212;-67;-1158;167
2021-11-13T11:43:07.717;536844989540799373;97;-1335;423
2021-11-13T11:43:07.737;536844989560531534;-6;-1235;224
2021-11-13T11:43:07.757;536844989580263695;342;-1110;-49
2021-11-13T11:43:07.776;536844989599995856;599;-837;-81
2021-11-13T11:43:07.796;536844989619728017;142;-965;-42
2021-11-13T11:43:07.816;536844989639460178;-109;-1153;-35
2021-11-13T11:43:07.836;536844989659192339;34;-1139;-16
2021-11-13T11:43:07.855;536844989678924500;254;-1091;1
2021-11-13T11:43:07.875;536844989698656661;134;-1073;-44
2021-11-13T11:43:07.895;536844989718388822;-21;-1249;92
2021-11-13T11:43:07.915;536844989738120983;106;-1003;35
2021-11-13T11:43:07.934;536844989757853144;187;-1124;-5
2021-11-13T11:43:07.954;536844989777585305;37;-1220;-40
2021-11-13T11:43:07.974;536844989797317466;173;-1029;-49
2021-11-13T11:43:07.993;536844989817049627;201;-1079;-70
2021-11-13T11:43:08.013;536844989836781788;211;-1043;-88
2021-11-13T11:43:08.033;536844989856513949;41;-1220;-35
2021-11-13T11:43:08.053;536844989876246110;39;-1114;-31
2021-11-13T11:43:08.072;536844989895978271;148;-1073;10
2021-11-13T11:43:08.092;536844989915710432;-123;-1434;-178
2021-11-13T11:43:08.112;536844989935442593;-465;-2635;154
2021-11-13T11:43:08.132;536844989955174754;350;-855;300
2021-11-13T11:43:08.151;536844989974906915;983;-260;-174
2021-11-13T11:43:08.171;536844989994639076;-229;-1598;81
2021-11-13T11:43:08.191;536844990014371237;555;-610;5
2021-11-13T11:43:08.210;536844990034103398;-278;-1053;-188
2021-11-13T11:43:08.230;536844990053841410;-160;-1307;-21
2021-11-13T11:43:08.250;536844990073579396;-16;-1138;-140
2021-11-13T11:43:08.270;536844990093317382;-300;-1720;130
2021-11-13T11:43:08.289;536844990113055368;97;-702;224
2021-11-13T11:43:08.309;536844990132793354;605;-882;-168
2021-11-13T11:43:08.329;536844990152531340;230;-1454;57
2021-11-13T11:43:08.349;536844990172269326;509;-935;-145
2021-11-13T11:43:08.368;536844990192007312;-213;-1096;-153
2021-11-13T11:43:08.388;536844990211745298;66;-954;-83
2021-11-13T11:43:08.408;536844990231483284;-58;-1162;15
2021-11-13T11:43:08.428;536844990251221270;153;-961;64
2021-11-13T11:43:08.447;536844990270959256;113;-1115;51
2021-11-13T11:43:08.467;536844990290697242;147;-1095;88
2021-11-13T11:43:08.487;536844990310435228;170;-979;2
2021-11-13T11:43:08.507;536844990330173214;80;-1094;-4
2021-11-13T11:43:08.526;536844990349911200;94;-1040;-43
2021-11-13T11:43:08.546;536844990369649186;72;-1100;-26
2021-11-13T11:43:08.566;536844990389387172;105;-1036;-32
2021-11-13T11:43:08.586;536844990409125158;115;-1038;-26
2021-11-13T11:43:08.605;536844990428863144;148;-1032;-40
2021-11-13T11:43:08.625;536844990448601130;153;-1014;-37
2021-11-13T11:43:08.645;536844990468339116;67;-1052;-18
2021-11-13T11:43:08.664;536844990488077102;0;-1097;-16
2021-11-13T11:43:08.684;536844990507815088;-78;-1200;-6
2021-11-13T11:43:08.704;536844990527553074;114;-1213;105
2021-11-13T11:43:08.724;536844990547291060;111;-1065;70
2021-11-13T11:43:08.743;536844990567029046;-116;-1165;62
2021-11-13T11:43:08.763;536844990586767032;107;-1025;15
2021-11-13T11:43:08.783;536844990606505018;64;-1010;-72
2021-11-13T11:43:08.803;536844990626243004;335;-872;-220
2021-11-13T11:43:08.822;536844990645980990;225;-902;-281
2021-11-13T11:43:08.842;536844990665718976;114;-1007;-128
2021-11-13T11:43:08.862;536844990685456962;-9;-1010;-8
2021-11-13T11:43:08.882;536844990705194948;-282;-1182;171
2021-11-13T11:43:08.901;536844990724932934;-56;-1063;164
2021-11-13T11:43:08.921;536844990744670920;119;-1032;44
2021-11-13T11:43:08.941;536844990764422018;-74;-1249;-47
2021-11-13T11:43:08.961;536844990784173112;14;-1041;54
2021-11-13T11:43:08.980;536844990803924206;252;-1049;-35
2021-11-13T11:43:09.000;536844990823675300;41;-1179;11
2021-11-13T11:43:09.020;536844990843426394;267;-1011;-47
2021-11-13T11:43:09.040;536844990863177488;86;-1149;-44
2021-11-13T11:43:09.059;536844990882928582;114;-1280;34
2021-11-13T11:43:09.079;536844990902679676;-60;-1292;186
2021-11-13T11:43:09.099;536844990922430770;-90;-885;65
2021-11-13T11:43:09.119;536844990942181864;-115;-1000;3
2021-11-13T11:43:09.138;536844990961932958;5;-1030;24
2021-11-13T11:43:09.158;536844990981684052;-90;-1129;-73
2021-11-13T11:43:09.178;536844991001435146;-269;-1297;-25
2021-11-13T11:43:09.198;536844991021186240;-161;-1211;-57
2021-11-13T11:43:09.217;536844991040937334;-75;-1337;-3
2021-11-13T11:43:09.237;536844991060688428;-7;-1305;31
2021-11-13T11:43:09.257;536844991080439522;198;-1275;89
2021-11-13T11:43:09.277;536844991100190616;135;-1206;78
2021-11-13T11:43:09.296;536844991119941710;-105;-1327;80
2021-11-13T11:43:09.316;536844991139692804;-85;-1296;70
2021-11-13T11:43:09.336;536844991159443898;-33;-1202;42
2021-11-13T11:43:09.356;536844991179194992;48;-1306;17
2021-11-13T11:43:09.375;536844991198946086;-45;-1284;9
2021-11-13T11:43:09.395;536844991218697180;-10;-1207;14
2021-11-13T11:43:09.415;536844991238448274;80;-1178;-4
2021-11-13T11:43:09.435;536844991258199368;-25;-1245;21
2021-11-13T11:43:09.454;536844991277950462;-89;-1279;37
2021-11-13T11:43:09.474;536844991297701556;-6;-1168;92
2021-11-13T11:43:09.494;536844991317452650;-27;-1278;43
2021-11-13T11:43:09.514;536844991337203744;-24;-1258;26
2021-11-13T11:43:09.533;536844991356954838;-197;-1182;0
2021-11-13T11:43:09.553;536844991376705932;-39;-1101;6
2021-11-13T11:43:09.573;536844991396457026;-110;-1253;-24
2021-11-13T11:43:09.593;536844991416208120;107;-1126;53
2021-11-13T11:43:09.612;536844991435959214;-184;-1438;59
2021-11-13T11:43:09.632;536844991455710308;279;-800;81
2021-11-13T11:43:09.652;536844991475475983;-299;-1413;-70
2021-11-13T11:43:09.672;536844991495241640;-231;-1091;55
2021-11-13T11:43:09.691;536844991515007297;-274;-1131;-101
2021-11-13T11:43:09.711;536844991534772954;66;-1148;35
2021-11-13T11:43:09.731;536844991554538611;42;-1006;6
2021-11-13T11:43:09.751;536844991574304268;2;-1157;117
2021-11-13T11:43:09.770;536844991594069925;-98;-981;23
2021-11-13T11:43:09.790;536844991613835582;-136;-1077;-2
2021-11-13T11:43:09.810;536844991633601239;-80;-943;19
2021-11-13T11:43:09.830;536844991653366896;-53;-1009;27
2021-11-13T11:43:09.850;536844991673132553;71;-789;41
2021-11-13T11:43:09.869;536844991692898210;59;-771;15
2021-11-13T11:43:09.889;536844991712663867;17;-725;15
2021-11-13T11:43:09.909;536844991732429524;-28;-645;39
2021-11-13T11:43:09.929;536844991752195181;-86;-568;70
2021-11-13T11:43:09.948;536844991771960838;-157;-540;42
2021-11-13T11:43:09.968;536844991791726495;-76;-548;81
2021-11-13T11:43:09.988;536844991811492152;18;-560;83
2021-11-13T11:43:10.008;536844991831257809;153;-613;78
2021-11-13T11:43:10.027;536844991851023466;271;-643;95
2021-11-13T11:43:10.047;536844991870789123;358;-728;137
2021-11-13T11:43:10.067;536844991890554780;257;-829;169
2021-11-13T11:43:10.087;536844991910320437;204;-855;109
2021-11-13T11:43:10.106;536844991930086094;397;-840;150
2021-11-13T11:43:10.126;536844991949851751;269;-1063;204
2021-11-13T11:43:10.146;536844991969617408;310;-1082;229
2021-11-13T11:43:10.166;536844991989383065;334;-1060;181
2021-11-13T11:43:10.186;536844992009148722;263;-1050;125
2021-11-13T11:43:10.205;536844992028914379;219;-1064;122
2021-11-13T11:43:10.225;536844992048680036;182;-1027;155
2021-11-13T11:43:10.245;536844992068445693;211;-1003;167
2021-11-13T11:43:10.265;536844992088211350;259;-1078;148
2021-11-13T11:43:10.284;536844992107977007;277;-1011;174
2021-11-13T11:43:10.304;536844992127742664;289;-981;142
2021-11-13T11:43:10.324;536844992147508321;248;-964;125
2021-11-13T11:43:10.344;536844992167273978;248;-971;161
2021-11-13T11:43:10.363;536844992187032385;286;-977;139
2021-11-13T11:43:10.383;536844992206790760;260;-1000;118
2021-11-13T11:43:10.403;536844992226549135;251;-1039;169
2021-11-13T11:43:10.423;536844992246307510;285;-1020;165
2021-11-13T11:43:10.442;536844992266065885;280;-1056;148
2021-11-13T11:43:10.462;536844992285824260;273;-1071;166
2021-11-13T11:43:10.482;536844992305582635;306;-1032;175
2021-11-13T11:43:10.502;536844992325341010;278;-1028;161
2021-11-13T11:43:10.521;536844992345099385;275;-999;148
2021-11-13T11:43:10.541;536844992364857760;274;-999;120
2021-11-13T11:43:10.561;536844992384616135;262;-996;147
2021-11-13T11:43:10.581;536844992404374510;260;-1002;155
2021-11-13T11:43:10.601;536844992424132885;233;-1035;143
2021-11-13T11:43:10.620;536844992443891260;264;-1018;165
2021-11-13T11:43:10.640;536844992463649635;247;-1024;169
2021-11-13T11:43:10.660;536844992483408010;264;-1006;153
2021-11-13T11:43:10.680;536844992503166385;274;-1028;137
2021-11-13T11:43:10.699;536844992522924760;278;-1045;139
2021-11-13T11:43:10.719;536844992542683135;266;-1020;155
2021-11-13T11:43:10.739;536844992562441510;247;-1045;163
2021-11-13T11:43:10.759;536844992582199885;227;-1043;159
2021-11-13T11:43:10.778;536844992601958260;268;-1014;138
2021-11-13T11:43:10.798;536844992621716635;238;-1009;133
2021-11-13T11:43:10.818;536844992641475010;223;-1016;151
2021-11-13T11:43:10.838;536844992661233385;232;-1013;136
2021-11-13T11:43:10.857;536844992680991760;222;-1015;141
2021-11-13T11:43:10.877;536844992700750135;253;-1018;160
2021-11-13T11:43:10.897;536844992720508510;236;-1026;152
2021-11-13T11:43:10.917;536844992740266885;280;-1011;169
2021-11-13T11:43:10.936;536844992760025260;236;-1009;146
2021-11-13T11:43:10.956;536844992779783635;243;-1013;151
2021-11-13T11:43:10.976;536844992799542010;248;-1004;152
2021-11-13T11:43:10.996;536844992819300385;265;-999;156
2021-11-13T11:43:11.015;536844992839058760;267;-1006;151
2021-11-13T11:43:11.035;536844992858817135;244;-998;157
2021-11-13T11:43:11.055;536844992878575510;192;-1000;158
2021-11-13T11:43:11.075;536844992898333917;219;-967;128
2021-11-13T11:43:11.094;536844992918092292;182;-992;131
2021-11-13T11:43:11.114;536844992937850667;181;-972;137
2021-11-13T11:43:11.134;536844992957609042;171;-957;121
2021-11-13T11:43:11.154;536844992977367417;129;-950;120
2021-11-13T11:43:11.174;536844992997125792;171;-927;139
2021-11-13T11:43:11.193;536844993016884167;93;-909;124
2021-11-13T11:43:11.213;536844993036642542;105;-875;132
2021-11-13T11:43:11.233;536844993056400917;83;-827;122
2021-11-13T11:43:11.253;536844993076159292;61;-879;112
2021-11-13T11:43:11.272;536844993095917667;80;-831;104
2021-11-13T11:43:11.292;536844993115676042;87;-825;96
2021-11-13T11:43:11.312;536844993135434417;50;-832;92
2021-11-13T11:43:11.332;536844993155192792;37;-887;127
2021-11-13T11:43:11.351;536844993174951167;25;-907;119
2021-11-13T11:43:11.371;536844993194709542;-23;-982;89
2021-11-13T11:43:11.391;536844993214467917;38;-943;84
2021-11-13T11:43:11.411;536844993234226292;116;-911;101
2021-11-13T11:43:11.430;536844993253984667;146;-975;104
2021-11-13T11:43:11.450;536844993273743042;8;-1011;66
2021-11-13T11:43:11.470;536844993293501417;-41;-1044;28
2021-11-13T11:43:11.490;536844993313259792;-53;-1042;86
2021-11-13T11:43:11.509;536844993333018167;-21;-1021;113
2021-11-13T11:43:11.529;536844993352776542;104;-1012;133
2021-11-13T11:43:11.549;536844993372534917;49;-1055;120
2021-11-13T11:43:11.569;536844993392293292;19;-1014;98
2021-11-13T11:43:11.588;536844993412051667;-198;-1063;92
2021-11-13T11:43:11.608;536844993431810042;-170;-889;52
2021-11-13T11:43:11.628;536844993451568417;80;-1177;66
2021-11-13T11:43:11.648;536844993471326792;-57;-795;24
2021-11-13T11:43:11.667;536844993491085167;236;-965;46
2021-11-13T11:43:11.687;536844993510843542;-2;-1054;100
2021-11-13T11:43:11.707;536844993530601917;-94;-1012;29
2021-11-13T11:43:11.727;536844993550360292;10;-1029;82
2021-11-13T11:43:11.746;536844993570118667;-171;-1031;92
2021-11-13T11:43:11.766;536844993589877042;190;-1053;57
2021-11-13T11:43:11.786;536844993609629606;174;-1068;34
2021-11-13T11:43:11.806;536844993629382156;149;-1146;85
2021-11-13T11:43:11.826;536844993649134706;-232;-1220;49
2021-11-13T11:43:11.845;536844993668887256;-161;-1426;789
2021-11-13T11:43:11.865;536844993688639806;-261;-1237;220
2021-11-13T11:43:11.885;536844993708392356;362;-1169;-350
2021-11-13T11:43:11.905;536844993728144906;682;-708;-117
2021-11-13T11:43:11.924;536844993747897456;40;-1117;73
2021-11-13T11:43:11.944;536844993767650006;-164;-1092;-87
2021-11-13T11:43:11.964;536844993787402556;33;-1156;-10
2021-11-13T11:43:11.984;536844993807155106;381;-874;-53
2021-11-13T11:43:12.003;536844993826907656;-54;-1328;90
2021-11-13T11:43:12.023;536844993846660206;-93;-1244;95
2021-11-13T11:43:12.043;536844993866412756;-56;-1144;26
2021-11-13T11:43:12.063;536844993886165306;-114;-1135;87
2021-11-13T11:43:12.082;536844993905917856;-8;-1028;43
2021-11-13T11:43:12.102;536844993925670406;120;-1052;156
2021-11-13T11:43:12.122;536844993945422956;-126;-1221;27
2021-11-13T11:43:12.142;536844993965175506;51;-1176;73
2021-11-13T11:43:12.161;536844993984928056;-84;-1163;-27
2021-11-13T11:43:12.181;536844994004680606;179;-1385;-212
2021-11-13T11:43:12.201;536844994024433156;-705;-2698;-8
2021-11-13T11:43:12.221;536844994044185706;733;-641;350
2021-11-13T11:43:12.240;536844994063938256;1056;-647;-186
2021-11-13T11:43:12.260;536844994083690806;-1383;-2680;3
2021-11-13T11:43:12.280;536844994103443356;1521;189;171
2021-11-13T11:43:12.300;536844994123195906;-120;-951;-512
2021-11-13T11:43:12.319;536844994142948456;-424;-2243;351
2021-11-13T11:43:12.339;536844994162701006;1066;-122;-106
2021-11-13T11:43:12.359;536844994182453556;3;-1561;97
2021-11-13T11:43:12.379;536844994202206106;-100;-1157;243
2021-11-13T11:43:12.398;536844994221958656;261;-703;84
2021-11-13T11:43:12.418;536844994241711206;-335;-1348;125
2021-11-13T11:43:12.438;536844994261463756;202;-906;166
2021-11-13T11:43:12.458;536844994281216306;-178;-985;15
2021-11-13T11:43:12.477;536844994300968856;92;-1102;83
2021-11-13T11:43:12.497;536844994320724324;133;-972;15
2021-11-13T11:43:12.517;536844994340479787;103;-1074;32
2021-11-13T11:43:12.537;536844994360235250;-81;-1174;19
2021-11-13T11:43:12.556;536844994379990713;-126;-1128;74
2021-11-13T11:43:12.576;536844994399746176;5;-957;-4
2021-11-13T11:43:12.596;536844994419501639;41;-981;-13
2021-11-13T11:43:12.616;536844994439257102;61;-981;-3
2021-11-13T11:43:12.635;536844994459012565;-80;-1040;14
2021-11-13T11:43:12.655;536844994478768028;-117;-1093;-9
2021-11-13T11:43:12.675;536844994498523491;-110;-1135;15
2021-11-13T11:43:12.695;536844994518278954;0;-1069;51
2021-11-13T11:43:12.714;536844994538034417;51;-1115;67
2021-11-13T11:43:12.734;536844994557789880;-35;-1071;84
2021-11-13T11:43:12.754;536844994577545343;-75;-1139;27
2021-11-13T11:43:12.774;536844994597300806;42;-1090;-1
2021-11-13T11:43:12.793;536844994617056269;-15;-1017;-21
2021-11-13T11:43:12.813;536844994636811732;-58;-1051;-47
2021-11-13T11:43:12.833;536844994656567195;-52;-1059;-60
2021-11-13T11:43:12.853;536844994676322658;-22;-1038;-96
2021-11-13T11:43:12.872;536844994696078121;42;-1032;-133
2021-11-13T11:43:12.892;536844994715833584;53;-1014;-156
2021-11-13T11:43:12.912;536844994735589047;31;-1020;-132
2021-11-13T11:43:12.932;536844994755344510;-52;-1072;-59
2021-11-13T11:43:12.951;536844994775099973;-51;-1042;27
2021-11-13T11:43:12.971;536844994794855436;-74;-1090;52
2021-11-13T11:43:12.991;536844994814610899;-63;-1131;85
2021-11-13T11:43:13.011;536844994834366362;-1;-1135;43
2021-11-13T11:43:13.031;536844994854121825;44;-1082;-13
2021-11-13T11:43:13.050;536844994873877288;60;-1084;-30
2021-11-13T11:43:13.070;536844994893632751;43;-1068;-74
2021-11-13T11:43:13.090;536844994913388214;20;-1092;-92
2021-11-13T11:43:13.110;536844994933143677;-32;-1092;-117
2021-11-13T11:43:13.129;536844994952899140;-85;-1077;-122
2021-11-13T11:43:13.149;536844994972654603;-126;-1120;-82
2021-11-13T11:43:13.169;536844994992410066;-74;-1147;-28
2021-11-13T11:43:13.189;536844995012165529;65;-1120;60
2021-11-13T11:43:13.208;536844995031923930;212;-1118;166
2021-11-13T11:43:13.228;536844995051682305;235;-950;104
2021-11-13T11:43:13.248;536844995071440680;173;-970;0
2021-11-13T11:43:13.268;536844995091199055;-126;-1357;60
2021-11-13T11:43:13.287;536844995110957430;-53;-899;8
2021-11-13T11:43:13.307;536844995130715805;135;-948;-22
2021-11-13T11:43:13.327;536844995150474180;-50;-1150;36
2021-11-13T11:43:13.347;536844995170232555;127;-1154;1
2021-11-13T11:43:13.366;536844995189990930;76;-1188;-19
2021-11-13T11:43:13.386;536844995209749305;-270;-1431;92
2021-11-13T11:43:13.406;536844995229507680;-73;-1233;19
2021-11-13T11:43:13.426;536844995249266055;-1;-1347;85
2021-11-13T11:43:13.445;536844995269024430;-47;-1279;116
2021-11-13T11:43:13.465;536844995288782805;65;-1372;38
2021-11-13T11:43:13.485;536844995308541180;-42;-1358;35
2021-11-13T11:43:13.505;536844995328299555;42;-1272;75
2021-11-13T11:43:13.524;536844995348057930;101;-1100;24
2021-11-13T11:43:13.544;536844995367816305;3;-1240;-25
2021-11-13T11:43:13.564;536844995387574680;5;-1309;73
2021-11-13T11:43:13.584;536844995407333055;171;-1127;47
2021-11-13T11:43:13.603;536844995427091430;-82;-1311;28
2021-11-13T11:43:13.623;536844995446849805;-171;-1280;93
2021-11-13T11:43:13.643;536844995466608180;5;-1171;15
2021-11-13T11:43:13.663;536844995486366555;-39;-1280;-34
2021-11-13T11:43:13.683;536844995506124930;-162;-1251;6
2021-11-13T11:43:13.702;536844995525883305;57;-1292;52
2021-11-13T11:43:13.722;536844995545641680;145;-1224;55
2021-11-13T11:43:13.742;536844995565400055;-9;-1223;8
2021-11-13T11:43:13.762;536844995585158430;-120;-1254;62
2021-11-13T11:43:13.781;536844995604916805;-117;-1250;75
2021-11-13T11:43:13.801;536844995624675180;-27;-1220;9
2021-11-13T11:43:13.821;536844995644433555;69;-1141;6
2021-11-13T11:43:13.841;536844995664191930;35;-1194;20
2021-11-13T11:43:13.860;536844995683950305;10;-1118;20
2021-11-13T11:43:13.880;536844995703708680;-91;-1099;37
2021-11-13T11:43:13.900;536844995723467055;-278;-1023;41
2021-11-13T11:43:13.920;536844995743225462;-340;-1104;61
2021-11-13T11:43:13.939;536844995762983837;86;-881;-2
2021-11-13T11:43:13.959;536844995782742212;191;-788;-74
2021-11-13T11:43:13.979;536844995802500587;19;-890;-32
2021-11-13T11:43:13.999;536844995822258962;-101;-879;78
2021-11-13T11:43:14.018;536844995842017337;-93;-792;112
2021-11-13T11:43:14.038;536844995861775712;-13;-723;39
2021-11-13T11:43:14.058;536844995881534087;-3;-708;-25
2021-11-13T11:43:14.078;536844995901292462;49;-694;-20
2021-11-13T11:43:14.097;536844995921050837;53;-636;58
2021-11-13T11:43:14.117;536844995940809212;-24;-693;93
2021-11-13T11:43:14.137;536844995960567587;-22;-718;131
2021-11-13T11:43:14.157;536844995980325962;-63;-673;104
2021-11-13T11:43:14.176;536844996000084337;103;-618;64
2021-11-13T11:43:14.196;536844996019842712;261;-713;65
2021-11-13T11:43:14.216;536844996039601087;217;-861;151
2021-11-13T11:43:14.236;536844996059359462;191;-842;157
2021-11-13T11:43:14.255;536844996079117837;201;-884;114
2021-11-13T11:43:14.275;536844996098876212;121;-914;165
2021-11-13T11:43:14.295;536844996118634587;265;-880;113
2021-11-13T11:43:14.315;536844996138392962;292;-967;95
2021-11-13T11:43:14.335;536844996158151337;120;-1057;155
2021-11-13T11:43:14.354;536844996177909712;169;-1014;212
2021-11-13T11:43:14.374;536844996197668087;233;-1018;161
2021-11-13T11:43:14.394;536844996217426462;224;-1074;127
2021-11-13T11:43:14.414;536844996237184837;241;-1035;115
2021-11-13T11:43:14.433;536844996256943212;250;-1071;135
2021-11-13T11:43:14.453;536844996276701587;206;-1099;153
2021-11-13T11:43:14.473;536844996296459962;240;-1105;157
2021-11-13T11:43:14.493;536844996316218337;264;-1014;140
2021-11-13T11:43:14.512;536844996335976712;205;-1033;143
2021-11-13T11:43:14.532;536844996355735087;212;-1012;144
2021-11-13T11:43:14.552;536844996375493462;267;-967;127
2021-11-13T11:43:14.572;536844996395251837;232;-988;137
2021-11-13T11:43:14.591;536844996415010212;284;-985;169
2021-11-13T11:43:14.611;536844996434768587;296;-1004;170
2021-11-13T11:43:14.631;536844996454519714;277;-1009;154
2021-11-13T11:43:14.651;536844996474270807;241;-1000;164
2021-11-13T11:43:14.670;536844996494021900;239;-1010;143
2021-11-13T11:43:14.690;536844996513772993;259;-1024;155
2021-11-13T11:43:14.710;536844996533524086;287;-1035;159
2021-11-13T11:43:14.730;536844996553275179;278;-1037;153
2021-11-13T11:43:14.749;536844996573026272;288;-1042;145
2021-11-13T11:43:14.769;536844996592777365;254;-1021;144
2021-11-13T11:43:14.789;536844996612528458;263;-1008;163
2021-11-13T11:43:14.809;536844996632279551;310;-992;138
2021-11-13T11:43:14.828;536844996652030644;326;-1009;131
2021-11-13T11:43:14.848;536844996671781737;277;-1008;155
2021-11-13T11:43:14.868;536844996691532830;256;-1005;158
2021-11-13T11:43:14.888;536844996711283923;216;-1002;126
2021-11-13T11:43:14.907;536844996731035016;212;-1013;140
2021-11-13T11:43:14.927;536844996750786109;228;-1019;161
2021-11-13T11:43:14.947;536844996770537202;227;-1031;136
2021-11-13T11:43:14.967;536844996790288295;232;-1049;138
2021-11-13T11:43:14.986;536844996810039388;248;-1037;159
2021-11-13T11:43:15.006;536844996829790481;268;-1015;158
2021-11-13T11:43:15.026;536844996849541574;262;-1033;142
2021-11-13T11:43:15.046;536844996869292667;245;-1019;168
2021-11-13T11:43:15.065;536844996889043760;246;-1012;162
2021-11-13T11:43:15.085;536844996908794853;224;-1013;146
2021-11-13T11:43:15.105;536844996928545946;244;-990;144
2021-11-13T11:43:15.125;536844996948297039;239;-1010;153
2021-11-13T11:43:15.144;536844996968048132;232;-1021;159
2021-11-13T11:43:15.164;536844996987799225;239;-1011;156
2021-11-13T11:43:15.184;536844997007550318;239;-1019;153
2021-11-13T11:43:15.204;536844997027301411;235;-1011;149
2021-11-13T11:43:15.223;536844997047052504;219;-1009;145
2021-11-13T11:43:15.243;536844997066803597;215;-1013;153
2021-11-13T11:43:15.263;536844997086554690;245;-1004;158
2021-11-13T11:43:15.283;536844997106305783;228;-1017;156
2021-11-13T11:43:15.302;536844997126056876;189;-1009;153
2021-11-13T11:43:15.322;536844997145807969;216;-969;139
2021-11-13T11:43:15.342;536844997165566376;197;-990;141
2021-11-13T11:43:15.362;536844997185324751;141;-993;150
2021-11-13T11:43:15.381;536844997205083126;143;-978;137
2021-11-13T11:43:15.401;536844997224841501;145;-934;116
2021-11-13T11:43:15.421;536844997244599876;151;-933;120
2021-11-13T11:43:15.441;536844997264358251;122;-935;133
2021-11-13T11:43:15.460;536844997284116626;109;-903;140
2021-11-13T11:43:15.480;536844997303875001;105;-899;111
2021-11-13T11:43:15.500;536844997323633376;94;-904;127
2021-11-13T11:43:15.520;536844997343391751;76;-892;123
2021-11-13T11:43:15.540;536844997363150126;82;-901;122
2021-11-13T11:43:15.559;536844997382908501;78;-896;126
2021-11-13T11:43:15.579;536844997402666876;66;-920;128
2021-11-13T11:43:15.599;536844997422425251;69;-947;144
2021-11-13T11:43:15.619;536844997442183626;54;-903;92
2021-11-13T11:43:15.638;536844997461942001;45;-960;86
2021-11-13T11:43:15.658;536844997481700376;90;-948;110
2021-11-13T11:43:15.678;536844997501458751;79;-1008;163
2021-11-13T11:43:15.698;536844997521217126;53;-946;103
2021-11-13T11:43:15.717;536844997540975501;97;-925;53
2021-11-13T11:43:15.737;536844997560733876;50;-1035;71
2021-11-13T11:43:15.757;536844997580492251;67;-1032;111
2021-11-13T11:43:15.777;536844997600250626;182;-1000;147
2021-11-13T11:43:15.796;536844997620009001;27;-1095;146
2021-11-13T11:43:15.816;536844997639767376;26;-1008;121
2021-11-13T11:43:15.836;536844997659525751;87;-997;98
2021-11-13T11:43:15.856;536844997679284126;98;-973;109
2021-11-13T11:43:15.875;536844997699042501;37;-1023;60
2021-11-13T11:43:15.895;536844997718800876;-28;-1021;62
2021-11-13T11:43:15.915;536844997738559251;112;-1046;95
2021-11-13T11:43:15.935;536844997758317626;-133;-896;47
2021-11-13T11:43:15.954;536844997778076001;221;-1062;101
2021-11-13T11:43:15.974;536844997797834376;90;-1019;124
2021-11-13T11:43:15.994;536844997817592751;-73;-983;60
2021-11-13T11:43:16.014;536844997837351126;8;-1081;60
2021-11-13T11:43:16.033;536844997857109501;-97;-980;8
2021-11-13T11:43:16.053;536844997876867174;3;-1018;107
2021-11-13T11:43:16.073;536844997896624821;-19;-1061;89
2021-11-13T11:43:16.093;536844997916382468;104;-1062;150
2021-11-13T11:43:16.113;536844997936140115;112;-1095;94
2021-11-13T11:43:16.132;536844997955897762;-393;-1362;203
2021-11-13T11:43:16.152;536844997975655409;-52;-1518;482
2021-11-13T11:43:16.172;536844997995413056;-98;-955;289
2021-11-13T11:43:16.192;536844998015170703;260;-1023;-134
2021-11-13T11:43:16.211;536844998034928350;444;-852;-271
2021-11-13T11:43:16.231;536844998054685997;-122;-1154;-148
2021-11-13T11:43:16.251;536844998074443644;-8;-1157;-5
2021-11-13T11:43:16.271;536844998094201291;2;-1033;48
2021-11-13T11:43:16.290;536844998113958938;-18;-1316;71
2021-11-13T11:43:16.310;536844998133716585;71;-1110;140
2021-11-13T11:43:16.330;536844998153474232;350;-1063;17
2021-11-13T11:43:16.350;536844998173231879;-102;-1155;-4
2021-11-13T11:43:16.369;536844998192989526;-8;-1220;-17
2021-11-13T11:43:16.389;536844998212747173;-68;-1167;14
2021-11-13T11:43:16.409;536844998232504820;-52;-1193;106
2021-11-13T11:43:16.429;536844998252262467;-146;-1149;87
2021-11-13T11:43:16.448;536844998272020114;34;-1056;49
2021-11-13T11:43:16.468;536844998291777761;50;-1157;-19
2021-11-13T11:43:16.488;536844998311535408;-83;-1600;-137
2021-11-13T11:43:16.508;536844998331293055;-442;-2218;64
2021-11-13T11:43:16.527;536844998351050702;696;-448;117
2021-11-13T11:43:16.547;536844998370808349;539;-934;6
2021-11-13T11:43:16.567;536844998390565996;-55;-1030;-42
2021-11-13T11:43:16.587;536844998410323643;-115;-1660;-242
2021-11-13T11:43:16.606;536844998430081290;-574;-1353;117
2021-11-13T11:43:16.626;536844998449838937;401;-579;41
2021-11-13T11:43:16.646;536844998469596584;185;-1372;66
2021-11-13T11:43:16.666;536844998489354231;295;-828;-224
2021-11-13T11:43:16.685;536844998509111878;215;-1434;34
2021-11-13T11:43:16.705;536844998528869525;110;-814;-14
2021-11-13T11:43:16.725;536844998548627172;464;-1042;-52
2021-11-13T11:43:16.745;536844998568384819;-165;-1129;75
2021-11-13T11:43:16.765;536844998588136645;290;-868;62
2021-11-13T11:43:16.784;536844998607888467;58;-881;-131
2021-11-13T11:43:16.804;536844998627640289;154;-1252;30
2021-11-13T11:43:16.824;536844998647392111;104;-962;40
2021-11-13T11:43:16.844;536844998667143933;188;-1035;-26
2021-11-13T11:43:16.863;536844998686895755;174;-1063;45
2021-11-13T11:43:16.883;536844998706647577;155;-1105;-42
2021-11-13T11:43:16.903;536844998726399399;202;-1129;-3
2021-11-13T11:43:16.923;536844998746151221;291;-1122;-66
2021-11-13T11:43:16.942;536844998765903043;330;-1191;40
2021-11-13T11:43:16.962;536844998785654865;176;-1092;56
2021-11-13T11:43:16.982;536844998805406687;263;-1059;59
2021-11-13T11:43:17.002;536844998825158509;264;-1037;82
2021-11-13T11:43:17.021;536844998844910331;177;-1075;60
2021-11-13T11:43:17.041;536844998864662153;187;-1082;49
2021-11-13T11:43:17.061;536844998884413975;133;-1050;23
2021-11-13T11:43:17.081;536844998904165797;7;-1112;37
2021-11-13T11:43:17.100;536844998923917619;-38;-1063;11
2021-11-13T11:43:17.120;536844998943669441;-165;-993;-31
2021-11-13T11:43:17.140;536844998963421263;-199;-982;-3
2021-11-13T11:43:17.160;536844998983173085;-88;-1076;52
2021-11-13T11:43:17.179;536844999002924907;136;-1059;4
2021-11-13T11:43:17.199;536844999022676729;293;-944;-4
2021-11-13T11:43:17.219;536844999042428551;239;-943;48
2021-11-13T11:43:17.239;536844999062180373;449;-892;0
2021-11-13T11:43:17.258;536844999081932195;437;-1007;-63
2021-11-13T11:43:17.278;536844999101684017;69;-1241;-2
2021-11-13T11:43:17.298;536844999121435839;109;-1118;-54
2021-11-13T11:43:17.318;536844999141187661;-11;-1074;-22
2021-11-13T11:43:17.337;536844999160939483;137;-1056;-43
2021-11-13T11:43:17.357;536844999180691305;184;-1085;-3
2021-11-13T11:43:17.377;536844999200443127;332;-1099;73
2021-11-13T11:43:17.397;536844999220194949;474;-994;73
2021-11-13T11:43:17.416;536844999239946771;405;-1170;158
2021-11-13T11:43:17.436;536844999259698593;225;-1225;68
2021-11-13T11:43:17.456;536844999279450415;159;-1180;35
2021-11-13T11:43:17.476;536844999299208822;163;-962;0
2021-11-13T11:43:17.495;536844999318967197;108;-948;-29
2021-11-13T11:43:17.515;536844999338725572;49;-1015;-24
2021-11-13T11:43:17.535;536844999358483947;48;-1127;-2
2021-11-13T11:43:17.555;536844999378242322;62;-1061;5
2021-11-13T11:43:17.574;536844999398000697;37;-1021;15
2021-11-13T11:43:17.594;536844999417759072;31;-1069;12
2021-11-13T11:43:17.614;536844999437517447;69;-1096;22
2021-11-13T11:43:17.634;536844999457275822;85;-1035;30
2021-11-13T11:43:17.653;536844999477034197;45;-1075;25
2021-11-13T11:43:17.673;536844999496792572;74;-1080;27
2021-11-13T11:43:17.693;536844999516550947;97;-1078;10
2021-11-13T11:43:17.713;536844999536309322;110;-1049;-12
2021-11-13T11:43:17.732;536844999556067697;68;-1130;-8
2021-11-13T11:43:17.752;536844999575826072;60;-1148;10
2021-11-13T11:43:17.772;536844999595584447;11;-1145;-19
2021-11-13T11:43:17.792;536844999615342822;-73;-1160;-65
2021-11-13T11:43:17.811;536844999635101197;93;-1177;0
2021-11-13T11:43:17.831;536844999654859572;-25;-1171;95
2021-11-13T11:43:17.851;536844999674617947;-41;-893;131
2021-11-13T11:43:17.871;536844999694376322;354;-787;78
2021-11-13T11:43:17.891;536844999714134697;-73;-1256;92
2021-11-13T11:43:17.910;536844999733893072;-53;-1133;100
2021-11-13T11:43:17.930;536844999753651447;-19;-1068;-72
2021-11-13T11:43:17.950;536844999773409822;-317;-1365;21
2021-11-13T11:43:17.970;536844999793168197;-172;-1184;50
2021-11-13T11:43:17.989;536844999812926572;-2;-1211;-1
2021-11-13T11:43:18.009;536844999832684947;-57;-1371;-41
2021-11-13T11:43:18.029;536844999852443322;-138;-1395;70
2021-11-13T11:43:18.049;536844999872201697;11;-1269;49
2021-11-13T11:43:18.068;536844999891960072;177;-1327;61
2021-11-13T11:43:18.088;536844999911718447;-5;-1245;44
2021-11-13T11:43:18.108;536844999931476822;45;-1230;37
2021-11-13T11:43:18.128;536844999951235197;176;-1169;43
2021-11-13T11:43:18.147;536844999970993572;45;-1293;32
2021-11-13T11:43:18.167;536844999990751947;62;-1235;77
2021-11-13T11:43:18.187;536845000010510348;-13;-1218;47
2021-11-13T11:43:18.207;536845000030268723;-103;-1304;-3
2021-11-13T11:43:18.226;536845000050027098;-37;-1163;-32
2021-11-13T11:43:18.246;536845000069785473;58;-1182;11
2021-11-13T11:43:18.266;536845000089543848;37;-1245;105
2021-11-13T11:43:18.286;536845000109302223;103;-1232;135
2021-11-13T11:43:18.305;536845000129060598;-17;-1205;61
2021-11-13T11:43:18.325;536845000148818973;-229;-1205;-54
2021-11-13T11:43:18.345;536845000168577348;-59;-1227;-30
2021-11-13T11:43:18.365;536845000188335723;60;-1043;-27
2021-11-13T11:43:18.384;536845000208094098;41;-1092;86
2021-11-13T11:43:18.404;536845000227852473;-64;-1117;146
2021-11-13T11:43:18.424;536845000247610848;-229;-1165;113
2021-11-13T11:43:18.444;536845000267369223;-94;-1091;25
2021-11-13T11:43:18.464;536845000287127598;-41;-1108;-25
2021-11-13T11:43:18.483;536845000306885973;95;-1035;-5
2021-11-13T11:43:18.503;536845000326644348;94;-1000;78
2021-11-13T11:43:18.523;536845000346402723;-8;-1027;74
2021-11-13T11:43:18.543;536845000366161098;-94;-1051;99
2021-11-13T11:43:18.562;536845000385919473;-76;-989;36
2021-11-13T11:43:18.582;536845000405677848;108;-982;34
2021-11-13T11:43:18.602;536845000425436223;131;-878;20
2021-11-13T11:43:18.622;536845000445194598;108;-901;70
2021-11-13T11:43:18.641;536845000464952973;44;-867;116
2021-11-13T11:43:18.661;536845000484711348;-64;-841;109
2021-11-13T11:43:18.681;536845000504469723;11;-787;33
2021-11-13T11:43:18.701;536845000524228098;-29;-760;-13
2021-11-13T11:43:18.720;536845000543986473;59;-727;0
2021-11-13T11:43:18.740;536845000563744848;1;-707;46
2021-11-13T11:43:18.760;536845000583503223;31;-643;63
2021-11-13T11:43:18.780;536845000603261598;64;-739;74
2021-11-13T11:43:18.799;536845000623019973;178;-725;106
2021-11-13T11:43:18.819;536845000642778348;203;-695;102
2021-11-13T11:43:18.839;536845000662536723;244;-689;83
2021-11-13T11:43:18.859;536845000682295098;230;-761;94
2021-11-13T11:43:18.878;536845000702053473;236;-842;171
2021-11-13T11:43:18.898;536845000721822793;365;-879;163
2021-11-13T11:43:18.918;536845000741592091;373;-963;92
2021-11-13T11:43:18.938;536845000761361389;380;-986;117
2021-11-13T11:43:18.958;536845000781130687;284;-988;190
2021-11-13T11:43:18.977;536845000800899985;180;-1101;120
2021-11-13T11:43:18.997;536845000820669283;163;-1110;126
2021-11-13T11:43:19.017;536845000840438581;249;-1052;151
2021-11-13T11:43:19.037;536845000860207879;211;-1097;112
2021-11-13T11:43:19.056;536845000879977177;229;-1068;131
2021-11-13T11:43:19.076;536845000899746475;291;-968;128
2021-11-13T11:43:19.096;536845000919515773;258;-989;121
2021-11-13T11:43:19.116;536845000939285071;258;-997;161
2021-11-13T11:43:19.135;536845000959054369;326;-949;165
2021-11-13T11:43:19.155;536845000978823667;387;-971;155
2021-11-13T11:43:19.175;536845000998592965;362;-988;163
2021-11-13T11:43:19.195;536845001018362263;299;-1004;164
2021-11-13T11:43:19.215;536845001038131561;228;-999;159
2021-11-13T11:43:19.234;536845001057900859;187;-1038;163
2021-11-13T11:43:19.254;536845001077670157;175;-1049;165
2021-11-13T11:43:19.274;536845001097439455;236;-1077;173
2021-11-13T11:43:19.294;536845001117208753;240;-1058;188
2021-11-13T11:43:19.313;536845001136978051;267;-1044;168
2021-11-13T11:43:19.333;536845001156747349;221;-1014;160
2021-11-13T11:43:19.353;536845001176516647;228;-1011;163
2021-11-13T11:43:19.373;536845001196285945;237;-984;158
2021-11-13T11:43:19.392;536845001216055243;264;-1002;156
2021-11-13T11:43:19.412;536845001235824541;283;-987;158
2021-11-13T11:43:19.432;536845001255593839;297;-1012;145
2021-11-13T11:43:19.452;536845001275363137;280;-1011;171
2021-11-13T11:43:19.472;536845001295132435;263;-1023;182
2021-11-13T11:43:19.491;536845001314901733;236;-1013;170
2021-11-13T11:43:19.511;536845001334671031;218;-1018;145
2021-11-13T11:43:19.531;536845001354440329;251;-1034;138
2021-11-13T11:43:19.551;536845001374209627;240;-1020;167
2021-11-13T11:43:19.570;536845001393978925;246;-1048;171
2021-11-13T11:43:19.590;536845001413748223;219;-1036;162
2021-11-13T11:43:19.610;536845001433503691;223;-1023;170
2021-11-13T11:43:19.630;536845001453259154;209;-1002;164
2021-11-13T11:43:19.649;536845001473014617;228;-988;129
2021-11-13T11:43:19.669;536845001492770080;234;-1006;138
2021-11-13T11:43:19.689;536845001512525543;229;-969;166
2021-11-13T11:43:19.709;536845001532281006;249;-987;162
2021-11-13T11:43:19.728;536845001552036469;220;-977;155
2021-11-13T11:43:19.748;536845001571791932;213;-974;156
2021-11-13T11:43:19.768;536845001591547395;216;-980;149
2021-11-13T11:43:19.788;536845001611302858;189;-994;142
2021-11-13T11:43:19.807;536845001631058321;205;-980;126
2021-11-13T11:43:19.827;536845001650813784;194;-972;141
2021-11-13T11:43:19.847;536845001670569247;192;-986;137
2021-11-13T11:43:19.867;536845001690324710;137;-944;140
2021-11-13T11:43:19.886;536845001710080173;143;-927;130
2021-11-13T11:43:19.906;536845001729835636;127;-915;104
2021-11-13T11:43:19.926;536845001749591099;35;-916;105
2021-11-13T11:43:19.946;536845001769346562;65;-880;116
2021-11-13T11:43:19.965;536845001789102025;45;-900;135
2021-11-13T11:43:19.985;536845001808857488;32;-944;145
2021-11-13T11:43:20.005;536845001828612951;101;-923;162
2021-11-13T11:43:20.025;536845001848368414;191;-889;114
2021-11-13T11:43:20.045;536845001868123877;206;-915;103
2021-11-13T11:43:20.064;536845001887879340;188;-923;132
2021-11-13T11:43:20.084;536845001907634803;107;-908;119
2021-11-13T11:43:20.104;536845001927390266;0;-933;111
2021-11-13T11:43:20.124;536845001947145729;17;-943;115
2021-11-13T11:43:20.143;536845001966901192;79;-999;152
2021-11-13T11:43:20.163;536845001986656655;213;-960;174
2021-11-13T11:43:20.183;536845002006412118;170;-973;117
2021-11-13T11:43:20.203;536845002026167581;3;-1016;72
2021-11-13T11:43:20.222;536845002045923044;-38;-1011;101
2021-11-13T11:43:20.242;536845002065678507;-63;-1025;124
2021-11-13T11:43:20.262;536845002085433970;-39;-1069;137
2021-11-13T11:43:20.282;536845002105189433;99;-1039;151
2021-11-13T11:43:20.301;536845002124944896;58;-1012;142
2021-11-13T11:43:20.321;536845002144714946;-64;-1053;89
2021-11-13T11:43:20.341;536845002164484972;-106;-1076;88
2021-11-13T11:43:20.361;536845002184254998;48;-996;120
2021-11-13T11:43:20.380;536845002204025024;43;-905;120
2021-11-13T11:43:20.400;536845002223795050;45;-990;105
2021-11-13T11:43:20.420;536845002243565076;90;-999;107
2021-11-13T11:43:20.440;536845002263335102;-94;-1055;79
2021-11-13T11:43:20.459;536845002283105128;-121;-1041;104
2021-11-13T11:43:20.479;536845002302875154;44;-1028;65
2021-11-13T11:43:20.499;536845002322645180;-75;-1184;38
2021-11-13T11:43:20.519;536845002342415206;156;-948;88
2021-11-13T11:43:20.539;536845002362185232;-27;-1165;87
2021-11-13T11:43:20.558;536845002381955258;-91;-1123;56
2021-11-13T11:43:20.578;536845002401725284;-138;-1120;120
2021-11-13T11:43:20.598;536845002421495310;-276;-1763;961
2021-11-13T11:43:20.618;536845002441265336;-170;-810;11
2021-11-13T11:43:20.637;536845002461035362;101;-1266;-465
2021-11-13T11:43:20.657;536845002480805388;1029;-738;-368
2021-11-13T11:43:20.677;536845002500575414;-116;-1009;40
2021-11-13T11:43:20.697;536845002520345440;-81;-1195;110
2021-11-13T11:43:20.716;536845002540115466;-136;-1208;156
2021-11-13T11:43:20.736;536845002559885492;34;-1130;151
2021-11-13T11:43:20.756;536845002579655518;142;-1053;-3
2021-11-13T11:43:20.776;536845002599425544;156;-1119;-53
2021-11-13T11:43:20.796;536845002619195570;-98;-1159;-112
2021-11-13T11:43:20.815;536845002638965596;-176;-1184;-31
2021-11-13T11:43:20.835;536845002658735622;-11;-1083;-26
2021-11-13T11:43:20.855;536845002678505648;-89;-1176;15
2021-11-13T11:43:20.875;536845002698275674;-52;-1096;17
2021-11-13T11:43:20.894;536845002718045700;-71;-1225;7
2021-11-13T11:43:20.914;536845002737815726;-77;-1142;61
2021-11-13T11:43:20.934;536845002757585752;-92;-1156;42
2021-11-13T11:43:20.954;536845002777355778;16;-1114;14
2021-11-13T11:43:20.974;536845002797125804;28;-1126;-12
2021-11-13T11:43:20.993;536845002816895830;-206;-1576;-204
2021-11-13T11:43:21.013;536845002836665856;-375;-2040;-36
2021-11-13T11:43:21.033;536845002856431534;444;-285;73
2021-11-13T11:43:21.053;536845002876197191;294;-1205;-99
2021-11-13T11:43:21.072;536845002895962848;-296;-1760;43
2021-11-13T11:43:21.092;536845002915728505;-43;-646;108
2021-11-13T11:43:21.112;536845002935494162;456;-1113;-72
2021-11-13T11:43:21.132;536845002955259819;-208;-1469;75
2021-11-13T11:43:21.151;536845002975025476;613;-825;10
2021-11-13T11:43:21.171;536845002994791133;-363;-1350;-16
2021-11-13T11:43:21.191;536845003014556790;44;-945;110
2021-11-13T11:43:21.211;536845003034322447;-240;-1047;11
2021-11-13T11:43:21.230;536845003054088104;-26;-1194;99
2021-11-13T11:43:21.250;536845003073853761;-216;-1237;63
2021-11-13T11:43:21.270;536845003093619418;39;-1025;163
2021-11-13T11:43:21.290;536845003113385075;117;-807;33
2021-11-13T11:43:21.310;536845003133150732;126;-1032;-25
2021-11-13T11:43:21.329;536845003152916389;56;-914;-46
2021-11-13T11:43:21.349;536845003172682046;-4;-1033;-7
2021-11-13T11:43:21.369;536845003192447703;-215;-1197;29
2021-11-13T11:43:21.389;536845003212213360;-82;-1065;120
2021-11-13T11:43:21.408;536845003231979017;-11;-985;113
2021-11-13T11:43:21.428;536845003251744674;-37;-1098;128
2021-11-13T11:43:21.448;536845003271510331;-165;-1181;55
2021-11-13T11:43:21.468;536845003291275988;-94;-1081;32
2021-11-13T11:43:21.487;536845003311041645;9;-1018;-18
2021-11-13T11:43:21.507;536845003330807302;-27;-1057;-6
2021-11-13T11:43:21.527;536845003350572959;105;-1025;74
2021-11-13T11:43:21.547;536845003370338616;68;-1079;43
2021-11-13T11:43:21.566;536845003390104273;3;-1079;86
2021-11-13T11:43:21.586;536845003409869930;-124;-1032;68
2021-11-13T11:43:21.606;536845003429635587;-138;-1070;81
2021-11-13T11:43:21.626;536845003449401244;-216;-1087;50
2021-11-13T11:43:21.646;536845003469166901;-123;-1077;77
2021-11-13T11:43:21.665;536845003488932558;-75;-1041;66
2021-11-13T11:43:21.685;536845003508698215;-42;-1056;48
2021-11-13T11:43:21.705;536845003528463872;-92;-1075;34
2021-11-13T11:43:21.725;536845003548229529;-58;-1058;28
2021-11-13T11:43:21.744;536845003567989368;-57;-1038;32
2021-11-13T11:43:21.764;536845003587749200;-90;-1029;12
2021-11-13T11:43:21.784;536845003607509032;-140;-1020;15
2021-11-13T11:43:21.804;536845003627268864;-46;-999;-54
2021-11-13T11:43:21.823;536845003647028696;-51;-1047;-110
2021-11-13T11:43:21.843;536845003666788528;-39;-1058;-140
2021-11-13T11:43:21.863;536845003686548360;-60;-1084;-94
2021-11-13T11:43:21.883;536845003706308192;-122;-1117;-5
2021-11-13T11:43:21.902;536845003726068024;-57;-1079;74
2021-11-13T11:43:21.922;536845003745827856;-68;-1147;48
2021-11-13T11:43:21.942;536845003765587688;-96;-1218;44
2021-11-13T11:43:21.962;536845003785347520;-60;-1185;30
2021-11-13T11:43:21.981;536845003805107352;83;-1119;102
2021-11-13T11:43:22.001;536845003824867184;22;-925;-41
2021-11-13T11:43:22.021;536845003844627016;155;-1116;28
2021-11-13T11:43:22.041;536845003864386848;-301;-1267;24
2021-11-13T11:43:22.061;536845003884146680;-147;-990;63
2021-11-13T11:43:22.080;536845003903906512;-317;-1154;35
2021-11-13T11:43:22.100;536845003923666344;-367;-1239;3
2021-11-13T11:43:22.120;536845003943426176;5;-1253;74
2021-11-13T11:43:22.140;536845003963186008;91;-1375;76
2021-11-13T11:43:22.159;536845003982945840;190;-1265;31
2021-11-13T11:43:22.179;536845004002705672;70;-1158;16
2021-11-13T11:43:22.199;536845004022465504;-83;-1317;1
2021-11-13T11:43:22.219;536845004042225336;-7;-1290;178
2021-11-13T11:43:22.238;536845004061985168;58;-1258;128
2021-11-13T11:43:22.258;536845004081745000;41;-1248;40
2021-11-13T11:43:22.278;536845004101504832;-61;-1322;16
2021-11-13T11:43:22.298;536845004121264664;-201;-1322;31
2021-11-13T11:43:22.317;536845004141024496;-296;-1225;-45
2021-11-13T11:43:22.337;536845004160784328;-224;-1253;0
2021-11-13T11:43:22.357;536845004180544160;14;-1213;70
2021-11-13T11:43:22.377;536845004200303992;20;-1255;116
2021-11-13T11:43:22.396;536845004220063824;113;-1190;101
2021-11-13T11:43:22.416;536845004239823656;-106;-1306;7
2021-11-13T11:43:22.436;536845004259583488;-100;-1208;125
2021-11-13T11:43:22.456;536845004279338954;-197;-1120;-22
2021-11-13T11:43:22.475;536845004299094417;-35;-1308;38
2021-11-13T11:43:22.495;536845004318849880;-146;-1064;-9
2021-11-13T11:43:22.515;536845004338605343;-282;-1304;72
2021-11-13T11:43:22.535;536845004358360806;-122;-1090;12
2021-11-13T11:43:22.554;536845004378116269;-129;-1271;112
2021-11-13T11:43:22.574;536845004397871732;64;-1073;37
2021-11-13T11:43:22.594;536845004417627195;-221;-1226;52
2021-11-13T11:43:22.614;536845004437382658;-137;-1035;10
2021-11-13T11:43:22.634;536845004457138121;-273;-1064;-37
2021-11-13T11:43:22.653;536845004476893584;-39;-1024;13
2021-11-13T11:43:22.673;536845004496649047;-51;-992;34
2021-11-13T11:43:22.693;536845004516404510;40;-884;51
2021-11-13T11:43:22.713;536845004536159973;-70;-838;0
2021-11-13T11:43:22.732;536845004555915436;-89;-783;58
2021-11-13T11:43:22.752;536845004575670899;-87;-744;-6
2021-11-13T11:43:22.772;536845004595426362;-60;-725;-14
2021-11-13T11:43:22.792;536845004615181825;-56;-587;-4
2021-11-13T11:43:22.811;536845004634937288;-10;-575;-6
2021-11-13T11:43:22.831;536845004654692751;-4;-533;46
2021-11-13T11:43:22.851;536845004674448214;3;-540;94
2021-11-13T11:43:22.871;536845004694203677;50;-614;98
2021-11-13T11:43:22.890;536845004713959140;213;-595;100
2021-11-13T11:43:22.910;536845004733714603;253;-628;91
2021-11-13T11:43:22.930;536845004753470066;215;-688;138
2021-11-13T11:43:22.950;536845004773225529;148;-855;138
2021-11-13T11:43:22.969;536845004792980992;317;-842;153
2021-11-13T11:43:22.989;536845004812736455;371;-996;131
2021-11-13T11:43:23.009;536845004832491918;204;-1128;189
2021-11-13T11:43:23.029;536845004852247381;141;-1096;195
2021-11-13T11:43:23.048;536845004872002844;218;-1073;124
2021-11-13T11:43:23.068;536845004891758307;216;-1118;116
2021-11-13T11:43:23.088;536845004911513770;240;-1123;126
2021-11-13T11:43:23.108;536845004931269233;278;-1094;138
2021-11-13T11:43:23.127;536845004951024696;189;-1054;154
2021-11-13T11:43:23.147;536845004970780159;197;-1033;127
2021-11-13T11:43:23.167;536845004990549475;234;-959;128
2021-11-13T11:43:23.187;536845005010318773;255;-948;129
2021-11-13T11:43:23.206;536845005030088071;235;-916;128
2021-11-13T11:43:23.226;536845005049857369;275;-945;131
2021-11-13T11:43:23.246;536845005069626667;278;-999;127
2021-11-13T11:43:23.266;536845005089395965;227;-1022;155
2021-11-13T11:43:23.286;536845005109165263;187;-1049;130
2021-11-13T11:43:23.305;536845005128934561;187;-1052;136
2021-11-13T11:43:23.325;536845005148703859;193;-1107;139
2021-11-13T11:43:23.345;536845005168473157;250;-1115;171
2021-11-13T11:43:23.365;536845005188242455;243;-1087;169
2021-11-13T11:43:23.384;536845005208011753;241;-1067;155
2021-11-13T11:43:23.404;536845005227781051;232;-1007;131
2021-11-13T11:43:23.424;536845005247550349;264;-988;113
2021-11-13T11:43:23.444;536845005267319647;248;-998;135
2021-11-13T11:43:23.463;536845005287088945;267;-1000;137
2021-11-13T11:43:23.483;536845005306858243;238;-1007;146
2021-11-13T11:43:23.503;536845005326627541;231;-1006;150
2021-11-13T11:43:23.523;536845005346396839;207;-1015;135
2021-11-13T11:43:23.543;536845005366166137;174;-1036;149
2021-11-13T11:43:23.562;536845005385935435;208;-1019;120
2021-11-13T11:43:23.582;536845005405704733;211;-1083;113
2021-11-13T11:43:23.602;536845005425474031;229;-1039;169
2021-11-13T11:43:23.622;536845005445243329;237;-1052;173
2021-11-13T11:43:23.641;536845005465012627;250;-1016;158
2021-11-13T11:43:23.661;536845005484781925;262;-1021;161
2021-11-13T11:43:23.681;536845005504551223;273;-1004;169
2021-11-13T11:43:23.701;536845005524320521;246;-1005;149
2021-11-13T11:43:23.720;536845005544089819;254;-1023;160
2021-11-13T11:43:23.740;536845005563859117;245;-1007;185
2021-11-13T11:43:23.760;536845005583628415;246;-997;161
2021-11-13T11:43:23.780;536845005603397713;242;-1020;151
2021-11-13T11:43:23.800;536845005623167011;219;-1026;157
2021-11-13T11:43:23.819;536845005642936309;197;-1037;178
2021-11-13T11:43:23.839;536845005662705607;165;-1018;164
2021-11-13T11:43:23.859;536845005682474905;194;-1003;127
2021-11-13T11:43:23.879;536845005702228203;179;-1032;133
2021-11-13T11:43:23.898;536845005721981481;134;-981;159
2021-11-13T11:43:23.918;536845005741734759;145;-996;148
2021-11-13T11:43:23.938;536845005761488037;112;-982;112
2021-11-13T11:43:23.958;536845005781241315;156;-970;123
2021-11-13T11:43:23.977;536845005800994593;99;-954;137
2021-11-13T11:43:23.997;536845005820747871;108;-913;120
2021-11-13T11:43:24.017;536845005840501149;90;-922;100
2021-11-13T11:43:24.037;536845005860254427;58;-866;101
2021-11-13T11:43:24.056;536845005880007705;85;-893;120
2021-11-13T11:43:24.076;536845005899760983;10;-850;103
2021-11-13T11:43:24.096;536845005919514261;37;-876;86
2021-11-13T11:43:24.116;536845005939267539;22;-830;93
2021-11-13T11:43:24.135;536845005959020817;-9;-883;98
2021-11-13T11:43:24.155;536845005978774095;35;-863;104
2021-11-13T11:43:24.175;536845005998527373;51;-928;115
2021-11-13T11:43:24.195;536845006018280651;22;-901;85
2021-11-13T11:43:24.214;536845006038033929;-13;-933;41
2021-11-13T11:43:24.234;536845006057787207;-25;-944;99
2021-11-13T11:43:24.254;536845006077540485;-38;-1005;125
2021-11-13T11:43:24.274;536845006097293763;-49;-996;93
2021-11-13T11:43:24.293;536845006117047041;42;-978;84
2021-11-13T11:43:24.313;536845006136800319;52;-983;74
2021-11-13T11:43:24.333;536845006156553597;-61;-988;98
2021-11-13T11:43:24.353;536845006176306875;-195;-1047;74
2021-11-13T11:43:24.372;536845006196060153;-172;-1085;113
2021-11-13T11:43:24.392;536845006215813431;-124;-1076;151
2021-11-13T11:43:24.412;536845006235566709;5;-1089;129
2021-11-13T11:43:24.432;536845006255319987;168;-1049;131
2021-11-13T11:43:24.451;536845006275073265;179;-1070;135
2021-11-13T11:43:24.471;536845006294826543;-65;-946;110
2021-11-13T11:43:24.491;536845006314579821;-227;-992;40
2021-11-13T11:43:24.511;536845006334333099;92;-982;133
2021-11-13T11:43:24.530;536845006354086377;-15;-808;70
2021-11-13T11:43:24.550;536845006373839655;290;-1057;158
2021-11-13T11:43:24.570;536845006393592933;-2;-1008;79
2021-11-13T11:43:24.590;536845006413356408;121;-995;95
2021-11-13T11:43:24.609;536845006433119881;-149;-1104;35
2021-11-13T11:43:24.629;536845006452883354;-29;-1055;97
2021-11-13T11:43:24.649;536845006472646827;42;-966;90
2021-11-13T11:43:24.669;536845006492410300;-331;-1382;302
2021-11-13T11:43:24.689;536845006512173773;72;-1296;814
2021-11-13T11:43:24.708;536845006531937246;-77;-848;-20
2021-11-13T11:43:24.728;536845006551700719;343;-1385;-393
2021-11-13T11:43:24.748;536845006571464192;631;-628;-60
2021-11-13T11:43:24.768;536845006591227665;-26;-1242;224
2021-11-13T11:43:24.787;536845006610991138;-196;-948;-15
2021-11-13T11:43:24.807;536845006630754611;84;-1195;-4
2021-11-13T11:43:24.827;536845006650518084;-21;-1071;-74
2021-11-13T11:43:24.847;536845006670281557;29;-1202;181
2021-11-13T11:43:24.866;536845006690045030;-28;-1100;-11
2021-11-13T11:43:24.886;536845006709808503;-51;-1397;10
2021-11-13T11:43:24.906;536845006729571976;126;-1175;57
2021-11-13T11:43:24.926;536845006749335449;-45;-1289;55
2021-11-13T11:43:24.945;536845006769098922;55;-1140;9
2021-11-13T11:43:24.965;536845006788862395;6;-1248;-10
2021-11-13T11:43:24.985;536845006808625868;52;-1232;-32
2021-11-13T11:43:25.005;536845006828389341;-5;-1222;-92
2021-11-13T11:43:25.025;536845006848152814;-614;-2242;-237
2021-11-13T11:43:25.044;536845006867916287;-225;-1544;346
2021-11-13T11:43:25.064;536845006887679760;658;-794;-146
2021-11-13T11:43:25.084;536845006907443233;-170;-1661;177
2021-11-13T11:43:25.104;536845006927206706;872;424;-72
2021-11-13T11:43:25.123;536845006946970179;489;-1537;-356
2021-11-13T11:43:25.143;536845006966733652;-616;-1968;191
2021-11-13T11:43:25.163;536845006986497125;297;-821;208
2021-11-13T11:43:25.183;536845007006260598;-84;-873;-15
2021-11-13T11:43:25.202;536845007026024071;-14;-1097;24
2021-11-13T11:43:25.222;536845007045787544;-95;-1007;168
2021-11-13T11:43:25.242;536845007065551017;124;-975;259
2021-11-13T11:43:25.262;536845007085314490;-118;-1040;193
2021-11-13T11:43:25.281;536845007105077963;240;-1157;81
2021-11-13T11:43:25.301;536845007124837067;-104;-1207;118
2021-11-13T11:43:25.321;536845007144596171;329;-1115;124
2021-11-13T11:43:25.341;536845007164355275;362;-935;40
2021-11-13T11:43:25.360;536845007184114379;371;-844;-83
2021-11-13T11:43:25.380;536845007203873483;21;-998;-77
2021-11-13T11:43:25.400;536845007223632587;15;-955;-131
2021-11-13T11:43:25.420;536845007243391691;-83;-1090;-20
2021-11-13T11:43:25.440;536845007263150795;-139;-1221;164
2021-11-13T11:43:25.459;536845007282909899;100;-1016;131
2021-11-13T11:43:25.479;536845007302669003;-177;-1118;47
2021-11-13T11:43:25.499;536845007322428107;-235;-1114;38
2021-11-13T11:43:25.519;536845007342187211;-239;-1074;-76
2021-11-13T11:43:25.538;536845007361946315;-145;-1066;-7
2021-11-13T11:43:25.558;536845007381705419;-50;-1011;24
2021-11-13T11:43:25.578;536845007401464523;228;-1017;34
2021-11-13T11:43:25.598;536845007421223627;373;-1005;51
2021-11-13T11:43:25.617;536845007440982731;442;-1052;115
2021-11-13T11:43:25.637;536845007460741835;362;-1096;88
2021-11-13T11:43:25.657;536845007480500939;170;-1117;123
2021-11-13T11:43:25.677;536845007500260043;96;-1094;-32
2021-11-13T11:43:25.696;536845007520019147;105;-1193;-21
2021-11-13T11:43:25.716;536845007539778251;188;-1125;2
2021-11-13T11:43:25.736;536845007559537355;144;-1067;16
2021-11-13T11:43:25.756;536845007579296459;48;-997;6
2021-11-13T11:43:25.775;536845007599055563;316;-896;5
2021-11-13T11:43:25.795;536845007618814667;387;-1081;-103
2021-11-13T11:43:25.815;536845007638573771;109;-1282;5
2021-11-13T11:43:25.835;536845007658332875;74;-1227;3
2021-11-13T11:43:25.854;536845007678091979;155;-1140;3
2021-11-13T11:43:25.874;536845007697851083;-24;-1107;28
2021-11-13T11:43:25.894;536845007717610187;5;-1096;-17
2021-11-13T11:43:25.914;536845007737369291;100;-1372;6
2021-11-13T11:43:25.934;536845007757128395;75;-1340;149
2021-11-13T11:43:25.953;536845007776887499;496;-704;74
2021-11-13T11:43:25.973;536845007796646603;234;-1082;-17
2021-11-13T11:43:25.993;536845007816405707;-289;-1315;43
2021-11-13T11:43:26.013;536845007836170650;-315;-1115;19
2021-11-13T11:43:26.032;536845007855935579;-485;-1362;-3
2021-11-13T11:43:26.052;536845007875700508;-159;-1457;-28
2021-11-13T11:43:26.072;536845007895465437;-294;-1476;-49
2021-11-13T11:43:26.092;536845007915230366;288;-1355;40
2021-11-13T11:43:26.111;536845007934995295;289;-1300;85
2021-11-13T11:43:26.131;536845007954760224;109;-1350;154
2021-11-13T11:43:26.151;536845007974525153;-5;-1268;107
2021-11-13T11:43:26.171;536845007994290082;-42;-1287;34
2021-11-13T11:43:26.190;536845008014055011;-39;-1268;-7
2021-11-13T11:43:26.210;536845008033819940;51;-1300;82
2021-11-13T11:43:26.230;536845008053584869;90;-1331;90
2021-11-13T11:43:26.250;536845008073349798;71;-1263;145
2021-11-13T11:43:26.269;536845008093114727;71;-1219;51
2021-11-13T11:43:26.289;536845008112879656;-101;-1332;82
2021-11-13T11:43:26.309;536845008132644585;-22;-1188;95
2021-11-13T11:43:26.329;536845008152409514;-6;-1285;123
2021-11-13T11:43:26.349;536845008172174443;67;-1194;116
2021-11-13T11:43:26.368;536845008191939372;161;-1139;64
2021-11-13T11:43:26.388;536845008211704301;14;-1129;68
2021-11-13T11:43:26.408;536845008231469230;-220;-1212;111
2021-11-13T11:43:26.428;536845008251234159;-203;-1164;156
2021-11-13T11:43:26.447;536845008270999088;-31;-1053;98
2021-11-13T11:43:26.467;536845008290764017;82;-979;4
2021-11-13T11:43:26.487;536845008310528946;-35;-1016;8
2021-11-13T11:43:26.507;536845008330293875;-230;-1031;103
2021-11-13T11:43:26.526;536845008350058804;-209;-924;128
2021-11-13T11:43:26.546;536845008369823733;-65;-855;76
2021-11-13T11:43:26.566;536845008389588662;50;-828;-5
2021-11-13T11:43:26.586;536845008409353591;50;-808;-31
2021-11-13T11:43:26.605;536845008429118520;136;-734;112
2021-11-13T11:43:26.625;536845008448883449;71;-658;162
2021-11-13T11:43:26.645;536845008468648378;-28;-628;106
2021-11-13T11:43:26.665;536845008488413307;-134;-637;54
2021-11-13T11:43:26.685;536845008508178236;-175;-575;37
2021-11-13T11:43:26.704;536845008527943165;-42;-517;19
2021-11-13T11:43:26.724;536845008547708112;65;-611;51
2021-11-13T11:43:26.744;536845008567473041;193;-707;73
2021-11-13T11:43:26.764;536845008587237970;274;-699;101
2021-11-13T11:43:26.783;536845008607002899;267;-739;122
2021-11-13T11:43:26.803;536845008626767828;233;-821;168
2021-11-13T11:43:26.823;536845008646532757;257;-858;143
2021-11-13T11:43:26.843;536845008666297686;192;-909;136
2021-11-13T11:43:26.862;536845008686062615;184;-921;131
2021-11-13T11:43:26.882;536845008705827544;197;-991;148
2021-11-13T11:43:26.902;536845008725592473;398;-945;157
2021-11-13T11:43:26.922;536845008745357402;379;-1047;119
2021-11-13T11:43:26.942;536845008765122331;160;-1150;124
2021-11-13T11:43:26.961;536845008784887260;253;-1002;145
2021-11-13T11:43:26.981;536845008804652189;255;-1063;86
2021-11-13T11:43:27.001;536845008824417118;230;-1099;102
2021-11-13T11:43:27.021;536845008844182047;369;-1058;143
2021-11-13T11:43:27.040;536845008863946976;228;-1128;147
2021-11-13T11:43:27.060;536845008883711905;191;-1052;147
2021-11-13T11:43:27.080;536845008903476834;177;-1025;101
2021-11-13T11:43:27.100;536845008923241763;105;-1009;112
2021-11-13T11:43:27.119;536845008943006692;145;-1013;131
2021-11-13T11:43:27.139;536845008962771621;217;-994;124
2021-11-13T11:43:27.159;536845008982536550;231;-1017;124
2021-11-13T11:43:27.179;536845009002301479;186;-1017;132
2021-11-13T11:43:27.198;536845009022066408;153;-1000;148
2021-11-13T11:43:27.218;536845009041831337;212;-1008;149
2021-11-13T11:43:27.238;536845009061596266;208;-1023;121
2021-11-13T11:43:27.258;536845009081361195;244;-1048;128
2021-11-13T11:43:27.278;536845009101126124;251;-1039;148
2021-11-13T11:43:27.297;536845009120891053;279;-1043;170
2021-11-13T11:43:27.317;536845009140655982;285;-1055;158
2021-11-13T11:43:27.337;536845009160420911;293;-1019;156
2021-11-13T11:43:27.357;536845009180185840;256;-1020;156
2021-11-13T11:43:27.376;536845009199950769;239;-1011;160
2021-11-13T11:43:27.396;536845009219715698;250;-1002;142
2021-11-13T11:43:27.416;536845009239480627;260;-1022;169
2021-11-13T11:43:27.436;536845009259247036;262;-1014;153
2021-11-13T11:43:27.455;536845009279013421;281;-1045;163
2021-11-13T11:43:27.475;536845009298779806;230;-1026;162
2021-11-13T11:43:27.495;536845009318546191;227;-1022;146
2021-11-13T11:43:27.515;536845009338312576;252;-1019;145
2021-11-13T11:43:27.534;536845009358078961;218;-1028;163
2021-11-13T11:43:27.554;536845009377845346;266;-1013;151
2021-11-13T11:43:27.574;536845009397611731;264;-1013;156
2021-11-13T11:43:27.594;536845009417378116;288;-1009;171
2021-11-13T11:43:27.614;536845009437144501;294;-1016;151
2021-11-13T11:43:27.633;536845009456910886;298;-1014;174
2021-11-13T11:43:27.653;536845009476677271;298;-1016;175
2021-11-13T11:43:27.673;536845009496443656;323;-1007;157
2021-11-13T11:43:27.693;536845009516210041;279;-1005;145
2021-11-13T11:43:27.712;536845009535976426;259;-1026;157
2021-11-13T11:43:27.732;536845009555742811;245;-1014;181
2021-11-13T11:43:27.752;536845009575509196;251;-1006;163
2021-11-13T11:43:27.772;536845009595275581;253;-1022;149
2021-11-13T11:43:27.791;536845009615041966;271;-1000;156
2021-11-13T11:43:27.811;536845009634808351;231;-1018;158
2021-11-13T11:43:27.831;536845009654574736;219;-997;154
2021-11-13T11:43:27.851;536845009674341121;226;-1002;150
2021-11-13T11:43:27.870;536845009694107506;233;-981;134
2021-11-13T11:43:27.890;536845009713873891;236;-991;140
2021-11-13T11:43:27.910;536845009733640276;229;-999;162
2021-11-13T11:43:27.930;536845009753406661;200;-990;150
2021-11-13T11:43:27.950;536845009773173046;196;-960;131
2021-11-13T11:43:27.969;536845009792939431;216;-932;135
2021-11-13T11:43:27.989;536845009812705816;209;-896;130
2021-11-13T11:43:28.009;536845009832472201;155;-885;142
2021-11-13T11:43:28.029;536845009852238586;105;-885;124
2021-11-13T11:43:28.048;536845009872004971;77;-857;119
2021-11-13T11:43:28.068;536845009891771356;37;-869;102
2021-11-13T11:43:28.088;536845009911537741;44;-856;115
2021-11-13T11:43:28.108;536845009931304126;52;-831;116
2021-11-13T11:43:28.127;536845009951070511;81;-851;109
2021-11-13T11:43:28.147;536845009970843466;30;-888;103
2021-11-13T11:43:28.167;536845009990616405;20;-868;90
2021-11-13T11:43:28.187;536845010010389344;10;-892;83
2021-11-13T11:43:28.207;536845010030162283;-15;-943;107
2021-11-13T11:43:28.226;536845010049935222;31;-912;123
2021-11-13T11:43:28.246;536845010069708161;56;-903;80
2021-11-13T11:43:28.266;536845010089481100;46;-918;40
2021-11-13T11:43:28.286;536845010109254039;20;-1008;71
2021-11-13T11:43:28.305;536845010129026978;-96;-1036;32
2021-11-13T11:43:28.325;536845010148799917;-74;-1041;79
2021-11-13T11:43:28.345;536845010168572856;125;-1001;165
2021-11-13T11:43:28.365;536845010188345795;216;-998;179
2021-11-13T11:43:28.384;536845010208118734;66;-1050;124
2021-11-13T11:43:28.404;536845010227891673;-33;-1076;114
2021-11-13T11:43:28.424;536845010247664612;75;-1165;192
2021-11-13T11:43:28.444;536845010267437551;200;-1053;243
2021-11-13T11:43:28.464;536845010287210490;79;-951;145
2021-11-13T11:43:28.483;536845010306983429;149;-1063;47
2021-11-13T11:43:28.503;536845010326756368;15;-1057;95
2021-11-13T11:43:28.523;536845010346529307;-295;-933;49
2021-11-13T11:43:28.543;536845010366302246;31;-1024;53
2021-11-13T11:43:28.562;536845010386075185;-93;-1049;32
2021-11-13T11:43:28.582;536845010405848124;147;-1021;106
2021-11-13T11:43:28.602;536845010425621063;127;-1004;117
2021-11-13T11:43:28.622;536845010445394002;53;-1094;99
2021-11-13T11:43:28.642;536845010465166941;-174;-1064;32
2021-11-13T11:43:28.661;536845010484939880;-382;-1329;309
2021-11-13T11:43:28.681;536845010504712819;-628;-1435;603
2021-11-13T11:43:28.701;536845010524485758;59;-836;-110
2021-11-13T11:43:28.721;536845010544258697;1172;-996;-358
2021-11-13T11:43:28.740;536845010564031636;114;-1015;32
2021-11-13T11:43:28.760;536845010583804575;-192;-1215;71
2021-11-13T11:43:28.780;536845010603577514;-273;-1230;82
2021-11-13T11:43:28.800;536845010623350453;-54;-989;98
2021-11-13T11:43:28.820;536845010643123392;320;-989;-26
2021-11-13T11:43:28.839;536845010662896331;188;-1283;-21
2021-11-13T11:43:28.859;536845010682772694;-393;-1253;97
2021-11-13T11:43:28.879;536845010702649034;-194;-1105;-17
2021-11-13T11:43:28.899;536845010722525374;-36;-1230;-57
2021-11-13T11:43:28.919;536845010742401714;48;-1152;-25
2021-11-13T11:43:28.939;536845010762278054;1;-1195;-80
2021-11-13T11:43:28.959;536845010782154394;161;-1147;-56
2021-11-13T11:43:28.978;536845010802030734;2;-1185;-20
2021-11-13T11:43:28.998;536845010821907074;-25;-1273;-94
2021-11-13T11:43:29.018;536845010841783414;-743;-2429;-233
2021-11-13T11:43:29.038;536845010861659754;435;-1348;215
2021-11-13T11:43:29.058;536845010881536094;104;-1188;-25
2021-11-13T11:43:29.078;536845010901412434;343;-544;23
2021-11-13T11:43:29.098;536845010921288774;538;-1119;-344
2021-11-13T11:43:29.118;536845010941165114;-134;-1508;9
2021-11-13T11:43:29.137;536845010961041454;785;-703;-113
2021-11-13T11:43:29.157;536845010980917794;-317;-1498;18
2021-11-13T11:43:29.177;536845011000794134;-210;-980;321
2021-11-13T11:43:29.197;536845011020670474;-86;-901;30
2021-11-13T11:43:29.217;536845011040546814;-132;-1230;248
2021-11-13T11:43:29.237;536845011060423154;238;-945;45
2021-11-13T11:43:29.257;536845011080299494;26;-1193;-21
2021-11-13T11:43:29.277;536845011100175834;22;-1078;-82
2021-11-13T11:43:29.296;536845011120052174;29;-1114;7
2021-11-13T11:43:29.316;536845011139928514;80;-981;-12
2021-11-13T11:43:29.336;536845011159804854;86;-1006;-45
2021-11-13T11:43:29.356;536845011179681194;95;-942;-57
2021-11-13T11:43:29.376;536845011199557534;44;-1006;-27
2021-11-13T11:43:29.396;536845011219433874;-16;-1083;-41
2021-11-13T11:43:29.416;536845011239310214;-209;-1211;38
2021-11-13T11:43:29.436;536845011259186554;-22;-1065;52
2021-11-13T11:43:29.455;536845011279062894;-1;-1107;48
2021-11-13T11:43:29.475;536845011298939234;-31;-1091;27
2021-11-13T11:43:29.495;536845011318815574;10;-1015;-55
2021-11-13T11:43:29.515;536845011338691914;30;-1067;-91
2021-11-13T11:43:29.535;536845011358568254;92;-1136;-63
2021-11-13T11:43:29.555;536845011378444594;-2;-1122;-61
2021-11-13T11:43:29.574;536845011398099590;79;-1088;-13
2021-11-13T11:43:29.594;536845011417754564;169;-1092;-54
2021-11-13T11:43:29.614;536845011437409538;97;-1261;-36
2021-11-13T11:43:29.633;536845011457064512;181;-1257;-9
2021-11-13T11:43:29.653;536845011476719486;225;-924;-84
2021-11-13T11:43:29.673;536845011496374460;358;-1119;28
2021-11-13T11:43:29.692;536845011516029434;34;-1110;17
2021-11-13T11:43:29.712;536845011535684408;-98;-982;-7
2021-11-13T11:43:29.732;536845011555339382;-315;-1283;34
2021-11-13T11:43:29.751;536845011574994356;-443;-1434;164
2021-11-13T11:43:29.771;536845011594649330;39;-1176;-24
2021-11-13T11:43:29.791;536845011614304304;241;-1347;26
2021-11-13T11:43:29.810;536845011633959278;140;-1224;26
2021-11-13T11:43:29.830;536845011653614252;-42;-1259;24
2021-11-13T11:43:29.850;536845011673269226;-113;-1269;95
2021-11-13T11:43:29.869;536845011692924200;75;-1195;121
2021-11-13T11:43:29.889;536845011712579174;-46;-1206;107
2021-11-13T11:43:29.909;536845011732234148;25;-1172;30
2021-11-13T11:43:29.928;536845011751889122;33;-1174;2
2021-11-13T11:43:29.948;536845011771544096;-96;-1330;16
2021-11-13T11:43:29.968;536845011791199070;-4;-1201;39
2021-11-13T11:43:29.987;536845011810854044;-40;-1238;47
2021-11-13T11:43:30.007;536845011830509018;-62;-1210;70
2021-11-13T11:43:30.027;536845011850163992;155;-1218;50
2021-11-13T11:43:30.046;536845011869818966;36;-1236;52
2021-11-13T11:43:30.066;536845011889473940;-83;-1297;38
2021-11-13T11:43:30.086;536845011909128914;-122;-1195;29
2021-11-13T11:43:30.105;536845011928783888;-25;-1189;14
2021-11-13T11:43:30.125;536845011948438862;35;-1162;27
2021-11-13T11:43:30.144;536845011968093836;105;-1215;41
2021-11-13T11:43:30.164;536845011987748810;43;-1219;74
2021-11-13T11:43:30.184;536845012007403784;-96;-1235;112
2021-11-13T11:43:30.203;536845012027058758;-199;-1126;14
2021-11-13T11:43:30.223;536845012046713732;-138;-1181;-17
2021-11-13T11:43:30.243;536845012066368706;-40;-1146;-6
2021-11-13T11:43:30.262;536845012086023680;-5;-1093;30
2021-11-13T11:43:30.282;536845012105780615;-2;-1085;45
2021-11-13T11:43:30.302;536845012125537534;-128;-1077;27
2021-11-13T11:43:30.322;536845012145294453;-122;-1001;-4
2021-11-13T11:43:30.341;536845012165051372;-128;-907;-7
2021-11-13T11:43:30.361;536845012184808291;-53;-870;-5
2021-11-13T11:43:30.381;536845012204565210;48;-817;34
2021-11-13T11:43:30.401;536845012224322129;126;-809;77
2021-11-13T11:43:30.420;536845012244079048;123;-803;38
2021-11-13T11:43:30.440;536845012263835967;129;-729;23
2021-11-13T11:43:30.460;536845012283592886;92;-661;9
2021-11-13T11:43:30.480;536845012303349805;33;-652;-16
2021-11-13T11:43:30.499;536845012323106724;3;-667;4
2021-11-13T11:43:30.519;536845012342863643;-56;-624;-6
2021-11-13T11:43:30.539;536845012362620562;-38;-628;29
2021-11-13T11:43:30.559;536845012382377481;121;-632;118
2021-11-13T11:43:30.579;536845012402134400;190;-729;196
2021-11-13T11:43:30.598;536845012421891319;329;-731;125
2021-11-13T11:43:30.618;536845012441648238;342;-835;77
2021-11-13T11:43:30.638;536845012461405157;209;-942;108
2021-11-13T11:43:30.658;536845012481162076;102;-913;201
2021-11-13T11:43:30.677;536845012500918995;77;-929;172
2021-11-13T11:43:30.697;536845012520675914;180;-1052;118
2021-11-13T11:43:30.717;536845012540432833;361;-1053;140
2021-11-13T11:43:30.737;536845012560189752;434;-1077;172
2021-11-13T11:43:30.756;536845012579946671;302;-1124;196
2021-11-13T11:43:30.776;536845012599703590;231;-1081;175
2021-11-13T11:43:30.796;536845012619460509;178;-1027;107
2021-11-13T11:43:30.816;536845012639217428;162;-1013;110
2021-11-13T11:43:30.835;536845012658974347;194;-1020;128
2021-11-13T11:43:30.855;536845012678731266;294;-1011;158
2021-11-13T11:43:30.875;536845012698488185;272;-991;162
2021-11-13T11:43:30.895;536845012718245104;268;-999;157
2021-11-13T11:43:30.914;536845012738002023;239;-965;138
2021-11-13T11:43:30.934;536845012757758942;232;-982;130
2021-11-13T11:43:30.954;536845012777515861;225;-994;168
2021-11-13T11:43:30.974;536845012797272780;303;-1005;195
2021-11-13T11:43:30.993;536845012817026812;304;-1022;166
2021-11-13T11:43:31.013;536845012836780818;233;-1055;135
2021-11-13T11:43:31.033;536845012856534824;204;-1045;172
2021-11-13T11:43:31.053;536845012876288830;169;-1076;160
2021-11-13T11:43:31.072;536845012896042836;205;-1054;166
2021-11-13T11:43:31.092;536845012915796842;235;-1045;131
2021-11-13T11:43:31.112;536845012935550848;242;-1035;134
2021-11-13T11:43:31.132;536845012955304854;236;-1012;154
2021-11-13T11:43:31.151;536845012975058860;223;-1006;156
2021-11-13T11:43:31.171;536845012994812866;271;-997;134
2021-11-13T11:43:31.191;536845013014566872;268;-1005;129
2021-11-13T11:43:31.211;536845013034320878;265;-993;140
2021-11-13T11:43:31.230;536845013054074884;257;-998;160
2021-11-13T11:43:31.250;536845013073828890;273;-1014;172
2021-11-13T11:43:31.270;536845013093582896;251;-1021;144
2021-11-13T11:43:31.290;536845013113336902;232;-1015;152
2021-11-13T11:43:31.309;536845013133090908;230;-1022;155
2021-11-13T11:43:31.329;536845013152844914;232;-1039;163
2021-11-13T11:43:31.349;536845013172598920;230;-1036;169
2021-11-13T11:43:31.369;536845013192352926;238;-1018;152
2021-11-13T11:43:31.388;536845013212106932;237;-1010;149
2021-11-13T11:43:31.408;536845013231860938;237;-1010;152
2021-11-13T11:43:31.428;536845013251614944;237;-1005;170
2021-11-13T11:43:31.448;536845013271368950;232;-1009;164
2021-11-13T11:43:31.468;536845013291122956;243;-1006;158
2021-11-13T11:43:31.487;536845013310876962;239;-1009;154
2021-11-13T11:43:31.507;536845013330630968;241;-1001;163
2021-11-13T11:43:31.527;536845013350384974;211;-1008;159
2021-11-13T11:43:31.547;536845013370138980;216;-1020;158
2021-11-13T11:43:31.566;536845013389892986;233;-1022;150
2021-11-13T11:43:31.586;536845013409646992;229;-1023;144
2021-11-13T11:43:31.606;536845013429400998;217;-1020;154
2021-11-13T11:43:31.626;536845013449155004;185;-1011;140
2021-11-13T11:43:31.645;536845013468909010;195;-998;144
2021-11-13T11:43:31.665;536845013488663016;186;-997;147
2021-11-13T11:43:31.685;536845013508417022;138;-1005;148
2021-11-13T11:43:31.705;536845013528185604;130;-1000;147
2021-11-13T11:43:31.724;536845013547954174;118;-985;141
2021-11-13T11:43:31.744;536845013567722744;107;-982;134
2021-11-13T11:43:31.764;536845013587491314;134;-985;124
2021-11-13T11:43:31.784;536845013607259884;163;-974;121
2021-11-13T11:43:31.803;536845013627028454;157;-959;123
2021-11-13T11:43:31.823;536845013646797024;143;-951;123
2021-11-13T11:43:31.843;536845013666565594;127;-952;129
2021-11-13T11:43:31.863;536845013686334164;88;-923;125
2021-11-13T11:43:31.882;536845013706102734;49;-934;103
2021-11-13T11:43:31.902;536845013725871304;10;-957;98
2021-11-13T11:43:31.922;536845013745639874;18;-955;103
2021-11-13T11:43:31.942;536845013765408444;78;-959;113
2021-11-13T11:43:31.962;536845013785177014;100;-965;123
2021-11-13T11:43:31.981;536845013804945584;88;-970;130
2021-11-13T11:43:32.001;536845013824714154;99;-977;120
2021-11-13T11:43:32.021;536845013844482724;104;-966;125
2021-11-13T11:43:32.041;536845013864251294;75;-964;119
2021-11-13T11:43:32.060;536845013884019864;79;-956;103
2021-11-13T11:43:32.080;536845013903788434;36;-1011;117
2021-11-13T11:43:32.100;536845013923557004;29;-992;113
2021-11-13T11:43:32.120;536845013943325574;109;-961;107
2021-11-13T11:43:32.139;536845013963094144;114;-988;91
2021-11-13T11:43:32.159;536845013982862714;90;-1034;101
2021-11-13T11:43:32.179;536845014002631284;138;-1008;138
2021-11-13T11:43:32.199;536845014022399854;141;-1012;134
2021-11-13T11:43:32.219;536845014042168424;79;-1011;97
2021-11-13T11:43:32.238;536845014061936994;35;-1023;118
2021-11-13T11:43:32.258;536845014081705564;57;-1060;131
2021-11-13T11:43:32.278;536845014101474134;89;-985;112
2021-11-13T11:43:32.298;536845014121242704;33;-1042;105
2021-11-13T11:43:32.317;536845014141011274;53;-1061;138
2021-11-13T11:43:32.337;536845014160779844;120;-1087;163
2021-11-13T11:43:32.357;536845014180548414;21;-855;104
2021-11-13T11:43:32.377;536845014200316984;207;-1136;99
2021-11-13T11:43:32.396;536845014220085554;-93;-1003;78
