Phone timestamp;sensor timestamp [ns];X [mg];Y [mg];Z [mg]
2021-11-13T11:43:05.787;536845090339933066;-175;946;-362
2021-11-13T11:43:05.806;536845090359637556;-240;881;-388
2021-11-13T11:43:05.826;536845090379342046;-264;912;-347
2021-11-13T11:43:05.846;536845090399046536;-304;906;-289
2021-11-13T11:43:05.865;536845090418751026;-227;958;-233
2021-11-13T11:43:05.885;536845090438455516;-234;958;-240
2021-11-13T11:43:05.905;536845090458160006;-151;986;-208
2021-11-13T11:43:05.924;536845090477864496;-248;933;-163
2021-11-13T11:43:05.944;536845090497568986;-279;894;-317
2021-11-13T11:43:05.964;536845090517273476;-317;866;-359
2021-11-13T11:43:05.984;536845090536977966;-217;953;-224
2021-11-13T11:43:06.003;536845090556682456;-235;980;-201
2021-11-13T11:43:06.023;536845090576386946;-345;904;-241
2021-11-13T11:43:06.043;536845090596091436;-414;808;-375
2021-11-13T11:43:06.062;536845090615795926;-364;836;-414
2021-11-13T11:43:06.082;536845090635500416;-376;804;-461
2021-11-13T11:43:06.102;536845090655204906;-333;842;-421
2021-11-13T11:43:06.121;536845090674909396;-349;880;-303
2021-11-13T11:43:06.141;536845090694613886;-259;953;-243
2021-11-13T11:43:06.161;536845090714318376;-332;922;-256
2021-11-13T11:43:06.181;536845090734022866;-277;838;-273
2021-11-13T11:43:06.200;536845090753727356;-279;891;-260
2021-11-13T11:43:06.220;536845090773431846;-325;865;-300
2021-11-13T11:43:06.240;536845090793136336;-331;880;-359
2021-11-13T11:43:06.259;536845090812840826;-282;874;-421
2021-11-13T11:43:06.279;536845090832545316;-215;874;-397
2021-11-13T11:43:06.299;536845090852249806;-148;981;-319
2021-11-13T11:43:06.319;536845090871954296;-243;963;-276
2021-11-13T11:43:06.338;536845090891658786;-273;962;-214
2021-11-13T11:43:06.358;536845090911363276;-303;959;-244
2021-11-13T11:43:06.378;536845090931067766;-209;928;-283
2021-11-13T11:43:06.397;536845090950772256;-131;963;-241
2021-11-13T11:43:06.417;536845090970476746;-163;964;-147
2021-11-13T11:43:06.437;536845090990181236;-235;919;-116
2021-11-13T11:43:06.456;536845091009885726;-255;919;-146
2021-11-13T11:43:06.476;536845091029590216;-232;919;-237
2021-11-13T11:43:06.496;536845091049294734;-222;915;-283
2021-11-13T11:43:06.516;536845091068999224;-235;940;-304
2021-11-13T11:43:06.535;536845091088703714;-241;936;-310
2021-11-13T11:43:06.555;536845091108408204;-243;923;-304
2021-11-13T11:43:06.575;536845091128112694;-232;932;-284
2021-11-13T11:43:06.594;536845091147817184;-215;929;-262
2021-11-13T11:43:06.614;536845091167521674;-197;943;-248
2021-11-13T11:43:06.634;536845091187226164;-193;941;-240
2021-11-13T11:43:06.653;536845091206930654;-198;935;-233
2021-11-13T11:43:06.673;536845091226635144;-205;933;-234
2021-11-13T11:43:06.693;536845091246339634;-216;934;-247
2021-11-13T11:43:06.713;536845091266044124;-225;926;-269
2021-11-13T11:43:06.732;536845091285748614;-223;927;-291
2021-11-13T11:43:06.752;536845091305453104;-220;929;-283
2021-11-13T11:43:06.772;536845091325157594;-225;933;-280
2021-11-13T11:43:06.791;536845091344862084;-214;933;-283
2021-11-13T11:43:06.811;536845091364566574;-195;939;-266
2021-11-13T11:43:06.831;536845091384271064;-192;940;-256
2021-11-13T11:43:06.851;536845091403975554;-181;955;-235
2021-11-13T11:43:06.870;536845091423680044;-196;934;-239
2021-11-13T11:43:06.890;536845091443384534;-178;941;-243
2021-11-13T11:43:06.910;536845091463089024;-188;927;-244
2021-11-13T11:43:06.929;536845091482793514;-198;941;-235
2021-11-13T11:43:06.949;536845091502498004;-209;937;-264
2021-11-13T11:43:06.969;536845091522202494;-207;934;-270
2021-11-13T11:43:06.988;536845091541906984;-224;920;-266
2021-11-13T11:43:07.008;536845091561611474;-229;943;-262
2021-11-13T11:43:07.028;536845091581315964;-223;937;-255
2021-11-13T11:43:07.048;536845091601020454;-173;934;-251
2021-11-13T11:43:07.067;536845091620724944;-202;934;-283
2021-11-13T11:43:07.087;536845091640429434;-188;948;-251
2021-11-13T11:43:07.107;536845091660133924;-184;944;-236
2021-11-13T11:43:07.126;536845091679838414;-137;945;-188
2021-11-13T11:43:07.146;536845091699542904;-128;919;-228
2021-11-13T11:43:07.166;536845091719247394;-121;949;-256
2021-11-13T11:43:07.186;536845091738951884;-107;976;-237
2021-11-13T11:43:07.205;536845091758657831;-127;969;-209
2021-11-13T11:43:07.225;536845091778363778;-72;937;-214
2021-11-13T11:43:07.245;536845091798069725;-103;952;-233
2021-11-13T11:43:07.264;536845091817775672;-60;975;-193
2021-11-13T11:43:07.284;536845091837481619;-77;967;-233
2021-11-13T11:43:07.304;536845091857187566;-65;981;-229
2021-11-13T11:43:07.323;536845091876893513;-105;983;-263
2021-11-13T11:43:07.343;536845091896599460;-115;953;-240
2021-11-13T11:43:07.363;536845091916305407;-133;913;-280
2021-11-13T11:43:07.383;536845091936011354;-131;986;-211
2021-11-13T11:43:07.402;536845091955717301;-37;897;-111
2021-11-13T11:43:07.422;536845091975423248;-149;1037;-418
2021-11-13T11:43:07.442;536845091995129195;-330;1027;-538
2021-11-13T11:43:07.461;536845092014835142;-76;688;-385
2021-11-13T11:43:07.481;536845092034541089;-262;900;-430
2021-11-13T11:43:07.501;536845092054247036;-100;975;-347
2021-11-13T11:43:07.521;536845092073952983;-112;911;-248
2021-11-13T11:43:07.540;536845092093658930;-221;892;-265
2021-11-13T11:43:07.560;536845092113364877;-133;973;-259
2021-11-13T11:43:07.580;536845092133070824;-75;944;-223
2021-11-13T11:43:07.599;536845092152776771;-85;949;-245
2021-11-13T11:43:07.619;536845092172482718;-77;981;-209
2021-11-13T11:43:07.639;536845092192188665;-5;991;-143
2021-11-13T11:43:07.658;536845092211894612;-122;842;-229
2021-11-13T11:43:07.678;536845092231600559;-35;1040;-281
2021-11-13T11:43:07.698;536845092251306506;62;867;-130
2021-11-13T11:43:07.718;536845092271012453;56;1038;-162
2021-11-13T11:43:07.737;536845092290718400;-437;979;-678
2021-11-13T11:43:07.757;536845092310424347;223;906;33
2021-11-13T11:43:07.777;536845092330130294;-56;993;-298
2021-11-13T11:43:07.796;536845092349836241;-66;1023;-235
2021-11-13T11:43:07.816;536845092369542188;-103;910;-198
2021-11-13T11:43:07.836;536845092389248135;2;928;-175
2021-11-13T11:43:07.856;536845092408954082;-35;994;-175
2021-11-13T11:43:07.875;536845092428660029;-8;962;-162
2021-11-13T11:43:07.895;536845092448365976;113;930;-63
2021-11-13T11:43:07.915;536845092468063216;-21;997;-219
2021-11-13T11:43:07.934;536845092487760424;-77;988;-345
2021-11-13T11:43:07.954;536845092507457632;125;990;-48
2021-11-13T11:43:07.974;536845092527154840;112;957;-154
2021-11-13T11:43:07.993;536845092546852048;75;928;-145
2021-11-13T11:43:08.013;536845092566549256;-26;1057;-240
2021-11-13T11:43:08.033;536845092586246464;111;859;-155
2021-11-13T11:43:08.053;536845092605943672;43;987;-99
2021-11-13T11:43:08.072;536845092625640880;88;1014;-56
2021-11-13T11:43:08.092;536845092645338088;55;1036;9
2021-11-13T11:43:08.112;536845092665035296;98;897;-102
2021-11-13T11:43:08.131;536845092684732504;282;942;-59
2021-11-13T11:43:08.151;536845092704429712;-44;1010;-302
2021-11-13T11:43:08.171;536845092724126920;213;1003;-115
2021-11-13T11:43:08.190;536845092743824128;44;964;-162
2021-11-13T11:43:08.210;536845092763521336;105;967;-69
2021-11-13T11:43:08.230;536845092783218544;100;1162;107
2021-11-13T11:43:08.249;536845092802915752;-54;719;-239
2021-11-13T11:43:08.269;536845092822612960;137;1072;-135
2021-11-13T11:43:08.289;536845092842310168;97;933;-278
2021-11-13T11:43:08.309;536845092862007376;169;1032;-272
2021-11-13T11:43:08.328;536845092881704584;126;932;-102
2021-11-13T11:43:08.348;536845092901401792;29;965;-216
2021-11-13T11:43:08.368;536845092921099000;91;1002;-56
2021-11-13T11:43:08.387;536845092940796208;20;959;-116
2021-11-13T11:43:08.407;536845092960493416;59;967;-128
2021-11-13T11:43:08.427;536845092980190624;25;951;-145
2021-11-13T11:43:08.446;536845092999887832;57;966;-149
2021-11-13T11:43:08.466;536845093019585040;68;977;-130
2021-11-13T11:43:08.486;536845093039282248;62;979;-143
2021-11-13T11:43:08.506;536845093058979456;71;974;-148
2021-11-13T11:43:08.525;536845093078676664;70;965;-139
2021-11-13T11:43:08.545;536845093098373872;91;975;-138
2021-11-13T11:43:08.565;536845093118071080;89;985;-98
2021-11-13T11:43:08.584;536845093137768288;97;1012;-50
2021-11-13T11:43:08.604;536845093157465496;67;1046;6
2021-11-13T11:43:08.624;536845093177174375;35;1006;-35
2021-11-13T11:43:08.643;536845093196883234;40;1070;-1
2021-11-13T11:43:08.663;536845093216592093;13;1143;67
2021-11-13T11:43:08.683;536845093236300952;-37;1130;54
2021-11-13T11:43:08.703;536845093256009811;-107;1148;79
2021-11-13T11:43:08.722;536845093275718670;-33;1066;179
2021-11-13T11:43:08.742;536845093295427529;-49;542;-690
2021-11-13T11:43:08.762;536845093315136388;583;379;-1038
2021-11-13T11:43:08.781;536845093334845247;393;508;-693
2021-11-13T11:43:08.801;536845093354554106;63;831;-27
2021-11-13T11:43:08.821;536845093374262965;-152;1223;360
2021-11-13T11:43:08.841;536845093393971824;-452;1499;12
2021-11-13T11:43:08.860;536845093413680683;79;915;-329
2021-11-13T11:43:08.880;536845093433389542;115;873;-84
2021-11-13T11:43:08.900;536845093453098401;-13;1112;137
2021-11-13T11:43:08.919;536845093472807260;-16;1018;1
2021-11-13T11:43:08.939;536845093492516119;53;985;-103
2021-11-13T11:43:08.959;536845093512224978;57;975;-115
2021-11-13T11:43:08.979;536845093531933837;62;967;-159
2021-11-13T11:43:08.998;536845093551642696;77;979;-178
2021-11-13T11:43:09.018;536845093571351555;47;991;-40
2021-11-13T11:43:09.038;536845093591060414;17;983;-27
2021-11-13T11:43:09.057;536845093610769273;25;981;-46
2021-11-13T11:43:09.077;536845093630478132;50;985;-38
2021-11-13T11:43:09.097;536845093650186991;61;988;-37
2021-11-13T11:43:09.116;536845093669895850;39;971;-55
2021-11-13T11:43:09.136;536845093689604709;32;983;-69
2021-11-13T11:43:09.156;536845093709313568;32;988;-63
2021-11-13T11:43:09.176;536845093729022427;16;984;-90
2021-11-13T11:43:09.195;536845093748731286;11;984;-75
2021-11-13T11:43:09.215;536845093768440145;23;984;-58
2021-11-13T11:43:09.235;536845093788149004;12;981;-36
2021-11-13T11:43:09.254;536845093807857863;6;967;-40
2021-11-13T11:43:09.274;536845093827566722;-9;986;-52
2021-11-13T11:43:09.294;536845093847275581;4;992;-33
2021-11-13T11:43:09.314;536845093866984440;-48;1002;-72
2021-11-13T11:43:09.334;536845093887089452;-22;992;-86
2021-11-13T11:43:09.354;536845093907194440;-52;996;-161
2021-11-13T11:43:09.374;536845093927299428;-74;1014;-141
2021-11-13T11:43:09.394;536845093947404416;-14;1034;-99
2021-11-13T11:43:09.414;536845093967509404;71;754;-42
2021-11-13T11:43:09.434;536845093987614392;31;930;-128
2021-11-13T11:43:09.454;536845094007719380;-179;1129;-189
2021-11-13T11:43:09.474;536845094027824368;-9;800;-151
2021-11-13T11:43:09.494;536845094047929356;-59;1004;-224
2021-11-13T11:43:09.515;536845094068034344;-322;1333;-284
2021-11-13T11:43:09.535;536845094088139332;286;153;-11
2021-11-13T11:43:09.555;536845094108244320;-433;2190;-401
2021-11-13T11:43:09.575;536845094128349308;439;-567;103
2021-11-13T11:43:09.595;536845094148454296;-467;1456;-417
2021-11-13T11:43:09.615;536845094168559284;-447;1384;-342
2021-11-13T11:43:09.635;536845094188664272;-76;645;-213
2021-11-13T11:43:09.655;536845094208769260;-136;1006;-305
2021-11-13T11:43:09.675;536845094228874248;-220;953;-319
2021-11-13T11:43:09.696;536845094248979236;-231;907;-337
2021-11-13T11:43:09.716;536845094269084224;-243;894;-322
2021-11-13T11:43:09.736;536845094289189212;-216;916;-281
2021-11-13T11:43:09.756;536845094309294200;-205;945;-278
2021-11-13T11:43:09.776;536845094329399188;-175;929;-218
2021-11-13T11:43:09.796;536845094349504176;-297;939;-295
2021-11-13T11:43:09.816;536845094369609164;-372;921;-397
2021-11-13T11:43:09.836;536845094389714152;-399;841;-470
2021-11-13T11:43:09.856;536845094409819140;-204;728;-765
2021-11-13T11:43:09.876;536845094429924128;-126;882;-480
2021-11-13T11:43:09.897;536845094450029116;-416;836;-178
2021-11-13T11:43:09.917;536845094470134104;-593;932;102
2021-11-13T11:43:09.937;536845094490239092;-503;741;-391
2021-11-13T11:43:09.957;536845094510344080;-266;969;-329
2021-11-13T11:43:09.977;536845094530449068;-117;966;-277
2021-11-13T11:43:09.997;536845094550554056;-182;898;-241
2021-11-13T11:43:10.017;536845094570659044;-266;953;-185
2021-11-13T11:43:10.037;536845094590764032;-322;937;-220
2021-11-13T11:43:10.057;536845094610062211;-391;879;-277
2021-11-13T11:43:10.076;536845094629360378;-406;814;-374
2021-11-13T11:43:10.095;536845094648658545;-369;836;-396
2021-11-13T11:43:10.115;536845094667956712;-259;909;-394
2021-11-13T11:43:10.134;536845094687254879;-198;943;-284
2021-11-13T11:43:10.153;536845094706553046;-266;937;-242
2021-11-13T11:43:10.172;536845094725851213;-382;914;-234
2021-11-13T11:43:10.192;536845094745149380;-373;887;-295
2021-11-13T11:43:10.211;536845094764447547;-328;888;-342
2021-11-13T11:43:10.230;536845094783745714;-246;889;-334
2021-11-13T11:43:10.250;536845094803043881;-208;922;-289
2021-11-13T11:43:10.269;536845094822342048;-203;933;-242
2021-11-13T11:43:10.288;536845094841640215;-271;921;-224
2021-11-13T11:43:10.308;536845094860938382;-292;919;-249
2021-11-13T11:43:10.327;536845094880236549;-308;884;-349
2021-11-13T11:43:10.346;536845094899534716;-279;884;-384
2021-11-13T11:43:10.365;536845094918832883;-279;887;-369
2021-11-13T11:43:10.385;536845094938131050;-296;890;-331
2021-11-13T11:43:10.404;536845094957429217;-310;911;-293
2021-11-13T11:43:10.423;536845094976727384;-274;916;-264
2021-11-13T11:43:10.443;536845094996025551;-259;917;-272
2021-11-13T11:43:10.462;536845095015323718;-263;903;-280
2021-11-13T11:43:10.481;536845095034621885;-250;919;-260
2021-11-13T11:43:10.500;536845095053920052;-253;925;-255
2021-11-13T11:43:10.520;536845095073218219;-285;909;-264
2021-11-13T11:43:10.539;536845095092516386;-275;905;-286
2021-11-13T11:43:10.558;536845095111814553;-266;902;-285
2021-11-13T11:43:10.578;536845095131112720;-281;911;-293
2021-11-13T11:43:10.597;536845095150410887;-269;917;-275
2021-11-13T11:43:10.616;536845095169709054;-250;918;-270
2021-11-13T11:43:10.636;536845095189007221;-259;919;-265
2021-11-13T11:43:10.655;536845095208305388;-267;906;-287
2021-11-13T11:43:10.674;536845095227603555;-270;912;-298
2021-11-13T11:43:10.693;536845095246901722;-250;914;-278
2021-11-13T11:43:10.713;536845095266199889;-257;913;-286
2021-11-13T11:43:10.732;536845095285498056;-265;910;-295
2021-11-13T11:43:10.752;536845095305190929;-266;910;-283
2021-11-13T11:43:10.771;536845095324883768;-260;904;-291
2021-11-13T11:43:10.791;536845095344576607;-266;905;-287
2021-11-13T11:43:10.811;536845095364269446;-267;917;-282
2021-11-13T11:43:10.831;536845095383962285;-274;918;-285
2021-11-13T11:43:10.850;536845095403655124;-273;922;-284
2021-11-13T11:43:10.870;536845095423347963;-256;911;-296
2021-11-13T11:43:10.890;536845095443040802;-246;912;-284
2021-11-13T11:43:10.909;536845095462733641;-267;896;-286
2021-11-13T11:43:10.929;536845095482426480;-294;902;-278
2021-11-13T11:43:10.949;536845095502119319;-274;912;-280
2021-11-13T11:43:10.968;536845095521812158;-263;906;-285
2021-11-13T11:43:10.988;536845095541504997;-251;917;-266
2021-11-13T11:43:11.008;536845095561197836;-261;916;-262
2021-11-13T11:43:11.027;536845095580890675;-249;926;-261
2021-11-13T11:43:11.047;536845095600583514;-253;916;-265
2021-11-13T11:43:11.067;536845095620276353;-252;920;-271
2021-11-13T11:43:11.087;536845095639969192;-273;917;-280
2021-11-13T11:43:11.106;536845095659662031;-273;921;-288
2021-11-13T11:43:11.126;536845095679354870;-282;919;-274
2021-11-13T11:43:11.146;536845095699047709;-257;928;-258
2021-11-13T11:43:11.165;536845095718740548;-249;929;-264
2021-11-13T11:43:11.185;536845095738433387;-208;935;-243
2021-11-13T11:43:11.205;536845095758126226;-221;929;-232
2021-11-13T11:43:11.224;536845095777819065;-226;937;-220
2021-11-13T11:43:11.244;536845095797511904;-234;938;-231
2021-11-13T11:43:11.264;536845095817204743;-212;940;-266
2021-11-13T11:43:11.283;536845095836897582;-173;946;-277
2021-11-13T11:43:11.303;536845095856590421;-196;920;-279
2021-11-13T11:43:11.323;536845095876283260;-143;923;-207
2021-11-13T11:43:11.343;536845095895976099;-140;949;-199
2021-11-13T11:43:11.362;536845095915668938;-146;978;-232
2021-11-13T11:43:11.382;536845095935361777;-138;971;-237
2021-11-13T11:43:11.402;536845095955054616;-137;944;-221
2021-11-13T11:43:11.421;536845095974747455;-142;950;-240
2021-11-13T11:43:11.441;536845095994440294;-107;931;-215
2021-11-13T11:43:11.461;536845096014152076;-114;951;-179
2021-11-13T11:43:11.480;536845096033863848;-129;983;-242
2021-11-13T11:43:11.500;536845096053575620;-115;962;-246
2021-11-13T11:43:11.520;536845096073287392;-116;960;-267
2021-11-13T11:43:11.540;536845096092999164;-98;916;-175
2021-11-13T11:43:11.559;536845096112710936;-174;978;-289
2021-11-13T11:43:11.579;536845096132422708;-116;991;-122
2021-11-13T11:43:11.599;536845096152134480;-228;869;-363
2021-11-13T11:43:11.618;536845096171846252;-333;1138;-542
2021-11-13T11:43:11.638;536845096191558024;-109;710;-208
2021-11-13T11:43:11.658;536845096211269796;-283;867;-493
2021-11-13T11:43:11.678;536845096230981568;-128;920;-343
2021-11-13T11:43:11.697;536845096250693340;-158;950;-248
2021-11-13T11:43:11.717;536845096270405112;-154;955;-266
2021-11-13T11:43:11.737;536845096290116884;-195;988;-228
2021-11-13T11:43:11.756;536845096309828656;-259;885;-338
2021-11-13T11:43:11.776;536845096329540428;-224;918;-272
2021-11-13T11:43:11.796;536845096349252200;-54;925;-190
2021-11-13T11:43:11.816;536845096368963972;155;873;-262
2021-11-13T11:43:11.835;536845096388675744;173;1038;19
2021-11-13T11:43:11.855;536845096408387516;-219;934;-184
2021-11-13T11:43:11.875;536845096428099288;-56;1072;-240
2021-11-13T11:43:11.894;536845096447811060;-54;999;-357
2021-11-13T11:43:11.914;536845096467522832;-112;971;-255
2021-11-13T11:43:11.934;536845096487234604;-163;961;-198
2021-11-13T11:43:11.954;536845096506946376;-6;883;-102
2021-11-13T11:43:11.973;536845096526658148;-83;1019;-174
2021-11-13T11:43:11.993;536845096546369920;-75;965;-154
2021-11-13T11:43:12.013;536845096566081692;-50;954;-147
2021-11-13T11:43:12.032;536845096585793464;15;902;-149
2021-11-13T11:43:12.052;536845096605505236;-30;982;-81
2021-11-13T11:43:12.072;536845096625217008;-95;1039;-53
2021-11-13T11:43:12.091;536845096644928780;78;932;-16
2021-11-13T11:43:12.111;536845096664640552;-20;993;-94
2021-11-13T11:43:12.131;536845096684352324;8;983;-184
2021-11-13T11:43:12.151;536845096704064096;43;951;-161
2021-11-13T11:43:12.170;536845096723762773;-17;1003;-33
2021-11-13T11:43:12.190;536845096743461438;63;967;6
2021-11-13T11:43:12.210;536845096763160103;93;1003;-90
2021-11-13T11:43:12.229;536845096782858768;59;987;-14
2021-11-13T11:43:12.249;536845096802557433;26;983;-227
2021-11-13T11:43:12.269;536845096822256098;79;1003;-130
2021-11-13T11:43:12.289;536845096841954763;73;976;-68
2021-11-13T11:43:12.308;536845096861653428;-23;1014;-128
2021-11-13T11:43:12.328;536845096881352093;-3;977;13
2021-11-13T11:43:12.348;536845096901050758;-192;1014;-55
2021-11-13T11:43:12.367;536845096920749423;-25;984;-41
2021-11-13T11:43:12.387;536845096940448088;-127;1015;22
2021-11-13T11:43:12.407;536845096960146753;-213;1016;-60
2021-11-13T11:43:12.426;536845096979845418;-105;1015;-117
2021-11-13T11:43:12.446;536845096999544083;-10;1096;-106
2021-11-13T11:43:12.466;536845097019242748;-104;992;-117
2021-11-13T11:43:12.486;536845097038941413;-59;961;-53
2021-11-13T11:43:12.505;536845097058640078;-14;925;106
2021-11-13T11:43:12.525;536845097078338743;33;802;-538
2021-11-13T11:43:12.545;536845097098037408;243;783;-640
2021-11-13T11:43:12.564;536845097117736073;139;796;-219
2021-11-13T11:43:12.584;536845097137434738;-58;869;-104
2021-11-13T11:43:12.604;536845097157133403;-79;962;-179
2021-11-13T11:43:12.623;536845097176832068;-218;1456;324
2021-11-13T11:43:12.643;536845097196530733;5;849;-65
2021-11-13T11:43:12.663;536845097216229398;7;1070;-135
2021-11-13T11:43:12.682;536845097235928063;0;986;-87
2021-11-13T11:43:12.702;536845097255626728;-32;996;-195
2021-11-13T11:43:12.722;536845097275325393;50;1001;-204
2021-11-13T11:43:12.742;536845097295024058;94;906;-286
2021-11-13T11:43:12.761;536845097314722723;66;1023;-37
2021-11-13T11:43:12.781;536845097334421388;-85;962;153
2021-11-13T11:43:12.801;536845097354120053;-53;963;75
2021-11-13T11:43:12.820;536845097373818718;52;915;-156
2021-11-13T11:43:12.840;536845097393517383;115;805;-327
2021-11-13T11:43:12.860;536845097413216048;86;933;-114
2021-11-13T11:43:12.879;536845097432922026;-52;1208;34
2021-11-13T11:43:12.899;536845097452627972;23;997;-169
2021-11-13T11:43:12.919;536845097472333918;38;971;-75
2021-11-13T11:43:12.939;536845097492039864;1;985;-53
2021-11-13T11:43:12.958;536845097511745810;20;986;-84
2021-11-13T11:43:12.978;536845097531451756;13;984;-70
2021-11-13T11:43:12.998;536845097551157702;19;967;-110
2021-11-13T11:43:13.017;536845097570863648;44;977;-118
2021-11-13T11:43:13.037;536845097590569594;45;975;-108
2021-11-13T11:43:13.057;536845097610275540;26;978;-141
2021-11-13T11:43:13.077;536845097629981486;37;969;-126
2021-11-13T11:43:13.096;536845097649687432;42;976;-85
2021-11-13T11:43:13.116;536845097669393378;53;980;-64
2021-11-13T11:43:13.136;536845097689099324;19;980;-76
2021-11-13T11:43:13.155;536845097708805270;9;985;-46
2021-11-13T11:43:13.175;536845097728511216;-7;999;-8
2021-11-13T11:43:13.195;536845097748217162;28;948;-37
2021-11-13T11:43:13.214;536845097767923108;-7;1010;-99
2021-11-13T11:43:13.234;536845097787629054;102;977;-25
2021-11-13T11:43:13.254;536845097807335000;73;909;15
2021-11-13T11:43:13.274;536845097827040946;46;979;4
2021-11-13T11:43:13.293;536845097846746892;39;1010;-54
2021-11-13T11:43:13.313;536845097866452838;75;989;-60
2021-11-13T11:43:13.333;536845097886158784;43;987;-44
2021-11-13T11:43:13.352;536845097905864730;21;989;-14
2021-11-13T11:43:13.372;536845097925570676;42;999;6
2021-11-13T11:43:13.392;536845097945276622;20;993;0
2021-11-13T11:43:13.412;536845097964982568;17;986;-41
2021-11-13T11:43:13.431;536845097984688514;-19;979;-63
2021-11-13T11:43:13.451;536845098004394460;-21;994;-70
2021-11-13T11:43:13.471;536845098024100406;-6;1007;-89
2021-11-13T11:43:13.490;536845098043806352;32;952;-51
2021-11-13T11:43:13.510;536845098063512298;24;954;-2
2021-11-13T11:43:13.530;536845098083218244;3;944;29
2021-11-13T11:43:13.549;536845098102924190;-43;972;-53
2021-11-13T11:43:13.569;536845098122630136;-42;991;-90
2021-11-13T11:43:13.589;536845098142328813;-33;979;-84
2021-11-13T11:43:13.609;536845098162027478;-78;926;-181
2021-11-13T11:43:13.628;536845098181726143;-132;947;-246
2021-11-13T11:43:13.648;536845098201424808;-133;960;-261
2021-11-13T11:43:13.668;536845098221123473;-128;937;-252
2021-11-13T11:43:13.687;536845098240822138;-123;965;-192
2021-11-13T11:43:13.707;536845098260520803;-177;964;-189
2021-11-13T11:43:13.727;536845098280219468;-177;983;-219
2021-11-13T11:43:13.746;536845098299918133;-139;956;-252
2021-11-13T11:43:13.766;536845098319616798;-190;915;-330
2021-11-13T11:43:13.786;536845098339315463;-211;920;-356
2021-11-13T11:43:13.806;536845098359014128;-207;889;-321
2021-11-13T11:43:13.825;536845098378712793;-220;929;-317
2021-11-13T11:43:13.845;536845098398411458;-236;915;-323
2021-11-13T11:43:13.865;536845098418110123;-201;936;-259
2021-11-13T11:43:13.884;536845098437808788;-212;919;-332
2021-11-13T11:43:13.904;536845098457507453;-236;911;-372
2021-11-13T11:43:13.924;536845098477206118;-259;897;-283
2021-11-13T11:43:13.943;536845098496904783;-267;906;-292
2021-11-13T11:43:13.963;536845098516603448;-262;885;-333
2021-11-13T11:43:13.983;536845098536302113;-238;909;-318
2021-11-13T11:43:14.003;536845098556000778;-262;908;-310
2021-11-13T11:43:14.022;536845098575699443;-419;873;-294
2021-11-13T11:43:14.042;536845098595398108;-467;831;-353
2021-11-13T11:43:14.062;536845098615096773;-415;836;-488
2021-11-13T11:43:14.081;536845098634795438;-309;844;-473
2021-11-13T11:43:14.101;536845098654494103;-319;878;-330
2021-11-13T11:43:14.121;536845098674192768;-325;909;-325
2021-11-13T11:43:14.140;536845098693891433;-370;855;-346
2021-11-13T11:43:14.160;536845098713590098;-377;844;-383
2021-11-13T11:43:14.180;536845098733288763;-361;839;-420
2021-11-13T11:43:14.200;536845098752987428;-329;866;-306
2021-11-13T11:43:14.219;536845098772686093;-262;933;-214
2021-11-13T11:43:14.239;536845098792384758;-207;972;-168
2021-11-13T11:43:14.259;536845098812083423;-299;896;-236
2021-11-13T11:43:14.278;536845098831782088;-390;834;-321
2021-11-13T11:43:14.298;536845098851493880;-419;826;-399
2021-11-13T11:43:14.318;536845098871205652;-259;901;-372
2021-11-13T11:43:14.337;536845098890917424;-236;903;-341
2021-11-13T11:43:14.357;536845098910629196;-303;880;-332
2021-11-13T11:43:14.377;536845098930340968;-353;883;-325
2021-11-13T11:43:14.397;536845098950052740;-343;879;-349
2021-11-13T11:43:14.416;536845098969764512;-338;896;-339
2021-11-13T11:43:14.436;536845098989476284;-279;926;-331
2021-11-13T11:43:14.456;536845099009188056;-261;922;-338
2021-11-13T11:43:14.475;536845099028899828;-294;885;-331
2021-11-13T11:43:14.495;536845099048611600;-306;887;-302
2021-11-13T11:43:14.515;536845099068323372;-303;898;-298
2021-11-13T11:43:14.535;536845099088035144;-248;891;-282
2021-11-13T11:43:14.554;536845099107746916;-235;918;-258
2021-11-13T11:43:14.574;536845099127458688;-254;922;-263
2021-11-13T11:43:14.594;536845099147170460;-305;893;-306
2021-11-13T11:43:14.613;536845099166882232;-354;871;-336
2021-11-13T11:43:14.633;536845099186594004;-314;882;-336
2021-11-13T11:43:14.653;536845099206305776;-293;887;-363
2021-11-13T11:43:14.673;536845099226017548;-262;893;-346
2021-11-13T11:43:14.692;536845099245729320;-242;903;-316
2021-11-13T11:43:14.712;536845099265441092;-249;925;-284
2021-11-13T11:43:14.732;536845099285152864;-281;910;-275
2021-11-13T11:43:14.751;536845099304864636;-285;905;-272
2021-11-13T11:43:14.771;536845099324576408;-299;891;-286
2021-11-13T11:43:14.791;536845099344288180;-261;896;-286
2021-11-13T11:43:14.811;536845099363999952;-260;902;-297
2021-11-13T11:43:14.830;536845099383711724;-253;884;-315
2021-11-13T11:43:14.850;536845099403423496;-260;930;-285
2021-11-13T11:43:14.870;536845099423135268;-294;905;-314
2021-11-13T11:43:14.889;536845099442847040;-250;904;-311
2021-11-13T11:43:14.909;536845099462558812;-271;906;-316
2021-11-13T11:43:14.929;536845099482270584;-273;911;-309
2021-11-13T11:43:14.949;536845099501982356;-265;903;-319
2021-11-13T11:43:14.968;536845099521694128;-255;898;-312
2021-11-13T11:43:14.988;536845099541405900;-256;904;-298
2021-11-13T11:43:15.008;536845099561113311;-263;907;-297
2021-11-13T11:43:15.027;536845099580820714;-277;900;-302
2021-11-13T11:43:15.047;536845099600528117;-276;900;-308
2021-11-13T11:43:15.067;536845099620235520;-287;893;-321
2021-11-13T11:43:15.087;536845099639942923;-287;894;-324
2021-11-13T11:43:15.106;536845099659650326;-281;904;-313
2021-11-13T11:43:15.126;536845099679357729;-269;904;-308
2021-11-13T11:43:15.146;536845099699065132;-271;903;-301
2021-11-13T11:43:15.165;536845099718772535;-281;906;-293
2021-11-13T11:43:15.185;536845099738479938;-288;908;-293
2021-11-13T11:43:15.205;536845099758187341;-274;912;-290
2021-11-13T11:43:15.224;536845099777894744;-258;905;-291
2021-11-13T11:43:15.244;536845099797602147;-275;902;-295
2021-11-13T11:43:15.264;536845099817309550;-287;908;-300
2021-11-13T11:43:15.284;536845099837016953;-278;914;-284
2021-11-13T11:43:15.303;536845099856724356;-267;905;-296
2021-11-13T11:43:15.323;536845099876431759;-294;901;-281
2021-11-13T11:43:15.343;536845099896139162;-313;899;-313
2021-11-13T11:43:15.362;536845099915846565;-309;897;-297
2021-11-13T11:43:15.382;536845099935553968;-295;914;-297
2021-11-13T11:43:15.402;536845099955261371;-235;931;-264
2021-11-13T11:43:15.422;536845099974968774;-248;938;-242
2021-11-13T11:43:15.441;536845099994676177;-210;930;-230
2021-11-13T11:43:15.461;536845100014383580;-207;908;-229
2021-11-13T11:43:15.481;536845100034090983;-147;957;-194
2021-11-13T11:43:15.500;536845100053798386;-177;944;-169
2021-11-13T11:43:15.520;536845100073505789;-180;961;-212
2021-11-13T11:43:15.540;536845100093213192;-178;961;-240
2021-11-13T11:43:15.559;536845100112920595;-187;939;-301
2021-11-13T11:43:15.579;536845100132627998;-191;914;-330
2021-11-13T11:43:15.599;536845100152335401;-189;926;-273
2021-11-13T11:43:15.619;536845100172042804;-138;948;-219
2021-11-13T11:43:15.638;536845100191750207;-130;959;-241
2021-11-13T11:43:15.658;536845100211457610;-117;964;-296
2021-11-13T11:43:15.678;536845100231165013;-94;955;-319
2021-11-13T11:43:15.697;536845100250872416;-115;930;-283
2021-11-13T11:43:15.717;536845100270575466;-87;948;-173
2021-11-13T11:43:15.737;536845100290278500;-108;986;-185
2021-11-13T11:43:15.757;536845100309981534;-101;976;-220
2021-11-13T11:43:15.776;536845100329684568;-90;969;-227
2021-11-13T11:43:15.796;536845100349387602;-113;979;-279
2021-11-13T11:43:15.816;536845100369090636;-127;950;-285
2021-11-13T11:43:15.835;536845100388793670;-196;925;-280
2021-11-13T11:43:15.855;536845100408496704;-172;917;-241
2021-11-13T11:43:15.875;536845100428199738;-16;894;-89
2021-11-13T11:43:15.894;536845100447902772;-434;1160;-385
2021-11-13T11:43:15.914;536845100467605806;-24;789;-289
2021-11-13T11:43:15.934;536845100487308840;-272;850;-395
2021-11-13T11:43:15.954;536845100507011874;-216;998;-386
2021-11-13T11:43:15.973;536845100526714908;-230;901;-361
2021-11-13T11:43:15.993;536845100546417942;-224;878;-335
2021-11-13T11:43:16.013;536845100566120976;-77;881;-294
2021-11-13T11:43:16.032;536845100585824010;-52;892;-282
2021-11-13T11:43:16.052;536845100605527044;-67;962;-328
2021-11-13T11:43:16.072;536845100625230078;-112;1026;-303
2021-11-13T11:43:16.092;536845100644933112;-79;968;-199
2021-11-13T11:43:16.111;536845100664636146;-51;861;-175
2021-11-13T11:43:16.131;536845100684339180;25;850;-234
2021-11-13T11:43:16.151;536845100704042214;-1;982;-232
2021-11-13T11:43:16.170;536845100723745248;-93;1035;-228
2021-11-13T11:43:16.190;536845100743448282;-128;1011;-313
2021-11-13T11:43:16.210;536845100763151316;-97;954;-271
2021-11-13T11:43:16.229;536845100782854350;-106;963;-198
2021-11-13T11:43:16.249;536845100802557384;-80;910;-161
2021-11-13T11:43:16.269;536845100822260418;-75;967;-156
2021-11-13T11:43:16.289;536845100841963452;-87;977;-179
2021-11-13T11:43:16.308;536845100861666486;-59;982;-216
2021-11-13T11:43:16.328;536845100881369520;-25;976;-213
2021-11-13T11:43:16.348;536845100901072554;-40;971;-165
2021-11-13T11:43:16.367;536845100920775588;-59;951;-180
2021-11-13T11:43:16.387;536845100940478622;-90;907;-216
2021-11-13T11:43:16.407;536845100960181656;-50;977;-163
2021-11-13T11:43:16.426;536845100979883261;-48;1029;-74
2021-11-13T11:43:16.446;536845100999584838;-26;990;-132
2021-11-13T11:43:16.466;536845101019286415;-64;1000;-121
2021-11-13T11:43:16.486;536845101038987992;4;1006;-70
2021-11-13T11:43:16.505;536845101058689569;81;895;-126
2021-11-13T11:43:16.525;536845101078391146;75;973;-101
2021-11-13T11:43:16.545;536845101098092723;50;965;-172
2021-11-13T11:43:16.564;536845101117794300;-20;1041;-112
2021-11-13T11:43:16.584;536845101137495877;-33;966;-126
2021-11-13T11:43:16.604;536845101157197454;42;977;-123
2021-11-13T11:43:16.623;536845101176899031;10;959;-122
2021-11-13T11:43:16.643;536845101196600608;46;1027;-212
2021-11-13T11:43:16.663;536845101216302185;-20;933;-155
2021-11-13T11:43:16.683;536845101236003762;-90;1020;-247
2021-11-13T11:43:16.702;536845101255705339;56;904;-140
2021-11-13T11:43:16.722;536845101275406916;-90;985;-206
2021-11-13T11:43:16.742;536845101295108493;-18;966;-165
2021-11-13T11:43:16.761;536845101314810070;-16;979;-208
2021-11-13T11:43:16.781;536845101334511647;-54;971;-184
2021-11-13T11:43:16.801;536845101354213224;-14;974;-149
2021-11-13T11:43:16.820;536845101373914801;-34;969;-197
2021-11-13T11:43:16.840;536845101393616378;-24;990;-163
2021-11-13T11:43:16.860;536845101413317955;-15;979;-136
2021-11-13T11:43:16.880;536845101433019532;4;987;-123
2021-11-13T11:43:16.899;536845101452721109;-17;979;-122
2021-11-13T11:43:16.919;536845101472422686;-52;983;-129
2021-11-13T11:43:16.939;536845101492124263;-21;983;-107
2021-11-13T11:43:16.958;536845101511825840;-46;982;-110
2021-11-13T11:43:16.978;536845101531527417;-66;982;-97
2021-11-13T11:43:16.998;536845101551228994;-47;985;-119
2021-11-13T11:43:17.017;536845101570930571;-55;980;-144
2021-11-13T11:43:17.037;536845101590632148;-45;976;-159
2021-11-13T11:43:17.057;536845101610333725;-32;979;-139
2021-11-13T11:43:17.077;536845101630035302;-33;976;-121
2021-11-13T11:43:17.096;536845101649736879;-76;975;-134
2021-11-13T11:43:17.116;536845101669438456;-80;986;-175
2021-11-13T11:43:17.136;536845101689140038;-47;1055;-136
2021-11-13T11:43:17.155;536845101708841616;-51;1103;-26
2021-11-13T11:43:17.175;536845101728543194;-117;1048;1
2021-11-13T11:43:17.195;536845101748244772;-33;968;-106
2021-11-13T11:43:17.215;536845101767946350;55;884;-72
2021-11-13T11:43:17.234;536845101787647928;177;699;-398
2021-11-13T11:43:17.254;536845101807349506;242;785;-333
2021-11-13T11:43:17.274;536845101827051084;29;798;-87
2021-11-13T11:43:17.293;536845101846752662;-95;1197;192
2021-11-13T11:43:17.313;536845101866454240;-259;1252;49
2021-11-13T11:43:17.333;536845101886155818;119;898;-271
2021-11-13T11:43:17.352;536845101905857396;0;1008;-106
2021-11-13T11:43:17.372;536845101925558974;-50;983;-18
2021-11-13T11:43:17.392;536845101945260552;-9;963;-71
2021-11-13T11:43:17.412;536845101964962130;1;1025;-80
2021-11-13T11:43:17.431;536845101984663708;16;986;-106
2021-11-13T11:43:17.451;536845102004365286;25;951;-120
2021-11-13T11:43:17.471;536845102024066864;35;969;-115
2021-11-13T11:43:17.490;536845102043768442;22;981;-136
2021-11-13T11:43:17.510;536845102063470020;22;974;-138
2021-11-13T11:43:17.530;536845102083171598;32;964;-121
2021-11-13T11:43:17.549;536845102102873176;46;984;-84
2021-11-13T11:43:17.569;536845102122574754;33;975;-94
2021-11-13T11:43:17.589;536845102142276332;50;977;-96
2021-11-13T11:43:17.609;536845102161977910;51;972;-75
2021-11-13T11:43:17.628;536845102181679488;55;973;-89
2021-11-13T11:43:17.648;536845102201381066;64;981;-84
2021-11-13T11:43:17.668;536845102221082644;51;981;-68
2021-11-13T11:43:17.687;536845102240784222;32;988;-103
2021-11-13T11:43:17.707;536845102260485800;54;987;-134
2021-11-13T11:43:17.727;536845102280187378;49;982;-125
2021-11-13T11:43:17.746;536845102299888956;25;991;-116
2021-11-13T11:43:17.766;536845102319590534;10;977;-89
2021-11-13T11:43:17.786;536845102339292112;0;1007;-67
2021-11-13T11:43:17.806;536845102358993690;41;950;0
2021-11-13T11:43:17.825;536845102378695268;81;837;-142
2021-11-13T11:43:17.845;536845102398398314;-10;1052;22
2021-11-13T11:43:17.865;536845102418101348;89;990;-48
2021-11-13T11:43:17.884;536845102437804382;88;925;-10
2021-11-13T11:43:17.904;536845102457507416;32;1040;-46
2021-11-13T11:43:17.924;536845102477210450;65;1012;-96
2021-11-13T11:43:17.943;536845102496913484;72;968;-39
2021-11-13T11:43:17.963;536845102516616518;13;968;-69
2021-11-13T11:43:17.983;536845102536319552;31;982;-95
2021-11-13T11:43:18.003;536845102556022586;56;976;-81
2021-11-13T11:43:18.022;536845102575725620;7;983;-162
2021-11-13T11:43:18.042;536845102595428654;-34;1003;-137
2021-11-13T11:43:18.062;536845102615131688;-31;961;-110
2021-11-13T11:43:18.081;536845102634834722;11;973;18
2021-11-13T11:43:18.101;536845102654537756;-34;1003;-21
2021-11-13T11:43:18.121;536845102674240790;0;986;-19
2021-11-13T11:43:18.141;536845102693943824;-30;979;-41
2021-11-13T11:43:18.160;536845102713646858;-49;977;-93
2021-11-13T11:43:18.180;536845102733349892;-70;970;-150
2021-11-13T11:43:18.200;536845102753052926;-61;965;-225
2021-11-13T11:43:18.219;536845102772755960;-43;975;-193
2021-11-13T11:43:18.239;536845102792458994;-39;969;-133
2021-11-13T11:43:18.259;536845102812162028;-84;949;-133
2021-11-13T11:43:18.278;536845102831865062;-103;967;-180
2021-11-13T11:43:18.298;536845102851568096;-118;1018;-239
2021-11-13T11:43:18.318;536845102871271130;-104;949;-160
2021-11-13T11:43:18.338;536845102890974164;-137;923;-217
2021-11-13T11:43:18.357;536845102910677198;-162;941;-261
2021-11-13T11:43:18.377;536845102930380232;-186;921;-312
2021-11-13T11:43:18.397;536845102950083266;-196;923;-342
2021-11-13T11:43:18.416;536845102969786300;-197;942;-292
2021-11-13T11:43:18.436;536845102989489334;-209;965;-318
2021-11-13T11:43:18.456;536845103009192368;-193;929;-244
2021-11-13T11:43:18.475;536845103028895402;-240;930;-249
2021-11-13T11:43:18.495;536845103048598436;-212;930;-239
2021-11-13T11:43:18.515;536845103068301470;-215;930;-273
2021-11-13T11:43:18.535;536845103088004504;-167;936;-262
2021-11-13T11:43:18.554;536845103107704645;-213;938;-233
2021-11-13T11:43:18.574;536845103127404766;-220;953;-256
2021-11-13T11:43:18.594;536845103147104887;-215;923;-255
2021-11-13T11:43:18.613;536845103166805008;-226;922;-270
2021-11-13T11:43:18.633;536845103186505129;-264;893;-305
2021-11-13T11:43:18.653;536845103206205250;-389;843;-313
2021-11-13T11:43:18.672;536845103225905371;-446;828;-325
2021-11-13T11:43:18.692;536845103245605492;-397;805;-480
2021-11-13T11:43:18.712;536845103265305613;-380;898;-469
2021-11-13T11:43:18.732;536845103285005734;-350;879;-429
2021-11-13T11:43:18.751;536845103304705855;-245;902;-312
2021-11-13T11:43:18.771;536845103324405976;-234;926;-249
2021-11-13T11:43:18.791;536845103344106097;-292;898;-270
2021-11-13T11:43:18.810;536845103363806218;-269;884;-324
2021-11-13T11:43:18.830;536845103383506339;-251;883;-290
2021-11-13T11:43:18.850;536845103403206460;-234;918;-177
2021-11-13T11:43:18.869;536845103422906581;-184;978;-105
2021-11-13T11:43:18.889;536845103442606702;-178;981;-118
2021-11-13T11:43:18.909;536845103462306823;-204;946;-182
2021-11-13T11:43:18.929;536845103482006944;-229;931;-294
2021-11-13T11:43:18.948;536845103501707065;-255;933;-368
2021-11-13T11:43:18.968;536845103521407186;-304;899;-330
2021-11-13T11:43:18.988;536845103541107307;-285;925;-267
2021-11-13T11:43:19.007;536845103560807428;-324;918;-275
2021-11-13T11:43:19.027;536845103580507549;-288;919;-277
2021-11-13T11:43:19.047;536845103600207670;-260;922;-250
2021-11-13T11:43:19.066;536845103619907791;-240;932;-220
2021-11-13T11:43:19.086;536845103639607912;-235;925;-215
2021-11-13T11:43:19.106;536845103659308033;-229;946;-183
2021-11-13T11:43:19.126;536845103679008154;-229;940;-171
2021-11-13T11:43:19.145;536845103698708275;-240;934;-209
2021-11-13T11:43:19.165;536845103718408396;-250;927;-244
2021-11-13T11:43:19.185;536845103738108517;-250;920;-262
2021-11-13T11:43:19.204;536845103757808638;-244;920;-268
2021-11-13T11:43:19.224;536845103777508759;-238;935;-266
2021-11-13T11:43:19.244;536845103797208880;-241;933;-267
2021-11-13T11:43:19.263;536845103816920668;-240;935;-259
2021-11-13T11:43:19.283;536845103836632440;-238;937;-247
2021-11-13T11:43:19.303;536845103856344212;-229;934;-252
2021-11-13T11:43:19.323;536845103876055984;-220;933;-249
2021-11-13T11:43:19.342;536845103895767756;-221;931;-237
2021-11-13T11:43:19.362;536845103915479528;-236;934;-247
2021-11-13T11:43:19.382;536845103935191300;-240;928;-253
2021-11-13T11:43:19.401;536845103954903072;-238;919;-264
2021-11-13T11:43:19.421;536845103974614844;-229;937;-257
2021-11-13T11:43:19.441;536845103994326616;-225;939;-249
2021-11-13T11:43:19.461;536845104014038388;-226;939;-240
2021-11-13T11:43:19.480;536845104033750160;-237;934;-239
2021-11-13T11:43:19.500;536845104053461932;-242;934;-260
2021-11-13T11:43:19.520;536845104073173704;-247;936;-286
2021-11-13T11:43:19.539;536845104092885476;-242;937;-289
2021-11-13T11:43:19.559;536845104112597248;-227;930;-290
2021-11-13T11:43:19.579;536845104132309020;-208;918;-283
2021-11-13T11:43:19.599;536845104152020792;-208;915;-240
2021-11-13T11:43:19.618;536845104171732564;-177;885;-236
2021-11-13T11:43:19.638;536845104191444336;-239;941;-88
2021-11-13T11:43:19.658;536845104211156108;-213;896;-151
2021-11-13T11:43:19.677;536845104230867880;-225;916;-227
2021-11-13T11:43:19.697;536845104250579652;-270;962;-209
2021-11-13T11:43:19.717;536845104270291424;-297;925;-373
2021-11-13T11:43:19.737;536845104290003196;-212;952;-393
2021-11-13T11:43:19.756;536845104309714968;-183;902;-300
2021-11-13T11:43:19.776;536845104329426740;-238;919;-287
2021-11-13T11:43:19.796;536845104349138512;-240;957;-266
2021-11-13T11:43:19.815;536845104368850284;-231;930;-251
2021-11-13T11:43:19.835;536845104388562056;-195;934;-249
2021-11-13T11:43:19.855;536845104408273828;-189;939;-262
2021-11-13T11:43:19.875;536845104427985600;-190;938;-238
2021-11-13T11:43:19.894;536845104447697372;-206;948;-252
2021-11-13T11:43:19.914;536845104467409144;-217;919;-310
2021-11-13T11:43:19.934;536845104487120916;-184;930;-277
2021-11-13T11:43:19.953;536845104506832688;-164;945;-261
2021-11-13T11:43:19.973;536845104526531361;-156;941;-284
2021-11-13T11:43:19.993;536845104546230026;-151;939;-308
2021-11-13T11:43:20.012;536845104565928691;-174;931;-285
2021-11-13T11:43:20.032;536845104585627356;-152;933;-268
2021-11-13T11:43:20.052;536845104605326021;-141;942;-219
2021-11-13T11:43:20.072;536845104625024686;-110;958;-243
2021-11-13T11:43:20.091;536845104644723351;-79;970;-274
2021-11-13T11:43:20.111;536845104664422016;-107;963;-256
2021-11-13T11:43:20.131;536845104684120681;-119;927;-242
2021-11-13T11:43:20.150;536845104703819346;-143;958;-242
2021-11-13T11:43:20.170;536845104723518011;-104;942;-228
2021-11-13T11:43:20.190;536845104743216676;-63;980;-217
2021-11-13T11:43:20.209;536845104762915341;-67;974;-240
2021-11-13T11:43:20.229;536845104782614006;-114;952;-272
2021-11-13T11:43:20.249;536845104802312671;-108;952;-205
2021-11-13T11:43:20.269;536845104822011336;-104;983;-194
2021-11-13T11:43:20.288;536845104841710001;-67;986;-197
2021-11-13T11:43:20.308;536845104861408666;-132;972;-181
2021-11-13T11:43:20.328;536845104881107331;-237;952;-450
2021-11-13T11:43:20.347;536845104900805996;-218;937;-400
2021-11-13T11:43:20.367;536845104920504661;-166;829;-268
2021-11-13T11:43:20.387;536845104940203326;-295;907;-393
2021-11-13T11:43:20.406;536845104959901991;-105;929;-231
2021-11-13T11:43:20.426;536845104979600656;-218;945;-230
2021-11-13T11:43:20.446;536845104999299321;-146;978;-224
2021-11-13T11:43:20.466;536845105018997986;-134;944;-260
2021-11-13T11:43:20.485;536845105038696651;-166;959;-267
2021-11-13T11:43:20.505;536845105058395316;-113;937;-279
2021-11-13T11:43:20.525;536845105078093981;-101;976;-236
2021-11-13T11:43:20.544;536845105097792646;-84;993;-254
2021-11-13T11:43:20.564;536845105117491311;112;808;-228
2021-11-13T11:43:20.584;536845105137189976;-9;851;-347
2021-11-13T11:43:20.603;536845105156888641;-9;1129;-271
2021-11-13T11:43:20.623;536845105176587306;14;857;-121
2021-11-13T11:43:20.643;536845105196285971;-83;1068;-109
2021-11-13T11:43:20.663;536845105215984636;-48;944;-80
2021-11-13T11:43:20.682;536845105235690583;-62;1002;-142
2021-11-13T11:43:20.702;536845105255396530;-17;971;-135
2021-11-13T11:43:20.722;536845105275102477;-49;957;-196
2021-11-13T11:43:20.741;536845105294808424;-12;979;-222
2021-11-13T11:43:20.761;536845105314514371;3;973;-204
2021-11-13T11:43:20.781;536845105334220318;1;976;-186
2021-11-13T11:43:20.800;536845105353926265;20;1010;-138
2021-11-13T11:43:20.820;536845105373632212;60;902;-81
2021-11-13T11:43:20.840;536845105393338159;41;980;-1
2021-11-13T11:43:20.860;536845105413044106;48;981;2
2021-11-13T11:43:20.879;536845105432750053;58;976;-12
2021-11-13T11:43:20.899;536845105452456000;27;982;-66
2021-11-13T11:43:20.919;536845105472161947;73;934;-95
2021-11-13T11:43:20.938;536845105491867894;28;945;-164
2021-11-13T11:43:20.958;536845105511573841;22;991;-138
2021-11-13T11:43:20.978;536845105531279788;6;1142;9
2021-11-13T11:43:20.998;536845105550985735;104;930;-107
2021-11-13T11:43:21.017;536845105570691682;124;954;-73
2021-11-13T11:43:21.037;536845105590397629;-21;1024;-65
2021-11-13T11:43:21.057;536845105610103576;70;931;-89
2021-11-13T11:43:21.076;536845105629809523;127;939;-66
2021-11-13T11:43:21.096;536845105649515470;88;1002;95
2021-11-13T11:43:21.116;536845105669221417;69;1056;-76
2021-11-13T11:43:21.135;536845105688927364;21;989;116
2021-11-13T11:43:21.155;536845105708633311;-134;1081;-29
2021-11-13T11:43:21.175;536845105728339258;-84;1118;121
2021-11-13T11:43:21.195;536845105748045205;-85;1214;130
2021-11-13T11:43:21.214;536845105767751152;7;1040;132
2021-11-13T11:43:21.234;536845105787457099;-52;775;-12
2021-11-13T11:43:21.254;536845105807163046;222;562;-621
2021-11-13T11:43:21.273;536845105826868993;419;643;-728
2021-11-13T11:43:21.293;536845105846574940;196;724;-208
2021-11-13T11:43:21.313;536845105866280887;-217;1269;287
2021-11-13T11:43:21.333;536845105885986834;-303;1294;-104
2021-11-13T11:43:21.352;536845105905692781;162;933;-125
2021-11-13T11:43:21.372;536845105925398728;-31;1031;94
2021-11-13T11:43:21.392;536845105945104679;-4;963;-50
2021-11-13T11:43:21.411;536845105964810626;3;964;-119
2021-11-13T11:43:21.431;536845105984516573;35;989;-89
2021-11-13T11:43:21.451;536845106004222520;20;1026;-51
2021-11-13T11:43:21.470;536845106023928467;39;975;-67
2021-11-13T11:43:21.490;536845106043634414;8;983;-73
2021-11-13T11:43:21.510;536845106063340361;6;979;-90
2021-11-13T11:43:21.530;536845106083046308;6;986;-81
2021-11-13T11:43:21.549;536845106102752255;-10;987;-47
2021-11-13T11:43:21.569;536845106122458202;-3;984;-62
2021-11-13T11:43:21.589;536845106142164149;6;985;-54
2021-11-13T11:43:21.608;536845106161870096;5;989;-54
2021-11-13T11:43:21.628;536845106181576043;-18;992;-124
2021-11-13T11:43:21.648;536845106201281990;-8;1028;-238
2021-11-13T11:43:21.668;536845106220987937;76;1069;-194
2021-11-13T11:43:21.687;536845106240693884;76;970;-251
2021-11-13T11:43:21.707;536845106260399831;283;911;-433
2021-11-13T11:43:21.727;536845106280105778;-66;942;38
2021-11-13T11:43:21.746;536845106299811725;-196;788;350
2021-11-13T11:43:21.766;536845106319517672;-90;906;216
2021-11-13T11:43:21.786;536845106339223619;173;847;-288
2021-11-13T11:43:21.805;536845106358929566;194;994;-218
2021-11-13T11:43:21.825;536845106378635513;-113;1234;36
2021-11-13T11:43:21.845;536845106398341460;6;964;-116
2021-11-13T11:43:21.865;536845106418047407;62;944;-85
2021-11-13T11:43:21.884;536845106437753354;-18;992;-35
2021-11-13T11:43:21.904;536845106457459301;23;981;-85
2021-11-13T11:43:21.924;536845106477165248;14;991;-105
2021-11-13T11:43:21.943;536845106496871195;45;990;-119
2021-11-13T11:43:21.963;536845106516577142;89;984;-121
2021-11-13T11:43:21.983;536845106536283089;68;986;-66
2021-11-13T11:43:22.003;536845106555989036;52;989;-2
2021-11-13T11:43:22.022;536845106575694983;38;979;-28
2021-11-13T11:43:22.042;536845106595400930;-15;981;-16
2021-11-13T11:43:22.062;536845106615106877;-52;984;-67
2021-11-13T11:43:22.081;536845106634812824;14;979;-129
2021-11-13T11:43:22.101;536845106654518802;26;982;-89
2021-11-13T11:43:22.121;536845106674224748;34;982;-84
2021-11-13T11:43:22.140;536845106693930694;18;987;-51
2021-11-13T11:43:22.160;536845106713636640;-21;997;-11
2021-11-13T11:43:22.180;536845106733342586;-8;983;-2
2021-11-13T11:43:22.200;536845106753048532;-15;975;-4
2021-11-13T11:43:22.219;536845106772754478;-6;984;-53
2021-11-13T11:43:22.239;536845106792460424;-8;972;-70
2021-11-13T11:43:22.259;536845106812166370;-43;991;-110
2021-11-13T11:43:22.278;536845106831872316;-65;973;-184
2021-11-13T11:43:22.298;536845106851578262;-119;968;-244
2021-11-13T11:43:22.318;536845106871284208;-61;979;-235
2021-11-13T11:43:22.338;536845106890990154;-171;1092;-200
2021-11-13T11:43:22.357;536845106910696100;-605;1911;-247
2021-11-13T11:43:22.377;536845106930402046;760;-248;200
2021-11-13T11:43:22.397;536845106950107992;192;474;-127
2021-11-13T11:43:22.416;536845106969813938;-186;1495;-369
2021-11-13T11:43:22.436;536845106989519884;-326;921;-231
2021-11-13T11:43:22.456;536845107009225830;-123;982;-192
2021-11-13T11:43:22.475;536845107028931776;-57;812;-210
2021-11-13T11:43:22.495;536845107048637722;-374;1205;-403
2021-11-13T11:43:22.515;536845107068343668;-145;827;-238
2021-11-13T11:43:22.535;536845107088049614;-198;942;-261
2021-11-13T11:43:22.554;536845107107755560;-231;939;-279
2021-11-13T11:43:22.574;536845107127461506;-241;918;-322
2021-11-13T11:43:22.594;536845107147167452;-178;925;-334
2021-11-13T11:43:22.613;536845107166873398;-191;929;-329
2021-11-13T11:43:22.633;536845107186579344;-195;959;-314
2021-11-13T11:43:22.653;536845107206285290;-226;889;-307
2021-11-13T11:43:22.673;536845107225991236;-254;890;-208
2021-11-13T11:43:22.692;536845107245697182;-238;955;-206
2021-11-13T11:43:22.712;536845107265403128;-304;873;-374
2021-11-13T11:43:22.732;536845107285109074;-372;884;-352
2021-11-13T11:43:22.751;536845107304815020;-402;872;-300
2021-11-13T11:43:22.771;536845107324520966;-403;882;-322
2021-11-13T11:43:22.791;536845107344226912;-305;894;-365
2021-11-13T11:43:22.810;536845107363919049;-284;893;-377
2021-11-13T11:43:22.830;536845107383611160;-309;878;-371
2021-11-13T11:43:22.850;536845107403303271;-260;915;-333
2021-11-13T11:43:22.870;536845107422995382;-252;877;-345
2021-11-13T11:43:22.889;536845107442687493;-241;888;-275
2021-11-13T11:43:22.909;536845107462379604;-334;878;-225
2021-11-13T11:43:22.929;536845107482071715;-404;876;-239
2021-11-13T11:43:22.948;536845107501763826;-318;882;-314
2021-11-13T11:43:22.968;536845107521455937;-240;896;-383
2021-11-13T11:43:22.988;536845107541148048;-184;929;-359
2021-11-13T11:43:23.007;536845107560840159;-247;925;-352
2021-11-13T11:43:23.027;536845107580532270;-346;889;-353
2021-11-13T11:43:23.047;536845107600224381;-399;833;-403
2021-11-13T11:43:23.066;536845107619916492;-331;868;-367
2021-11-13T11:43:23.086;536845107639608603;-292;891;-384
2021-11-13T11:43:23.106;536845107659300714;-270;883;-353
2021-11-13T11:43:23.126;536845107678992825;-200;954;-257
2021-11-13T11:43:23.145;536845107698684936;-143;967;-217
2021-11-13T11:43:23.165;536845107718377047;-205;937;-212
2021-11-13T11:43:23.185;536845107738069158;-290;906;-250
2021-11-13T11:43:23.204;536845107757761269;-297;882;-316
2021-11-13T11:43:23.224;536845107777453380;-251;891;-362
2021-11-13T11:43:23.244;536845107797145491;-237;906;-359
2021-11-13T11:43:23.263;536845107816837602;-243;917;-313
2021-11-13T11:43:23.283;536845107836529713;-289;908;-314
2021-11-13T11:43:23.303;536845107856221824;-299;904;-342
2021-11-13T11:43:23.322;536845107875913935;-262;896;-363
2021-11-13T11:43:23.342;536845107895606046;-265;896;-356
2021-11-13T11:43:23.362;536845107915298157;-244;913;-287
2021-11-13T11:43:23.382;536845107934990268;-244;920;-243
2021-11-13T11:43:23.401;536845107954682379;-248;910;-245
2021-11-13T11:43:23.421;536845107974374490;-250;913;-257
2021-11-13T11:43:23.441;536845107994066601;-252;904;-274
2021-11-13T11:43:23.460;536845108013758712;-267;905;-302
2021-11-13T11:43:23.480;536845108033450823;-262;902;-307
2021-11-13T11:43:23.500;536845108053142934;-256;916;-295
2021-11-13T11:43:23.519;536845108072844512;-255;911;-294
2021-11-13T11:43:23.539;536845108092546090;-249;912;-290
2021-11-13T11:43:23.559;536845108112247668;-249;915;-284
2021-11-13T11:43:23.579;536845108131949246;-245;911;-286
2021-11-13T11:43:23.598;536845108151650824;-244;910;-287
2021-11-13T11:43:23.618;536845108171352402;-244;915;-280
2021-11-13T11:43:23.638;536845108191053980;-259;906;-277
2021-11-13T11:43:23.657;536845108210755558;-257;910;-271
2021-11-13T11:43:23.677;536845108230457136;-246;914;-268
2021-11-13T11:43:23.697;536845108250158714;-242;916;-273
2021-11-13T11:43:23.716;536845108269860292;-247;917;-281
2021-11-13T11:43:23.736;536845108289561870;-254;913;-280
2021-11-13T11:43:23.756;536845108309263448;-264;913;-283
2021-11-13T11:43:23.776;536845108328965026;-255;911;-293
2021-11-13T11:43:23.795;536845108348666604;-252;913;-291
2021-11-13T11:43:23.815;536845108368368182;-246;919;-270
2021-11-13T11:43:23.835;536845108388069760;-245;924;-259
2021-11-13T11:43:23.854;536845108407771338;-242;935;-250
2021-11-13T11:43:23.874;536845108427472916;-230;939;-241
2021-11-13T11:43:23.894;536845108447174494;-239;925;-241
2021-11-13T11:43:23.913;536845108466876072;-241;934;-247
2021-11-13T11:43:23.933;536845108486577650;-246;933;-263
2021-11-13T11:43:23.953;536845108506279228;-246;927;-253
2021-11-13T11:43:23.973;536845108525980806;-254;937;-247
2021-11-13T11:43:23.992;536845108545682384;-263;936;-261
2021-11-13T11:43:24.012;536845108565383962;-250;917;-257
2021-11-13T11:43:24.032;536845108585085540;-233;942;-245
2021-11-13T11:43:24.051;536845108604787118;-223;953;-212
2021-11-13T11:43:24.071;536845108624488696;-218;951;-220
2021-11-13T11:43:24.091;536845108644190274;-199;964;-237
2021-11-13T11:43:24.110;536845108663891852;-166;961;-263
2021-11-13T11:43:24.130;536845108683593430;-188;943;-270
2021-11-13T11:43:24.150;536845108703295008;-174;962;-209
2021-11-13T11:43:24.170;536845108722996586;-123;939;-149
2021-11-13T11:43:24.189;536845108742698164;-92;911;-111
2021-11-13T11:43:24.209;536845108762399742;-84;892;-119
2021-11-13T11:43:24.229;536845108782101320;-112;936;-178
2021-11-13T11:43:24.248;536845108801802898;-109;992;-196
2021-11-13T11:43:24.268;536845108821504476;-118;931;-174
2021-11-13T11:43:24.288;536845108841206054;-181;946;-253
2021-11-13T11:43:24.307;536845108860907632;-143;968;-308
2021-11-13T11:43:24.327;536845108880609210;-102;946;-234
2021-11-13T11:43:24.347;536845108900310788;-132;992;-193
2021-11-13T11:43:24.367;536845108920012366;-60;986;-134
2021-11-13T11:43:24.386;536845108939713944;-109;999;-228
2021-11-13T11:43:24.406;536845108959415522;-110;946;-248
2021-11-13T11:43:24.426;536845108979117100;-144;950;-465
2021-11-13T11:43:24.445;536845108998818678;-324;1054;-587
2021-11-13T11:43:24.465;536845109018520256;-94;745;-133
2021-11-13T11:43:24.485;536845109038221834;-301;852;-373
2021-11-13T11:43:24.504;536845109057923412;-58;953;-275
2021-11-13T11:43:24.524;536845109077624990;-154;983;-215
2021-11-13T11:43:24.544;536845109097326568;-185;962;-244
2021-11-13T11:43:24.564;536845109117028146;-114;940;-223
2021-11-13T11:43:24.583;536845109136729724;-149;982;-246
2021-11-13T11:43:24.603;536845109156431302;-79;974;-211
2021-11-13T11:43:24.623;536845109176132880;-78;957;-195
2021-11-13T11:43:24.642;536845109195834458;23;914;-216
2021-11-13T11:43:24.662;536845109215536036;83;759;-339
2021-11-13T11:43:24.682;536845109235237614;56;1099;-91
2021-11-13T11:43:24.702;536845109254939192;0;888;-89
2021-11-13T11:43:24.721;536845109274640770;108;1296;-164
2021-11-13T11:43:24.741;536845109294342348;-227;882;-336
2021-11-13T11:43:24.761;536845109314043926;143;1045;80
2021-11-13T11:43:24.780;536845109333745504;-44;844;-81
2021-11-13T11:43:24.800;536845109353447082;102;951;-89
2021-11-13T11:43:24.820;536845109373148660;39;1022;-121
2021-11-13T11:43:24.839;536845109392850238;76;949;-78
2021-11-13T11:43:24.859;536845109412551816;49;978;-36
2021-11-13T11:43:24.879;536845109432253394;46;987;-48
2021-11-13T11:43:24.899;536845109451954972;66;983;-46
2021-11-13T11:43:24.918;536845109471656550;102;973;-33
2021-11-13T11:43:24.938;536845109491361063;104;958;-59
2021-11-13T11:43:24.958;536845109511065553;98;963;-118
2021-11-13T11:43:24.977;536845109530770043;83;997;-121
2021-11-13T11:43:24.997;536845109550474533;75;1005;-53
2021-11-13T11:43:25.017;536845109570179023;104;993;-53
2021-11-13T11:43:25.036;536845109589883513;58;979;-35
2021-11-13T11:43:25.056;536845109609588003;167;969;-77
2021-11-13T11:43:25.076;536845109629292493;184;944;-131
2021-11-13T11:43:25.096;536845109648996983;148;981;-58
2021-11-13T11:43:25.115;536845109668701473;154;1001;-30
2021-11-13T11:43:25.135;536845109688405963;41;1004;21
2021-11-13T11:43:25.155;536845109708110453;32;1013;84
2021-11-13T11:43:25.174;536845109727814943;-17;1042;97
2021-11-13T11:43:25.194;536845109747519433;-149;1070;21
2021-11-13T11:43:25.214;536845109767223923;-43;1163;-42
2021-11-13T11:43:25.233;536845109786928413;-60;1203;81
2021-11-13T11:43:25.253;536845109806632903;-168;1198;166
2021-11-13T11:43:25.273;536845109826337393;-22;806;-218
2021-11-13T11:43:25.293;536845109846041883;256;471;-680
2021-11-13T11:43:25.312;536845109865746373;419;462;-670
2021-11-13T11:43:25.332;536845109885450863;237;636;-423
2021-11-13T11:43:25.352;536845109905155353;-10;779;-326
2021-11-13T11:43:25.371;536845109924859843;-163;1450;398
2021-11-13T11:43:25.391;536845109944564333;-629;1578;116
2021-11-13T11:43:25.411;536845109964268823;320;691;-313
2021-11-13T11:43:25.431;536845109983973313;17;1068;71
2021-11-13T11:43:25.450;536845110003677803;-35;910;-96
2021-11-13T11:43:25.470;536845110023382293;58;938;-155
2021-11-13T11:43:25.490;536845110043086783;19;1131;50
2021-11-13T11:43:25.509;536845110062791273;-4;969;-64
2021-11-13T11:43:25.529;536845110082495763;15;984;-85
2021-11-13T11:43:25.549;536845110102200253;6;980;-64
2021-11-13T11:43:25.568;536845110121904743;-2;984;-103
2021-11-13T11:43:25.588;536845110141609233;-1;986;-129
2021-11-13T11:43:25.608;536845110161313723;3;987;-104
2021-11-13T11:43:25.628;536845110181018213;-2;982;-87
2021-11-13T11:43:25.647;536845110200724161;44;942;-103
2021-11-13T11:43:25.667;536845110220430108;31;983;-91
2021-11-13T11:43:25.687;536845110240136055;31;980;-128
2021-11-13T11:43:25.706;536845110259842002;42;981;-154
2021-11-13T11:43:25.726;536845110279547949;11;957;-53
2021-11-13T11:43:25.746;536845110299253896;-3;962;-73
2021-11-13T11:43:25.766;536845110318959843;17;953;-164
2021-11-13T11:43:25.785;536845110338665790;55;994;-168
2021-11-13T11:43:25.805;536845110358371737;-3;993;-55
2021-11-13T11:43:25.825;536845110378077684;-33;1002;-139
2021-11-13T11:43:25.844;536845110397783631;29;997;-110
2021-11-13T11:43:25.864;536845110417489578;-52;1010;-97
2021-11-13T11:43:25.884;536845110437195525;-42;1094;-27
2021-11-13T11:43:25.903;536845110456901472;282;825;-125
2021-11-13T11:43:25.923;536845110476607419;256;789;-72
2021-11-13T11:43:25.943;536845110496313366;-148;1161;-12
2021-11-13T11:43:25.963;536845110516019313;-173;1018;1
2021-11-13T11:43:25.982;536845110535725260;-8;997;2
2021-11-13T11:43:26.002;536845110555431207;50;988;-26
2021-11-13T11:43:26.022;536845110575137154;22;967;-107
2021-11-13T11:43:26.041;536845110594843101;56;961;-91
2021-11-13T11:43:26.061;536845110614549048;-48;1018;-71
2021-11-13T11:43:26.081;536845110634254995;-283;1277;-55
2021-11-13T11:43:26.101;536845110653960942;228;862;24
2021-11-13T11:43:26.120;536845110673666889;181;585;73
2021-11-13T11:43:26.140;536845110693372836;-191;1235;-109
2021-11-13T11:43:26.160;536845110713078783;27;757;-21
2021-11-13T11:43:26.179;536845110732784730;-221;1093;-135
2021-11-13T11:43:26.199;536845110752490677;-233;975;-128
2021-11-13T11:43:26.219;536845110772196624;-173;960;-198
2021-11-13T11:43:26.238;536845110791902571;-229;955;-261
2021-11-13T11:43:26.258;536845110811608518;-220;887;-257
2021-11-13T11:43:26.278;536845110831314465;-233;920;-240
2021-11-13T11:43:26.298;536845110851020412;-157;975;-195
2021-11-13T11:43:26.317;536845110870726359;-165;960;-161
2021-11-13T11:43:26.337;536845110890432306;-206;936;-224
2021-11-13T11:43:26.357;536845110910126606;-212;932;-215
2021-11-13T11:43:26.376;536845110929820902;-228;924;-222
2021-11-13T11:43:26.396;536845110949515198;-207;933;-298
2021-11-13T11:43:26.416;536845110969209494;-213;932;-378
2021-11-13T11:43:26.435;536845110988903790;-274;937;-363
2021-11-13T11:43:26.455;536845111008598086;-310;888;-279
2021-11-13T11:43:26.475;536845111028292382;-349;910;-280
2021-11-13T11:43:26.495;536845111047986678;-278;911;-321
2021-11-13T11:43:26.514;536845111067680974;-322;946;-371
2021-11-13T11:43:26.534;536845111087375270;-405;943;-465
2021-11-13T11:43:26.554;536845111107069566;-188;684;-916
2021-11-13T11:43:26.573;536845111126763862;-280;916;-301
2021-11-13T11:43:26.593;536845111146458158;-586;670;-55
2021-11-13T11:43:26.613;536845111166152454;-385;770;-72
2021-11-13T11:43:26.632;536845111185846750;-385;761;-250
2021-11-13T11:43:26.652;536845111205541046;-390;932;-152
2021-11-13T11:43:26.672;536845111225235342;-403;1096;-390
2021-11-13T11:43:26.691;536845111244929638;-186;1132;-269
2021-11-13T11:43:26.711;536845111264623934;-132;884;-229
2021-11-13T11:43:26.731;536845111284318230;-191;902;-250
2021-11-13T11:43:26.751;536845111304012526;-233;948;-249
2021-11-13T11:43:26.770;536845111323706822;-259;900;-239
2021-11-13T11:43:26.790;536845111343401118;-284;880;-315
2021-11-13T11:43:26.810;536845111363095414;-339;846;-384
2021-11-13T11:43:26.829;536845111382789710;-375;828;-364
2021-11-13T11:43:26.849;536845111402484006;-349;906;-303
2021-11-13T11:43:26.869;536845111422178302;-262;943;-298
2021-11-13T11:43:26.888;536845111441872598;-240;903;-268
2021-11-13T11:43:26.908;536845111461566894;-271;927;-229
2021-11-13T11:43:26.928;536845111481261190;-284;948;-205
2021-11-13T11:43:26.948;536845111500955486;-267;940;-257
2021-11-13T11:43:26.967;536845111520649782;-232;916;-367
2021-11-13T11:43:26.987;536845111540344078;-260;882;-438
2021-11-13T11:43:27.007;536845111560038374;-313;878;-403
2021-11-13T11:43:27.026;536845111579732670;-272;903;-337
2021-11-13T11:43:27.046;536845111599426966;-197;925;-275
2021-11-13T11:43:27.066;536845111619135853;-187;943;-243
2021-11-13T11:43:27.085;536845111638844712;-237;907;-245
2021-11-13T11:43:27.105;536845111658553571;-247;921;-263
2021-11-13T11:43:27.125;536845111678262430;-235;916;-317
2021-11-13T11:43:27.145;536845111697971289;-243;901;-382
2021-11-13T11:43:27.164;536845111717680148;-243;881;-399
2021-11-13T11:43:27.184;536845111737389007;-244;875;-377
2021-11-13T11:43:27.204;536845111757097866;-239;910;-299
2021-11-13T11:43:27.223;536845111776806725;-235;934;-271
2021-11-13T11:43:27.243;536845111796515584;-239;910;-295
2021-11-13T11:43:27.263;536845111816224443;-247;897;-314
2021-11-13T11:43:27.283;536845111835933302;-269;893;-320
2021-11-13T11:43:27.302;536845111855642161;-306;893;-323
2021-11-13T11:43:27.322;536845111875351020;-268;916;-302
2021-11-13T11:43:27.342;536845111895059879;-245;915;-291
2021-11-13T11:43:27.361;536845111914768738;-236;896;-302
2021-11-13T11:43:27.381;536845111934477597;-255;896;-301
2021-11-13T11:43:27.401;536845111954186456;-244;910;-298
2021-11-13T11:43:27.420;536845111973895315;-264;903;-313
2021-11-13T11:43:27.440;536845111993604174;-277;894;-306
2021-11-13T11:43:27.460;536845112013313033;-261;914;-298
2021-11-13T11:43:27.480;536845112033021892;-252;905;-299
2021-11-13T11:43:27.499;536845112052730751;-248;904;-299
2021-11-13T11:43:27.519;536845112072439610;-247;913;-281
2021-11-13T11:43:27.539;536845112092148469;-263;911;-284
2021-11-13T11:43:27.558;536845112111857328;-291;908;-282
2021-11-13T11:43:27.578;536845112131566187;-282;911;-293
2021-11-13T11:43:27.598;536845112151275046;-266;902;-308
2021-11-13T11:43:27.618;536845112170983905;-252;902;-308
2021-11-13T11:43:27.637;536845112190692764;-246;909;-281
2021-11-13T11:43:27.657;536845112210401623;-253;912;-274
2021-11-13T11:43:27.677;536845112230110482;-265;910;-283
2021-11-13T11:43:27.696;536845112249819341;-258;913;-281
2021-11-13T11:43:27.716;536845112269528200;-252;905;-300
2021-11-13T11:43:27.736;536845112289237059;-246;899;-306
2021-11-13T11:43:27.756;536845112308945918;-260;890;-331
2021-11-13T11:43:27.775;536845112328648230;-250;901;-321
2021-11-13T11:43:27.795;536845112348350536;-267;911;-308
2021-11-13T11:43:27.815;536845112368052842;-262;906;-320
2021-11-13T11:43:27.834;536845112387755148;-255;912;-304
2021-11-13T11:43:27.854;536845112407457454;-258;901;-318
2021-11-13T11:43:27.874;536845112427159760;-268;916;-288
2021-11-13T11:43:27.893;536845112446862066;-271;915;-290
2021-11-13T11:43:27.913;536845112466564372;-241;934;-260
2021-11-13T11:43:27.933;536845112486266678;-241;936;-250
2021-11-13T11:43:27.953;536845112505968984;-240;930;-245
2021-11-13T11:43:27.972;536845112525671290;-225;938;-220
2021-11-13T11:43:27.992;536845112545373596;-200;944;-199
2021-11-13T11:43:28.012;536845112565075902;-160;967;-160
2021-11-13T11:43:28.031;536845112584778208;-202;943;-158
2021-11-13T11:43:28.051;536845112604480514;-197;943;-215
2021-11-13T11:43:28.071;536845112624182820;-202;929;-251
2021-11-13T11:43:28.090;536845112643885126;-200;944;-246
2021-11-13T11:43:28.110;536845112663587432;-216;948;-261
2021-11-13T11:43:28.130;536845112683289738;-181;943;-237
2021-11-13T11:43:28.150;536845112702992044;-166;933;-257
2021-11-13T11:43:28.169;536845112722694350;-119;958;-247
2021-11-13T11:43:28.189;536845112742396656;-92;953;-234
2021-11-13T11:43:28.209;536845112762098962;-107;967;-219
2021-11-13T11:43:28.228;536845112781801268;-97;977;-207
2021-11-13T11:43:28.248;536845112801503574;-62;965;-187
2021-11-13T11:43:28.268;536845112821205880;-85;981;-193
2021-11-13T11:43:28.287;536845112840908186;-109;950;-217
2021-11-13T11:43:28.307;536845112860610492;-126;978;-164
2021-11-13T11:43:28.327;536845112880312798;-100;976;-180
2021-11-13T11:43:28.347;536845112900015104;-153;958;-243
2021-11-13T11:43:28.366;536845112919717410;-126;964;-241
2021-11-13T11:43:28.386;536845112939419716;-144;931;-252
2021-11-13T11:43:28.406;536845112959122022;-80;952;-167
2021-11-13T11:43:28.425;536845112978824328;-275;1068;-302
2021-11-13T11:43:28.445;536845112998526634;-131;866;-282
2021-11-13T11:43:28.465;536845113018228940;-216;873;-265
2021-11-13T11:43:28.485;536845113037934918;-221;939;-377
2021-11-13T11:43:28.504;536845113057640864;-89;897;-339
2021-11-13T11:43:28.524;536845113077346810;-99;980;-233
2021-11-13T11:43:28.544;536845113097052756;-107;955;-307
2021-11-13T11:43:28.563;536845113116758702;-102;915;-371
2021-11-13T11:43:28.583;536845113136464648;-125;934;-297
2021-11-13T11:43:28.603;536845113156170594;-183;972;-255
2021-11-13T11:43:28.622;536845113175876540;-143;958;-256
2021-11-13T11:43:28.642;536845113195582486;0;868;-260
2021-11-13T11:43:28.662;536845113215288432;-78;940;-340
2021-11-13T11:43:28.682;536845113234994378;-19;1051;-144
2021-11-13T11:43:28.701;536845113254700324;-97;984;-166
2021-11-13T11:43:28.721;536845113274406270;-75;981;-95
2021-11-13T11:43:28.741;536845113294112216;-119;983;-105
2021-11-13T11:43:28.760;536845113313818162;-61;965;-83
2021-11-13T11:43:28.780;536845113333524108;-8;977;-1
2021-11-13T11:43:28.800;536845113353230054;-56;952;-126
2021-11-13T11:43:28.820;536845113372936000;-10;999;-105
2021-11-13T11:43:28.839;536845113392641946;4;1004;-37
2021-11-13T11:43:28.859;536845113412347892;74;947;-7
2021-11-13T11:43:28.879;536845113432053838;42;955;-24
2021-11-13T11:43:28.898;536845113451759784;12;958;-62
2021-11-13T11:43:28.918;536845113471465730;10;980;-120
2021-11-13T11:43:28.938;536845113491171676;51;981;-157
2021-11-13T11:43:28.957;536845113510877622;17;971;-122
2021-11-13T11:43:28.977;536845113530583568;-12;994;-103
2021-11-13T11:43:28.997;536845113550289514;68;1052;45
2021-11-13T11:43:29.017;536845113569995460;1;956;-75
2021-11-13T11:43:29.036;536845113589701406;88;981;-58
2021-11-13T11:43:29.056;536845113609407352;136;945;-169
2021-11-13T11:43:29.076;536845113629113298;150;1044;-52
2021-11-13T11:43:29.095;536845113648819244;106;967;-17
2021-11-13T11:43:29.115;536845113668525190;14;985;2
2021-11-13T11:43:29.135;536845113688231136;-10;1018;63
2021-11-13T11:43:29.155;536845113707937082;-10;992;46
2021-11-13T11:43:29.174;536845113727643028;-100;1063;114
2021-11-13T11:43:29.194;536845113747356288;-74;1112;11
2021-11-13T11:43:29.214;536845113767069516;-31;1176;-41
2021-11-13T11:43:29.233;536845113786782744;-70;1112;-28
2021-11-13T11:43:29.253;536845113806495972;20;976;66
2021-11-13T11:43:29.273;536845113826209200;194;557;-496
2021-11-13T11:43:29.292;536845113845922428;375;627;-656
2021-11-13T11:43:29.312;536845113865635656;233;761;-292
2021-11-13T11:43:29.332;536845113885348884;-59;863;-40
2021-11-13T11:43:29.352;536845113905062112;12;1245;147
2021-11-13T11:43:29.371;536845113924775340;-213;1304;59
2021-11-13T11:43:29.391;536845113944488568;151;884;-142
2021-11-13T11:43:29.411;536845113964201796;-38;994;0
2021-11-13T11:43:29.430;536845113983915024;2;958;-48
2021-11-13T11:43:29.450;536845114003628252;86;948;-85
2021-11-13T11:43:29.470;536845114023341480;40;1021;-80
2021-11-13T11:43:29.490;536845114043054708;66;1021;-132
2021-11-13T11:43:29.509;536845114062767936;72;979;-144
2021-11-13T11:43:29.529;536845114082481164;34;954;-77
2021-11-13T11:43:29.549;536845114102194392;38;953;39
2021-11-13T11:43:29.568;536845114121907620;25;966;-15
2021-11-13T11:43:29.588;536845114141620848;80;1007;-63
2021-11-13T11:43:29.608;536845114161334076;44;1004;-107
2021-11-13T11:43:29.628;536845114181047304;103;960;-32
2021-11-13T11:43:29.647;536845114200760532;70;973;13
2021-11-13T11:43:29.667;536845114220473760;31;968;82
2021-11-13T11:43:29.687;536845114240186988;-3;1000;27
2021-11-13T11:43:29.706;536845114259900216;2;1038;-35
2021-11-13T11:43:29.726;536845114279613444;24;977;-57
2021-11-13T11:43:29.746;536845114299326672;43;990;-106
2021-11-13T11:43:29.766;536845114319039900;33;986;-105
2021-11-13T11:43:29.785;536845114338753128;66;946;-17
2021-11-13T11:43:29.805;536845114358466356;14;967;7
2021-11-13T11:43:29.825;536845114378179584;-5;1019;66
2021-11-13T11:43:29.844;536845114397892812;5;939;74
2021-11-13T11:43:29.864;536845114417606040;-20;955;-21
2021-11-13T11:43:29.884;536845114437319268;-67;1031;-183
2021-11-13T11:43:29.904;536845114457018675;-11;959;-207
2021-11-13T11:43:29.923;536845114476718068;-71;923;-165
2021-11-13T11:43:29.943;536845114496417461;-63;944;-125
2021-11-13T11:43:29.963;536845114516116854;-100;989;-103
2021-11-13T11:43:29.982;536845114535816247;-80;1006;-131
2021-11-13T11:43:30.002;536845114555515640;-81;966;-172
2021-11-13T11:43:30.022;536845114575215033;-109;981;-223
2021-11-13T11:43:30.041;536845114594914426;-113;946;-222
2021-11-13T11:43:30.061;536845114614613819;-117;955;-226
2021-11-13T11:43:30.081;536845114634313212;-102;979;-163
2021-11-13T11:43:30.101;536845114654012605;-120;962;-148
2021-11-13T11:43:30.120;536845114673711998;-121;974;-170
2021-11-13T11:43:30.140;536845114693411391;-157;950;-222
2021-11-13T11:43:30.160;536845114713110784;-154;940;-250
2021-11-13T11:43:30.179;536845114732810177;-175;941;-297
2021-11-13T11:43:30.199;536845114752509570;-211;934;-309
2021-11-13T11:43:30.219;536845114772208963;-179;937;-274
2021-11-13T11:43:30.238;536845114791908356;-195;947;-270
2021-11-13T11:43:30.258;536845114811607749;-228;933;-285
2021-11-13T11:43:30.278;536845114831307142;-274;890;-389
2021-11-13T11:43:30.298;536845114851006535;-285;875;-464
2021-11-13T11:43:30.317;536845114870705928;-290;884;-381
2021-11-13T11:43:30.337;536845114890405321;-285;949;-181
2021-11-13T11:43:30.357;536845114910104714;-291;943;-164
2021-11-13T11:43:30.376;536845114929804107;-183;949;-214
2021-11-13T11:43:30.396;536845114949503500;-218;926;-254
2021-11-13T11:43:30.416;536845114969202893;-260;916;-216
2021-11-13T11:43:30.435;536845114988902286;-330;893;-274
2021-11-13T11:43:30.455;536845115008601679;-272;923;-228
2021-11-13T11:43:30.475;536845115028301072;-240;940;-243
2021-11-13T11:43:30.495;536845115048000465;-274;925;-253
2021-11-13T11:43:30.514;536845115067699858;-289;934;-255
2021-11-13T11:43:30.534;536845115087399251;-326;896;-310
2021-11-13T11:43:30.554;536845115107098644;-347;867;-370
2021-11-13T11:43:30.573;536845115126798037;-294;883;-333
2021-11-13T11:43:30.593;536845115146497430;-307;897;-298
2021-11-13T11:43:30.613;536845115166206318;-285;899;-251
2021-11-13T11:43:30.632;536845115185915177;-360;879;-252
2021-11-13T11:43:30.652;536845115205624036;-318;885;-275
2021-11-13T11:43:30.672;536845115225332895;-247;913;-324
2021-11-13T11:43:30.692;536845115245041754;-193;973;-287
2021-11-13T11:43:30.711;536845115264750613;-232;925;-280
2021-11-13T11:43:30.731;536845115284459472;-295;909;-295
2021-11-13T11:43:30.751;536845115304168331;-326;888;-309
2021-11-13T11:43:30.770;536845115323877190;-346;888;-327
2021-11-13T11:43:30.790;536845115343586049;-323;885;-334
2021-11-13T11:43:30.810;536845115363294908;-261;912;-322
2021-11-13T11:43:30.830;536845115383003767;-258;912;-286
2021-11-13T11:43:30.849;536845115402712626;-285;925;-243
2021-11-13T11:43:30.869;536845115422421485;-269;921;-234
2021-11-13T11:43:30.889;536845115442130344;-257;904;-249
2021-11-13T11:43:30.908;536845115461839203;-256;909;-247
2021-11-13T11:43:30.928;536845115481548062;-243;927;-249
2021-11-13T11:43:30.948;536845115501256921;-252;917;-250
2021-11-13T11:43:30.968;536845115520965780;-262;916;-262
2021-11-13T11:43:30.987;536845115540674639;-263;917;-285
2021-11-13T11:43:31.007;536845115560383498;-277;909;-318
2021-11-13T11:43:31.027;536845115580092357;-275;906;-310
2021-11-13T11:43:31.046;536845115599801216;-289;909;-301
2021-11-13T11:43:31.066;536845115619510075;-277;922;-287
2021-11-13T11:43:31.086;536845115639218934;-255;915;-279
2021-11-13T11:43:31.105;536845115658927793;-254;918;-266
2021-11-13T11:43:31.125;536845115678636652;-278;914;-261
2021-11-13T11:43:31.145;536845115698345511;-261;911;-271
2021-11-13T11:43:31.165;536845115718054370;-252;915;-266
2021-11-13T11:43:31.184;536845115737763229;-261;909;-268
2021-11-13T11:43:31.204;536845115757472088;-258;918;-266
2021-11-13T11:43:31.224;536845115777180947;-267;917;-274
2021-11-13T11:43:31.243;536845115796889806;-272;914;-278
2021-11-13T11:43:31.263;536845115816598665;-269;913;-275
2021-11-13T11:43:31.283;536845115836307524;-253;918;-263
2021-11-13T11:43:31.303;536845115856016383;-247;920;-260
2021-11-13T11:43:31.322;536845115875726003;-257;920;-262
2021-11-13T11:43:31.342;536845115895435590;-260;916;-270
2021-11-13T11:43:31.362;536845115915145177;-261;914;-272
2021-11-13T11:43:31.381;536845115934854764;-268;910;-282
2021-11-13T11:43:31.401;536845115954564351;-267;908;-288
2021-11-13T11:43:31.421;536845115974273938;-281;915;-272
2021-11-13T11:43:31.441;536845115993983525;-275;913;-266
2021-11-13T11:43:31.460;536845116013693112;-260;915;-261
2021-11-13T11:43:31.480;536845116033402699;-262;918;-260
2021-11-13T11:43:31.500;536845116053112286;-263;917;-259
2021-11-13T11:43:31.519;536845116072821873;-265;917;-261
2021-11-13T11:43:31.539;536845116092531460;-276;915;-266
2021-11-13T11:43:31.559;536845116112241047;-283;914;-280
2021-11-13T11:43:31.579;536845116131950634;-278;917;-278
2021-11-13T11:43:31.598;536845116151660221;-276;917;-275
2021-11-13T11:43:31.618;536845116171369808;-280;924;-264
2021-11-13T11:43:31.638;536845116191079395;-297;910;-265
2021-11-13T11:43:31.657;536845116210788982;-291;913;-279
2021-11-13T11:43:31.677;536845116230498569;-260;923;-277
2021-11-13T11:43:31.697;536845116250208156;-244;925;-261
2021-11-13T11:43:31.716;536845116269917743;-273;921;-256
2021-11-13T11:43:31.736;536845116289627330;-277;923;-253
2021-11-13T11:43:31.756;536845116309336917;-277;917;-255
2021-11-13T11:43:31.776;536845116329046504;-230;934;-215
2021-11-13T11:43:31.795;536845116348756091;-237;935;-214
2021-11-13T11:43:31.815;536845116368465678;-233;942;-206
2021-11-13T11:43:31.835;536845116388175265;-233;938;-185
2021-11-13T11:43:31.854;536845116407884852;-268;930;-242
2021-11-13T11:43:31.874;536845116427594439;-242;939;-277
2021-11-13T11:43:31.894;536845116447304026;-251;916;-317
2021-11-13T11:43:31.914;536845116467013613;-227;926;-245
2021-11-13T11:43:31.933;536845116486723200;-222;939;-225
2021-11-13T11:43:31.953;536845116506432787;-155;946;-181
2021-11-13T11:43:31.973;536845116526142374;-187;941;-196
2021-11-13T11:43:31.992;536845116545851961;-122;961;-214
2021-11-13T11:43:32.012;536845116565561548;-121;972;-213
2021-11-13T11:43:32.032;536845116585267526;-119;974;-210
2021-11-13T11:43:32.052;536845116604973472;-114;958;-201
2021-11-13T11:43:32.071;536845116624679418;-113;966;-170
2021-11-13T11:43:32.091;536845116644385364;-131;980;-184
2021-11-13T11:43:32.111;536845116664091310;-135;972;-166
2021-11-13T11:43:32.130;536845116683797256;-154;951;-227
2021-11-13T11:43:32.150;536845116703503202;-120;959;-236
2021-11-13T11:43:32.170;536845116723209148;-95;964;-204
2021-11-13T11:43:32.189;536845116742915094;-107;975;-206
2021-11-13T11:43:32.209;536845116762621040;-110;987;-167
2021-11-13T11:43:32.229;536845116782326986;-164;967;-185
2021-11-13T11:43:32.249;536845116802032932;-160;951;-191
2021-11-13T11:43:32.268;536845116821738878;-125;957;-146
2021-11-13T11:43:32.288;536845116841444824;-90;964;-158
2021-11-13T11:43:32.308;536845116861150770;-230;1015;-419
2021-11-13T11:43:32.327;536845116880856716;-110;933;-212
2021-11-13T11:43:32.347;536845116900562662;-256;879;-219
2021-11-13T11:43:32.367;536845116920268608;-215;979;-217
2021-11-13T11:43:32.387;536845116939974554;-163;924;-219
2021-11-13T11:43:32.406;536845116959680500;-250;932;-269
2021-11-13T11:43:32.426;536845116979386446;-239;907;-325
2021-11-13T11:43:32.446;536845116999092392;-205;911;-314
2021-11-13T11:43:32.465;536845117018798338;-140;976;-201
2021-11-13T11:43:32.485;536845117038504284;-130;972;-218
2021-11-13T11:43:32.505;536845117058210230;-156;955;-232
2021-11-13T11:43:32.524;536845117077916176;-125;936;-170
2021-11-13T11:43:32.544;536845117097622122;-97;977;-90
2021-11-13T11:43:32.564;536845117117328068;72;937;-73
2021-11-13T11:43:32.584;536845117137034014;70;931;-203
2021-11-13T11:43:32.603;536845117156739960;62;1033;-14
2021-11-13T11:43:32.623;536845117176445906;-82;1122;-339
2021-11-13T11:43:32.643;536845117196151852;-126;898;-88
2021-11-13T11:43:32.662;536845117215857798;-71;1003;-79
2021-11-13T11:43:32.682;536845117235563744;-73;965;-103
2021-11-13T11:43:32.702;536845117255269690;-16;969;-107
2021-11-13T11:43:32.722;536845117274975636;-35;963;-170
