Phone timestamp;sensor timestamp [ns];X [mg];Y [mg];Z [mg]
2021-11-13T11:44:50.044;536845091853594259;192;-963;134
2021-11-13T11:44:50.063;536845091873342440;201;-960;153
2021-11-13T11:44:50.083;536845091893090621;180;-938;133
2021-11-13T11:44:50.103;536845091912838802;116;-934;159
2021-11-13T11:44:50.122;536845091932586983;140;-904;154
2021-11-13T11:44:50.142;536845091952335164;113;-891;133
2021-11-13T11:44:50.162;536845091972083345;141;-853;141
2021-11-13T11:44:50.182;536845091991831526;105;-886;123
2021-11-13T11:44:50.201;536845092011579707;97;-854;113
2021-11-13T11:44:50.221;536845092031327888;76;-890;109
2021-11-13T11:44:50.241;536845092051076069;68;-882;104
2021-11-13T11:44:50.261;536845092070824250;31;-962;109
2021-11-13T11:44:50.280;536845092090572431;67;-982;122
2021-11-13T11:44:50.300;536845092110320612;184;-999;156
2021-11-13T11:44:50.320;536845092130068793;221;-965;128
2021-11-13T11:44:50.340;536845092149816974;99;-1013;92
2021-11-13T11:44:50.359;536845092169565155;89;-996;143
2021-11-13T11:44:50.379;536845092189313336;49;-988;194
2021-11-13T11:44:50.399;536845092209061517;-11;-982;149
2021-11-13T11:44:50.419;536845092228809698;16;-986;66
2021-11-13T11:44:50.438;536845092248557879;34;-1003;95
2021-11-13T11:44:50.458;536845092268306060;-15;-1016;178
2021-11-13T11:44:50.478;536845092288054241;4;-1021;198
2021-11-13T11:44:50.498;536845092307802422;43;-1016;128
2021-11-13T11:44:50.517;536845092327550603;117;-1028;110
2021-11-13T11:44:50.537;536845092347298784;102;-1023;109
2021-11-13T11:44:50.557;536845092367046965;50;-1076;160
2021-11-13T11:44:50.577;536845092386795146;61;-971;161
2021-11-13T11:44:50.596;536845092406543327;104;-1022;145
2021-11-13T11:44:50.616;536845092426291508;130;-999;166
2021-11-13T11:44:50.636;536845092446039689;76;-1005;156
2021-11-13T11:44:50.656;536845092465787870;21;-965;91
2021-11-13T11:44:50.675;536845092485536051;0;-1007;111
2021-11-13T11:44:50.695;536845092505284232;-46;-978;89
2021-11-13T11:44:50.715;536845092525032413;97;-1036;90
2021-11-13T11:44:50.735;536845092544780594;-34;-1084;56
2021-11-13T11:44:50.754;536845092564528787;141;-1052;112
2021-11-13T11:44:50.774;536845092584276968;43;-1021;91
2021-11-13T11:44:50.794;536845092604025149;164;-1062;124
2021-11-13T11:44:50.814;536845092623773330;344;-952;105
2021-11-13T11:44:50.833;536845092643521511;-693;-1241;110
2021-11-13T11:44:50.853;536845092663269692;364;-1349;823
2021-11-13T11:44:50.873;536845092683017873;-183;-1145;354
2021-11-13T11:44:50.893;536845092702766054;-118;-1345;-69
2021-11-13T11:44:50.912;536845092722514235;543;-791;-354
2021-11-13T11:44:50.932;536845092742262416;275;-975;-149
2021-11-13T11:44:50.952;536845092762010597;-201;-1188;73
2021-11-13T11:44:50.972;536845092781758778;-239;-1191;169
2021-11-13T11:44:50.991;536845092801506959;-110;-1074;147
2021-11-13T11:44:51.011;536845092821255140;113;-1257;60
2021-11-13T11:44:51.031;536845092841003321;186;-1098;62
2021-11-13T11:44:51.051;536845092860751502;147;-1179;-14
2021-11-13T11:44:51.070;536845092880499683;7;-1080;-56
2021-11-13T11:44:51.090;536845092900247864;-265;-1225;28
2021-11-13T11:44:51.110;536845092919996045;-45;-1095;21
2021-11-13T11:44:51.130;536845092939744226;-7;-1164;73
2021-11-13T11:44:51.149;536845092959492407;64;-1149;36
2021-11-13T11:44:51.169;536845092979240588;33;-1258;59
2021-11-13T11:44:51.189;536845092998988769;101;-1049;55
2021-11-13T11:44:51.209;536845093018736950;-51;-1172;53
2021-11-13T11:44:51.228;536845093038485131;-7;-1151;16
2021-11-13T11:44:51.248;536845093058233312;-44;-1123;-52
2021-11-13T11:44:51.268;536845093077981493;-71;-1089;-42
2021-11-13T11:44:51.288;536845093097729674;57;-951;-95
2021-11-13T11:44:51.307;536845093117477855;-265;-1677;-162
2021-11-13T11:44:51.327;536845093137226036;41;-1638;104
2021-11-13T11:44:51.347;536845093156974217;218;-1103;63
2021-11-13T11:44:51.367;536845093176722398;-136;-987;302
2021-11-13T11:44:51.386;536845093196470579;497;-684;-443
2021-11-13T11:44:51.406;536845093216218760;-275;-1929;48
2021-11-13T11:44:51.426;536845093235966941;639;-537;-220
2021-11-13T11:44:51.446;536845093255715122;-311;-1257;18
2021-11-13T11:44:51.465;536845093275470586;-80;-1065;60
2021-11-13T11:44:51.485;536845093295226049;-212;-1043;58
2021-11-13T11:44:51.505;536845093314981512;48;-1072;162
2021-11-13T11:44:51.525;536845093334736975;-95;-1078;20
2021-11-13T11:44:51.544;536845093354492438;100;-1183;47
2021-11-13T11:44:51.564;536845093374247901;133;-1027;-52
2021-11-13T11:44:51.584;536845093394003364;31;-1038;-13
2021-11-13T11:44:51.604;536845093413758827;59;-990;-105
2021-11-13T11:44:51.623;536845093433514290;49;-1004;-64
2021-11-13T11:44:51.643;536845093453269753;145;-992;42
2021-11-13T11:44:51.663;536845093473025216;10;-901;-15
2021-11-13T11:44:51.683;536845093492780679;-357;-1296;138
2021-11-13T11:44:51.702;536845093512536142;41;-1196;261
2021-11-13T11:44:51.722;536845093532291605;-44;-1116;200
2021-11-13T11:44:51.742;536845093552047068;-32;-1034;104
2021-11-13T11:44:51.762;536845093571802531;-10;-1037;-51
2021-11-13T11:44:51.781;536845093591557994;23;-1047;-81
2021-11-13T11:44:51.801;536845093611313457;86;-1028;-62
2021-11-13T11:44:51.821;536845093631068920;79;-1004;-65
2021-11-13T11:44:51.841;536845093650824383;-27;-1096;13
2021-11-13T11:44:51.860;536845093670579846;-38;-1084;71
2021-11-13T11:44:51.880;536845093690335309;-8;-1057;83
2021-11-13T11:44:51.900;536845093710090772;-33;-1094;83
2021-11-13T11:44:51.920;536845093729846235;-22;-1078;65
2021-11-13T11:44:51.940;536845093749601698;-39;-1026;31
2021-11-13T11:44:51.959;536845093769357161;-76;-1110;36
2021-11-13T11:44:51.979;536845093789112624;-99;-1097;5
2021-11-13T11:44:51.999;536845093808868087;15;-1021;1
2021-11-13T11:44:52.019;536845093828623550;-12;-1056;15
2021-11-13T11:44:52.038;536845093848379013;16;-1026;28
2021-11-13T11:44:52.058;536845093868134476;-39;-1103;25
2021-11-13T11:44:52.078;536845093887889939;-21;-1030;11
2021-11-13T11:44:52.098;536845093907645402;-23;-1060;8
2021-11-13T11:44:52.117;536845093927400865;-3;-1048;11
2021-11-13T11:44:52.137;536845093947156328;10;-1075;13
2021-11-13T11:44:52.157;536845093966911791;49;-1074;3
2021-11-13T11:44:52.177;536845093986655615;28;-1068;13
2021-11-13T11:44:52.196;536845094006399427;39;-1074;7
2021-11-13T11:44:52.216;536845094026143239;63;-1084;7
2021-11-13T11:44:52.236;536845094045887051;64;-1095;6
2021-11-13T11:44:52.256;536845094065630863;16;-1127;11
2021-11-13T11:44:52.275;536845094085374675;1;-1117;-19
2021-11-13T11:44:52.295;536845094105118487;48;-1115;15
2021-11-13T11:44:52.315;536845094124862299;-118;-1141;42
2021-11-13T11:44:52.335;536845094144606111;-244;-1048;142
2021-11-13T11:44:52.354;536845094164349923;415;-894;138
2021-11-13T11:44:52.374;536845094184093735;-173;-1247;167
2021-11-13T11:44:52.394;536845094203837547;-71;-1033;171
2021-11-13T11:44:52.413;536845094223581359;57;-968;52
2021-11-13T11:44:52.433;536845094243325171;-116;-1151;86
2021-11-13T11:44:52.453;536845094263068983;-204;-1187;75
2021-11-13T11:44:52.473;536845094282812795;-39;-1236;78
2021-11-13T11:44:52.492;536845094302556607;84;-1226;48
2021-11-13T11:44:52.512;536845094322300419;-21;-1214;76
2021-11-13T11:44:52.532;536845094342044231;28;-1188;125
2021-11-13T11:44:52.552;536845094361788043;62;-1122;92
2021-11-13T11:44:52.571;536845094381531855;166;-1082;73
2021-11-13T11:44:52.591;536845094401275667;9;-1190;138
2021-11-13T11:44:52.611;536845094421019479;15;-1228;184
2021-11-13T11:44:52.631;536845094440763291;5;-1157;117
2021-11-13T11:44:52.650;536845094460507103;-73;-1191;86
2021-11-13T11:44:52.670;536845094480250915;-81;-1138;47
2021-11-13T11:44:52.690;536845094499994727;-101;-1229;56
2021-11-13T11:44:52.710;536845094519738539;-129;-1185;96
2021-11-13T11:44:52.729;536845094539482351;-6;-1170;77
2021-11-13T11:44:52.749;536845094559226163;101;-1212;91
2021-11-13T11:44:52.769;536845094578969975;95;-1164;86
2021-11-13T11:44:52.789;536845094598713787;-17;-1165;78
2021-11-13T11:44:52.808;536845094618457599;-117;-1220;94
2021-11-13T11:44:52.828;536845094638201411;-70;-1220;79
2021-11-13T11:44:52.848;536845094657945223;-94;-1249;94
2021-11-13T11:44:52.868;536845094677689035;-42;-1142;74
2021-11-13T11:44:52.887;536845094697440162;-36;-1257;78
2021-11-13T11:44:52.907;536845094717191255;-122;-1242;55
2021-11-13T11:44:52.927;536845094736942348;-14;-1211;35
2021-11-13T11:44:52.947;536845094756693441;-42;-1200;101
2021-11-13T11:44:52.966;536845094776444534;-206;-1186;6
2021-11-13T11:44:52.986;536845094796195627;-23;-1177;94
2021-11-13T11:44:53.006;536845094815946720;50;-994;57
2021-11-13T11:44:53.026;536845094835697813;-96;-1260;1
2021-11-13T11:44:53.045;536845094855448906;-106;-1210;108
2021-11-13T11:44:53.065;536845094875199999;-247;-1122;41
2021-11-13T11:44:53.085;536845094894951092;-423;-1245;16
2021-11-13T11:44:53.105;536845094914702185;33;-1000;45
2021-11-13T11:44:53.124;536845094934453278;-60;-1188;62
2021-11-13T11:44:53.144;536845094954204371;-30;-1037;60
2021-11-13T11:44:53.164;536845094973955464;-90;-1044;48
2021-11-13T11:44:53.184;536845094993706557;-205;-991;-6
2021-11-13T11:44:53.203;536845095013457650;-323;-1029;91
2021-11-13T11:44:53.223;536845095033208743;17;-907;92
2021-11-13T11:44:53.243;536845095052959836;208;-857;3
2021-11-13T11:44:53.263;536845095072710929;56;-860;70
2021-11-13T11:44:53.282;536845095092462022;-18;-800;58
2021-11-13T11:44:53.302;536845095112213115;25;-733;46
2021-11-13T11:44:53.322;536845095131964208;-108;-693;33
2021-11-13T11:44:53.342;536845095151715301;-26;-634;47
2021-11-13T11:44:53.361;536845095171466394;48;-607;67
2021-11-13T11:44:53.381;536845095191217487;104;-636;83
2021-11-13T11:44:53.401;536845095210968580;88;-618;86
2021-11-13T11:44:53.421;536845095230719673;211;-601;65
2021-11-13T11:44:53.440;536845095250470766;229;-697;92
2021-11-13T11:44:53.460;536845095270221859;264;-790;114
2021-11-13T11:44:53.480;536845095289972952;226;-762;167
2021-11-13T11:44:53.500;536845095309724045;328;-766;111
2021-11-13T11:44:53.519;536845095329475138;341;-953;118
2021-11-13T11:44:53.539;536845095349226231;367;-1026;148
2021-11-13T11:44:53.559;536845095368977324;230;-1137;127
2021-11-13T11:44:53.579;536845095388728417;212;-1105;174
2021-11-13T11:44:53.598;536845095408479515;188;-1130;137
2021-11-13T11:44:53.618;536845095428230609;210;-1117;110
2021-11-13T11:44:53.638;536845095447981703;236;-1093;115
2021-11-13T11:44:53.658;536845095467732797;274;-1061;121
2021-11-13T11:44:53.677;536845095487483891;271;-1035;144
2021-11-13T11:44:53.697;536845095507234985;278;-978;136
2021-11-13T11:44:53.717;536845095526986079;284;-947;117
2021-11-13T11:44:53.737;536845095546737173;315;-927;133
2021-11-13T11:44:53.756;536845095566488267;355;-935;160
2021-11-13T11:44:53.776;536845095586239361;333;-973;151
2021-11-13T11:44:53.796;536845095605990455;246;-1012;143
2021-11-13T11:44:53.816;536845095625741549;224;-1026;136
2021-11-13T11:44:53.835;536845095645492643;212;-1059;132
2021-11-13T11:44:53.855;536845095665243737;218;-1075;139
2021-11-13T11:44:53.875;536845095684994831;195;-1067;119
2021-11-13T11:44:53.895;536845095704745925;265;-1058;122
2021-11-13T11:44:53.914;536845095724497019;252;-1034;161
2021-11-13T11:44:53.934;536845095744248113;284;-1008;144
2021-11-13T11:44:53.954;536845095763999207;300;-990;118
2021-11-13T11:44:53.974;536845095783750301;316;-981;124
2021-11-13T11:44:53.993;536845095803501395;330;-983;138
2021-11-13T11:44:54.013;536845095823252489;290;-999;146
2021-11-13T11:44:54.033;536845095843003583;261;-1005;135
2021-11-13T11:44:54.053;536845095862754677;269;-1011;152
2021-11-13T11:44:54.072;536845095882505771;255;-1014;145
2021-11-13T11:44:54.092;536845095902256865;264;-1039;140
2021-11-13T11:44:54.112;536845095922007959;269;-1042;150
2021-11-13T11:44:54.132;536845095941759053;271;-1048;144
2021-11-13T11:44:54.151;536845095961510147;229;-1024;136
2021-11-13T11:44:54.171;536845095981261241;175;-1012;143
2021-11-13T11:44:54.191;536845096001012335;212;-995;131
2021-11-13T11:44:54.211;536845096020763429;211;-1007;146
2021-11-13T11:44:54.230;536845096040514523;206;-999;148
2021-11-13T11:44:54.250;536845096060265617;200;-989;138
2021-11-13T11:44:54.270;536845096080016711;183;-967;105
2021-11-13T11:44:54.290;536845096099767805;165;-977;109
2021-11-13T11:44:54.309;536845096119517469;135;-952;124
2021-11-13T11:44:54.329;536845096139267106;99;-962;112
2021-11-13T11:44:54.349;536845096159016743;123;-934;122
2021-11-13T11:44:54.369;536845096178766380;129;-903;114
2021-11-13T11:44:54.388;536845096198516017;112;-902;112
2021-11-13T11:44:54.408;536845096218265654;106;-895;134
2021-11-13T11:44:54.428;536845096238015291;95;-899;136
2021-11-13T11:44:54.448;536845096257764928;78;-901;114
2021-11-13T11:44:54.467;536845096277514565;73;-897;99
2021-11-13T11:44:54.487;536845096297264202;104;-907;106
2021-11-13T11:44:54.507;536845096317013839;63;-921;100
2021-11-13T11:44:54.527;536845096336763476;4;-945;92
2021-11-13T11:44:54.546;536845096356513113;-5;-939;106
2021-11-13T11:44:54.566;536845096376262750;1;-946;90
2021-11-13T11:44:54.586;536845096396012387;58;-978;114
2021-11-13T11:44:54.606;536845096415762024;136;-938;138
2021-11-13T11:44:54.625;536845096435511661;124;-958;126
2021-11-13T11:44:54.645;536845096455261298;102;-992;118
2021-11-13T11:44:54.665;536845096475010935;87;-1016;129
2021-11-13T11:44:54.685;536845096494760572;108;-1015;141
2021-11-13T11:44:54.704;536845096514510209;112;-1009;139
2021-11-13T11:44:54.724;536845096534259846;133;-1017;137
2021-11-13T11:44:54.744;536845096554009483;130;-1020;105
2021-11-13T11:44:54.764;536845096573759120;4;-1060;129
2021-11-13T11:44:54.783;536845096593508757;-68;-1052;121
2021-11-13T11:44:54.803;536845096613258394;-43;-1055;205
2021-11-13T11:44:54.823;536845096633008031;20;-1070;153
2021-11-13T11:44:54.843;536845096652757668;156;-1138;112
2021-11-13T11:44:54.862;536845096672507305;175;-989;140
2021-11-13T11:44:54.882;536845096692256942;121;-842;116
2021-11-13T11:44:54.902;536845096712006579;175;-1200;155
2021-11-13T11:44:54.922;536845096731756216;-151;-981;105
2021-11-13T11:44:54.941;536845096751505853;147;-1040;108
2021-11-13T11:44:54.961;536845096771255490;-176;-1078;24
2021-11-13T11:44:54.981;536845096791005127;104;-1076;122
2021-11-13T11:44:55.001;536845096810754764;-44;-1022;75
2021-11-13T11:44:55.020;536845096830500051;42;-1097;137
2021-11-13T11:44:55.040;536845096850245319;112;-1022;119
2021-11-13T11:44:55.060;536845096869990587;157;-997;143
2021-11-13T11:44:55.080;536845096889735855;104;-847;75
2021-11-13T11:44:55.099;536845096909481123;-260;-1201;212
2021-11-13T11:44:55.119;536845096929226391;411;-1368;564
2021-11-13T11:44:55.139;536845096948971659;-310;-1216;457
2021-11-13T11:44:55.159;536845096968716927;337;-821;-32
2021-11-13T11:44:55.178;536845096988462195;478;-1072;-161
2021-11-13T11:44:55.198;536845097008207463;180;-749;-239
2021-11-13T11:44:55.218;536845097027952731;-123;-1271;-101
2021-11-13T11:44:55.238;536845097047697999;-108;-1066;-82
2021-11-13T11:44:55.257;536845097067443267;79;-1241;-26
2021-11-13T11:44:55.277;536845097087188535;-209;-1173;121
2021-11-13T11:44:55.297;536845097106933803;56;-1160;55
2021-11-13T11:44:55.317;536845097126679071;78;-1157;-7
2021-11-13T11:44:55.336;536845097146424339;141;-1216;8
2021-11-13T11:44:55.356;536845097166169607;45;-1183;-46
2021-11-13T11:44:55.376;536845097185914875;-45;-1287;-22
2021-11-13T11:44:55.396;536845097205660143;85;-1135;-12
2021-11-13T11:44:55.415;536845097225405411;57;-1198;56
2021-11-13T11:44:55.435;536845097245150679;57;-1162;23
2021-11-13T11:44:55.455;536845097264895947;42;-1250;31
2021-11-13T11:44:55.475;536845097284641215;43;-1207;20
2021-11-13T11:44:55.494;536845097304386483;30;-1377;-71
2021-11-13T11:44:55.514;536845097324131751;-354;-1949;-8
2021-11-13T11:44:55.534;536845097343877019;255;-948;99
2021-11-13T11:44:55.554;536845097363622287;469;-966;36
2021-11-13T11:44:55.573;536845097383367555;87;-1139;-66
2021-11-13T11:44:55.593;536845097403112823;100;-1200;-32
2021-11-13T11:44:55.613;536845097422858091;-345;-1411;-47
2021-11-13T11:44:55.633;536845097442603359;22;-648;-10
2021-11-13T11:44:55.652;536845097462348627;270;-751;24
2021-11-13T11:44:55.672;536845097482093895;105;-1092;-37
2021-11-13T11:44:55.692;536845097501839163;229;-840;1
2021-11-13T11:44:55.711;536845097521584431;-478;-1781;-68
2021-11-13T11:44:55.731;536845097541328255;-26;-1058;219
2021-11-13T11:44:55.751;536845097561072067;340;-746;170
2021-11-13T11:44:55.771;536845097580815879;-100;-1195;-8
2021-11-13T11:44:55.790;536845097600559691;-63;-1108;-73
2021-11-13T11:44:55.810;536845097620303503;-11;-1102;-6
2021-11-13T11:44:55.830;536845097640047315;204;-899;19
2021-11-13T11:44:55.850;536845097659791127;-38;-1193;15
2021-11-13T11:44:55.869;536845097679534939;-22;-1125;84
2021-11-13T11:44:55.889;536845097699278751;146;-965;121
2021-11-13T11:44:55.909;536845097719022563;-6;-1127;73
2021-11-13T11:44:55.929;536845097738766375;-9;-1082;31
2021-11-13T11:44:55.948;536845097758510187;65;-1014;36
2021-11-13T11:44:55.968;536845097778253999;44;-1036;25
2021-11-13T11:44:55.988;536845097797997811;-22;-1067;26
2021-11-13T11:44:56.008;536845097817741623;-9;-1057;40
2021-11-13T11:44:56.027;536845097837485435;21;-1080;45
2021-11-13T11:44:56.047;536845097857229247;75;-1111;42
2021-11-13T11:44:56.067;536845097876973059;34;-1117;62
2021-11-13T11:44:56.087;536845097896716871;-40;-1091;19
2021-11-13T11:44:56.106;536845097916460683;-99;-1132;12
2021-11-13T11:44:56.126;536845097936204495;-69;-1154;9
2021-11-13T11:44:56.146;536845097955948307;-26;-1114;54
2021-11-13T11:44:56.166;536845097975692119;-115;-1226;65
2021-11-13T11:44:56.185;536845097995435931;-70;-1182;94
2021-11-13T11:44:56.205;536845098015179743;54;-1259;34
2021-11-13T11:44:56.225;536845098034923555;3;-1344;41
2021-11-13T11:44:56.245;536845098054667367;26;-1242;51
2021-11-13T11:44:56.264;536845098074411179;-3;-1232;52
2021-11-13T11:44:56.284;536845098094154991;5;-1255;63
2021-11-13T11:44:56.304;536845098113898803;-34;-1289;119
2021-11-13T11:44:56.324;536845098133642615;98;-1127;137
2021-11-13T11:44:56.343;536845098153386427;145;-1108;87
2021-11-13T11:44:56.363;536845098173130239;75;-1238;106
2021-11-13T11:44:56.383;536845098192874051;-272;-1132;34
2021-11-13T11:44:56.403;536845098212617863;-35;-1062;-45
2021-11-13T11:44:56.422;536845098232361675;-80;-1253;3
2021-11-13T11:44:56.442;536845098252106231;-108;-1244;136
2021-11-13T11:44:56.462;536845098271850771;-168;-1219;163
2021-11-13T11:44:56.482;536845098291595311;-90;-1249;180
2021-11-13T11:44:56.501;536845098311339851;155;-1076;20
2021-11-13T11:44:56.521;536845098331084391;-65;-1211;25
2021-11-13T11:44:56.541;536845098350828931;-56;-1234;66
2021-11-13T11:44:56.560;536845098370573471;-179;-1206;113
2021-11-13T11:44:56.580;536845098390318011;-174;-1243;62
2021-11-13T11:44:56.600;536845098410062551;-80;-1130;56
2021-11-13T11:44:56.620;536845098429807091;181;-1057;50
2021-11-13T11:44:56.639;536845098449551631;-163;-1370;29
2021-11-13T11:44:56.659;536845098469296171;-33;-1099;183
2021-11-13T11:44:56.679;536845098489040711;-143;-1098;70
2021-11-13T11:44:56.699;536845098508785251;-127;-1266;50
2021-11-13T11:44:56.718;536845098528529791;-225;-1168;-10
2021-11-13T11:44:56.738;536845098548274331;-31;-1134;51
2021-11-13T11:44:56.758;536845098568018871;-90;-1083;-19
2021-11-13T11:44:56.778;536845098587763411;-13;-1125;104
2021-11-13T11:44:56.797;536845098607507951;-48;-1068;94
2021-11-13T11:44:56.817;536845098627252491;-37;-1170;109
2021-11-13T11:44:56.837;536845098646997031;142;-1048;33
2021-11-13T11:44:56.857;536845098666741571;19;-1065;82
2021-11-13T11:44:56.876;536845098686486111;43;-953;62
2021-11-13T11:44:56.896;536845098706230651;-54;-970;26
2021-11-13T11:44:56.916;536845098725975191;-101;-864;60
2021-11-13T11:44:56.936;536845098745719731;-54;-742;69
2021-11-13T11:44:56.955;536845098765464271;-82;-692;38
2021-11-13T11:44:56.975;536845098785208811;-166;-607;30
2021-11-13T11:44:56.995;536845098804953351;-37;-515;29
2021-11-13T11:44:57.015;536845098824697891;-151;-515;62
2021-11-13T11:44:57.034;536845098844442431;7;-500;83
2021-11-13T11:44:57.054;536845098864186971;51;-538;105
2021-11-13T11:44:57.074;536845098883931511;289;-568;148
2021-11-13T11:44:57.094;536845098903676051;394;-638;96
2021-11-13T11:44:57.113;536845098923420591;415;-655;57
2021-11-13T11:44:57.133;536845098943165131;454;-729;132
2021-11-13T11:44:57.153;536845098962915526;289;-935;215
2021-11-13T11:44:57.173;536845098982665891;56;-1031;242
2021-11-13T11:44:57.192;536845099002416256;160;-1014;133
2021-11-13T11:44:57.212;536845099022166621;238;-1210;158
2021-11-13T11:44:57.232;536845099041916986;345;-1191;229
2021-11-13T11:44:57.252;536845099061667351;287;-1224;188
2021-11-13T11:44:57.271;536845099081417716;211;-1121;215
2021-11-13T11:44:57.291;536845099101168081;185;-1088;183
2021-11-13T11:44:57.311;536845099120918446;175;-990;117
2021-11-13T11:44:57.331;536845099140668811;218;-972;118
2021-11-13T11:44:57.350;536845099160419176;252;-949;164
2021-11-13T11:44:57.370;536845099180169541;269;-920;175
2021-11-13T11:44:57.390;536845099199919906;233;-938;156
2021-11-13T11:44:57.410;536845099219670271;255;-932;129
2021-11-13T11:44:57.429;536845099239420636;265;-1007;143
2021-11-13T11:44:57.449;536845099259171001;246;-1024;185
2021-11-13T11:44:57.469;536845099278921366;272;-1039;175
2021-11-13T11:44:57.489;536845099298671731;294;-1087;159
2021-11-13T11:44:57.508;536845099318422096;289;-1111;169
2021-11-13T11:44:57.528;536845099338172461;266;-1085;176
2021-11-13T11:44:57.548;536845099357922826;275;-1059;174
2021-11-13T11:44:57.568;536845099377673191;259;-1032;142
2021-11-13T11:44:57.587;536845099397423556;236;-1004;142
2021-11-13T11:44:57.607;536845099417173921;229;-1006;160
2021-11-13T11:44:57.627;536845099436924286;214;-981;141
2021-11-13T11:44:57.647;536845099456674651;233;-1000;141
2021-11-13T11:44:57.666;536845099476425016;257;-986;138
2021-11-13T11:44:57.686;536845099496175381;224;-1012;132
2021-11-13T11:44:57.706;536845099515925746;194;-1021;155
2021-11-13T11:44:57.726;536845099535676111;228;-1026;149
2021-11-13T11:44:57.745;536845099555426476;220;-1057;137
2021-11-13T11:44:57.765;536845099575176841;236;-1040;161
2021-11-13T11:44:57.785;536845099594927206;241;-1048;168
2021-11-13T11:44:57.805;536845099614677571;242;-1028;156
2021-11-13T11:44:57.824;536845099634427936;235;-1024;151
2021-11-13T11:44:57.844;536845099654178301;204;-1006;142
2021-11-13T11:44:57.864;536845099673921391;191;-1014;156
2021-11-13T11:44:57.884;536845099693664475;200;-988;141
2021-11-13T11:44:57.903;536845099713407559;193;-994;136
2021-11-13T11:44:57.923;536845099733150643;177;-960;131
2021-11-13T11:44:57.943;536845099752893727;152;-921;128
2021-11-13T11:44:57.963;536845099772636811;97;-905;114
2021-11-13T11:44:57.982;536845099792379895;66;-889;109
2021-11-13T11:44:58.002;536845099812122979;87;-831;104
2021-11-13T11:44:58.022;536845099831866063;44;-830;97
2021-11-13T11:44:58.042;536845099851609147;-1;-827;88
2021-11-13T11:44:58.061;536845099871352231;5;-828;115
2021-11-13T11:44:58.081;536845099891095315;17;-825;128
2021-11-13T11:44:58.101;536845099910838399;22;-857;110
2021-11-13T11:44:58.120;536845099930581483;74;-894;115
2021-11-13T11:44:58.140;536845099950324567;64;-949;141
2021-11-13T11:44:58.160;536845099970067651;95;-952;133
2021-11-13T11:44:58.180;536845099989810735;84;-955;105
2021-11-13T11:44:58.199;536845100009553819;18;-1006;105
2021-11-13T11:44:58.219;536845100029296903;50;-965;116
2021-11-13T11:44:58.239;536845100049039987;74;-1005;140
2021-11-13T11:44:58.259;536845100068783071;39;-1042;166
2021-11-13T11:44:58.278;536845100088526155;102;-990;131
2021-11-13T11:44:58.298;536845100108269239;131;-1006;107
2021-11-13T11:44:58.318;536845100128012323;96;-1022;118
2021-11-13T11:44:58.338;536845100147755407;20;-1060;141
2021-11-13T11:44:58.357;536845100167498491;56;-1117;166
2021-11-13T11:44:58.377;536845100187241575;94;-1160;179
2021-11-13T11:44:58.397;536845100206984659;84;-1095;149
2021-11-13T11:44:58.417;536845100226727743;106;-1108;114
2021-11-13T11:44:58.436;536845100246470827;59;-1043;112
2021-11-13T11:44:58.456;536845100266213911;112;-906;120
2021-11-13T11:44:58.476;536845100285956995;101;-1175;185
2021-11-13T11:44:58.496;536845100305700079;-60;-927;136
2021-11-13T11:44:58.515;536845100325443163;62;-1042;109
2021-11-13T11:44:58.535;536845100345186247;83;-907;53
2021-11-13T11:44:58.555;536845100364929331;16;-1054;104
2021-11-13T11:44:58.575;536845100384661506;-17;-1050;119
2021-11-13T11:44:58.594;536845100404393667;-98;-1082;123
2021-11-13T11:44:58.614;536845100424125828;-83;-996;111
2021-11-13T11:44:58.634;536845100443857989;-20;-1024;99
2021-11-13T11:44:58.653;536845100463590150;-37;-1042;65
2021-11-13T11:44:58.673;536845100483322311;104;-1055;97
2021-11-13T11:44:58.693;536845100503054472;-21;-1032;66
2021-11-13T11:44:58.713;536845100522786633;51;-1114;187
2021-11-13T11:44:58.732;536845100542518794;-611;-1417;389
2021-11-13T11:44:58.752;536845100562250955;232;-1194;342
2021-11-13T11:44:58.772;536845100581983116;630;-857;6
2021-11-13T11:44:58.792;536845100601715277;119;-1039;9
2021-11-13T11:44:58.811;536845100621447438;325;-1056;157
2021-11-13T11:44:58.831;536845100641179599;-352;-1071;-80
2021-11-13T11:44:58.851;536845100660911760;-14;-1042;46
2021-11-13T11:44:58.871;536845100680643921;-69;-1065;36
2021-11-13T11:44:58.890;536845100700376082;-40;-1141;2
2021-11-13T11:44:58.910;536845100720108243;-30;-1163;79
2021-11-13T11:44:58.930;536845100739840404;-84;-1153;53
2021-11-13T11:44:58.949;536845100759572565;-46;-1213;-2
2021-11-13T11:44:58.969;536845100779304726;-2;-1220;50
2021-11-13T11:44:58.989;536845100799036887;99;-1261;36
2021-11-13T11:44:59.009;536845100818769048;77;-1237;93
2021-11-13T11:44:59.028;536845100838501209;-45;-1396;36
2021-11-13T11:44:59.048;536845100858233370;-632;-2335;-83
2021-11-13T11:44:59.068;536845100877965531;61;-1241;261
2021-11-13T11:44:59.088;536845100897697692;644;-732;-53
2021-11-13T11:44:59.107;536845100917429853;92;-1780;139
2021-11-13T11:44:59.127;536845100937162014;-338;-1311;-248
2021-11-13T11:44:59.147;536845100956894175;496;12;135
2021-11-13T11:44:59.167;536845100976626336;42;-1365;-78
2021-11-13T11:44:59.186;536845100996358497;104;-656;-54
2021-11-13T11:44:59.206;536845101016090658;-148;-930;-52
2021-11-13T11:44:59.226;536845101035822819;-449;-1600;-47
2021-11-13T11:44:59.245;536845101055554980;-489;-1266;348
2021-11-13T11:44:59.265;536845101075287141;531;-787;252
2021-11-13T11:44:59.285;536845101095028794;-398;-1341;-52
2021-11-13T11:44:59.305;536845101114770421;135;-983;130
2021-11-13T11:44:59.324;536845101134512048;235;-972;-89
2021-11-13T11:44:59.344;536845101154253675;95;-1208;-45
2021-11-13T11:44:59.364;536845101173995302;28;-996;23
2021-11-13T11:44:59.384;536845101193736929;60;-1033;66
2021-11-13T11:44:59.403;536845101213478556;-172;-1168;89
2021-11-13T11:44:59.423;536845101233220183;24;-1018;118
2021-11-13T11:44:59.443;536845101252961810;-44;-1098;32
2021-11-13T11:44:59.463;536845101272703437;59;-1021;61
2021-11-13T11:44:59.482;536845101292445064;2;-1033;30
2021-11-13T11:44:59.502;536845101312186691;-12;-1056;35
2021-11-13T11:44:59.522;536845101331928318;-26;-1067;18
2021-11-13T11:44:59.542;536845101351669945;-16;-1086;74
2021-11-13T11:44:59.561;536845101371411572;-32;-1083;68
2021-11-13T11:44:59.581;536845101391153199;25;-1083;49
2021-11-13T11:44:59.601;536845101410894826;57;-1103;41
2021-11-13T11:44:59.621;536845101430636453;142;-1039;-13
2021-11-13T11:44:59.640;536845101450378080;46;-1108;-19
2021-11-13T11:44:59.660;536845101470119707;-223;-1214;33
2021-11-13T11:44:59.680;536845101489861334;-173;-1123;47
2021-11-13T11:44:59.700;536845101509602961;-30;-1005;55
2021-11-13T11:44:59.719;536845101529344588;28;-1163;107
2021-11-13T11:44:59.739;536845101549086215;-142;-1257;134
2021-11-13T11:44:59.759;536845101568827842;-176;-1166;24
2021-11-13T11:44:59.778;536845101588569469;-192;-1230;14
2021-11-13T11:44:59.798;536845101608311096;-56;-1311;-7
2021-11-13T11:44:59.818;536845101628052723;-67;-1323;17
2021-11-13T11:44:59.838;536845101647794350;-4;-1198;39
2021-11-13T11:44:59.857;536845101667535977;135;-1122;62
2021-11-13T11:44:59.877;536845101687277604;-120;-1237;123
2021-11-13T11:44:59.897;536845101707019231;-173;-1258;92
2021-11-13T11:44:59.917;536845101726760858;-152;-1220;88
2021-11-13T11:44:59.936;536845101746502485;109;-1072;-23
2021-11-13T11:44:59.956;536845101766244112;-383;-1225;-84
2021-11-13T11:44:59.976;536845101785985739;-98;-1146;0
2021-11-13T11:44:59.996;536845101805730295;-160;-1264;-48
2021-11-13T11:45:00.015;536845101825474835;-39;-1253;87
2021-11-13T11:45:00.035;536845101845219375;-41;-1161;68
2021-11-13T11:45:00.055;536845101864963915;-42;-1271;136
2021-11-13T11:45:00.075;536845101884708455;-29;-1172;87
2021-11-13T11:45:00.094;536845101904452995;2;-1157;80
2021-11-13T11:45:00.114;536845101924197535;-253;-1224;-2
2021-11-13T11:45:00.134;536845101943942075;64;-1127;39
2021-11-13T11:45:00.154;536845101963686615;-59;-1195;118
2021-11-13T11:45:00.173;536845101983431155;-192;-1148;85
2021-11-13T11:45:00.193;536845102003175695;-140;-1117;-5
2021-11-13T11:45:00.213;536845102022920235;-304;-1191;-35
2021-11-13T11:45:00.233;536845102042664775;-343;-1203;56
2021-11-13T11:45:00.252;536845102062409315;-224;-1083;83
2021-11-13T11:45:00.272;536845102082153855;62;-1026;97
2021-11-13T11:45:00.292;536845102101898395;24;-1075;71
2021-11-13T11:45:00.312;536845102121642935;-228;-1130;49
2021-11-13T11:45:00.331;536845102141387475;-160;-1024;115
2021-11-13T11:45:00.351;536845102161132015;-336;-1103;86
2021-11-13T11:45:00.371;536845102180876555;-208;-1010;61
2021-11-13T11:45:00.391;536845102200621095;43;-977;28
2021-11-13T11:45:00.410;536845102220365635;29;-1108;70
2021-11-13T11:45:00.430;536845102240110175;12;-1010;112
2021-11-13T11:45:00.450;536845102259854715;-64;-995;117
2021-11-13T11:45:00.470;536845102279599255;-165;-999;90
2021-11-13T11:45:00.489;536845102299343795;-241;-994;49
2021-11-13T11:45:00.509;536845102319088335;-16;-881;59
2021-11-13T11:45:00.529;536845102338832875;58;-835;18
2021-11-13T11:45:00.548;536845102358577415;105;-780;32
2021-11-13T11:45:00.568;536845102378321955;93;-774;92
2021-11-13T11:45:00.588;536845102398066495;-25;-669;112
2021-11-13T11:45:00.608;536845102417811035;-73;-617;61
2021-11-13T11:45:00.627;536845102437555575;-54;-567;78
2021-11-13T11:45:00.647;536845102457300115;104;-601;87
2021-11-13T11:45:00.667;536845102477044655;184;-654;56
2021-11-13T11:45:00.687;536845102496789195;221;-696;75
2021-11-13T11:45:00.706;536845102516532280;241;-728;116
2021-11-13T11:45:00.726;536845102536275364;218;-799;162
2021-11-13T11:45:00.746;536845102556018448;269;-828;150
2021-11-13T11:45:00.766;536845102575761532;258;-965;111
2021-11-13T11:45:00.785;536845102595504616;201;-1101;146
2021-11-13T11:45:00.805;536845102615247700;224;-1098;174
2021-11-13T11:45:00.825;536845102634990784;239;-1126;184
2021-11-13T11:45:00.845;536845102654733868;208;-1157;164
2021-11-13T11:45:00.864;536845102674476952;300;-1107;128
2021-11-13T11:45:00.884;536845102694220036;226;-1106;122
2021-11-13T11:45:00.904;536845102713963120;239;-1030;150
2021-11-13T11:45:00.924;536845102733706204;195;-982;131
2021-11-13T11:45:00.943;536845102753449288;219;-993;139
2021-11-13T11:45:00.963;536845102773192372;216;-912;135
2021-11-13T11:45:00.983;536845102792935456;257;-977;128
2021-11-13T11:45:01.003;536845102812678540;261;-962;156
2021-11-13T11:45:01.022;536845102832421624;251;-959;156
2021-11-13T11:45:01.042;536845102852164708;282;-1023;152
2021-11-13T11:45:01.062;536845102871907792;252;-1028;163
2021-11-13T11:45:01.082;536845102891650876;238;-1074;164
2021-11-13T11:45:01.101;536845102911393960;236;-1076;161
2021-11-13T11:45:01.121;536845102931137044;253;-1069;160
2021-11-13T11:45:01.141;536845102950880128;267;-1086;184
2021-11-13T11:45:01.161;536845102970623212;276;-1028;161
2021-11-13T11:45:01.180;536845102990366296;253;-1040;152
2021-11-13T11:45:01.200;536845103010109380;276;-997;158
2021-11-13T11:45:01.220;536845103029852464;257;-996;151
2021-11-13T11:45:01.240;536845103049595548;238;-972;161
2021-11-13T11:45:01.259;536845103069338632;274;-996;155
2021-11-13T11:45:01.279;536845103089081716;248;-1007;161
2021-11-13T11:45:01.299;536845103108824800;250;-1000;166
2021-11-13T11:45:01.318;536845103128567884;228;-1036;144
2021-11-13T11:45:01.338;536845103148310968;220;-1021;149
2021-11-13T11:45:01.358;536845103168054052;248;-1021;157
2021-11-13T11:45:01.378;536845103187797136;260;-1048;167
2021-11-13T11:45:01.397;536845103207540220;278;-1034;160
2021-11-13T11:45:01.417;536845103227282576;281;-1021;155
2021-11-13T11:45:01.437;536845103247024932;260;-1025;180
2021-11-13T11:45:01.457;536845103266767288;245;-1008;172
2021-11-13T11:45:01.476;536845103286509644;260;-1009;159
2021-11-13T11:45:01.496;536845103306252000;276;-1008;163
2021-11-13T11:45:01.516;536845103325994356;262;-1026;164
2021-11-13T11:45:01.536;536845103345736712;212;-1009;174
2021-11-13T11:45:01.555;536845103365479068;245;-1014;167
2021-11-13T11:45:01.575;536845103385221424;236;-1022;158
2021-11-13T11:45:01.595;536845103404963780;239;-1017;161
2021-11-13T11:45:01.615;536845103424706136;235;-1016;156
2021-11-13T11:45:01.634;536845103444448492;225;-1002;156
2021-11-13T11:45:01.654;536845103464190848;220;-1008;142
2021-11-13T11:45:01.674;536845103483933204;230;-1008;165
2021-11-13T11:45:01.694;536845103503675560;208;-1011;179
2021-11-13T11:45:01.713;536845103523417916;211;-1007;178
2021-11-13T11:45:01.733;536845103543160272;218;-1002;162
2021-11-13T11:45:01.753;536845103562902628;185;-991;160
2021-11-13T11:45:01.773;536845103582644984;177;-971;143
2021-11-13T11:45:01.792;536845103602387340;126;-960;142
2021-11-13T11:45:01.812;536845103622129696;121;-926;153
2021-11-13T11:45:01.832;536845103641872052;105;-902;145
2021-11-13T11:45:01.852;536845103661614408;68;-882;120
2021-11-13T11:45:01.871;536845103681356764;45;-867;112
2021-11-13T11:45:01.891;536845103701099120;74;-849;109
2021-11-13T11:45:01.911;536845103720841476;46;-832;106
2021-11-13T11:45:01.930;536845103740583832;17;-835;102
2021-11-13T11:45:01.950;536845103760326188;6;-867;92
2021-11-13T11:45:01.970;536845103780068544;40;-873;104
2021-11-13T11:45:01.990;536845103799810900;26;-921;138
2021-11-13T11:45:02.009;536845103819553256;48;-921;140
2021-11-13T11:45:02.029;536845103839295612;82;-905;117
2021-11-13T11:45:02.049;536845103859037968;90;-915;94
2021-11-13T11:45:02.069;536845103878780324;20;-962;85
2021-11-13T11:45:02.088;536845103898522680;13;-921;111
2021-11-13T11:45:02.108;536845103918265036;-53;-964;145
2021-11-13T11:45:02.128;536845103937997946;-23;-981;138
2021-11-13T11:45:02.148;536845103957730835;28;-1029;107
2021-11-13T11:45:02.167;536845103977463724;181;-1030;103
2021-11-13T11:45:02.187;536845103997196613;124;-1067;124
2021-11-13T11:45:02.207;536845104016929502;-56;-1112;137
2021-11-13T11:45:02.227;536845104036662391;-95;-1019;120
2021-11-13T11:45:02.246;536845104056395280;-173;-980;90
2021-11-13T11:45:02.266;536845104076128169;-18;-1053;104
2021-11-13T11:45:02.286;536845104095861058;57;-1054;119
2021-11-13T11:45:02.305;536845104115593947;-85;-943;57
2021-11-13T11:45:02.325;536845104135326836;41;-1155;113
2021-11-13T11:45:02.345;536845104155059725;-245;-968;94
2021-11-13T11:45:02.365;536845104174792614;1;-1023;127
2021-11-13T11:45:02.384;536845104194525503;-46;-994;42
2021-11-13T11:45:02.404;536845104214258392;8;-1144;73
2021-11-13T11:45:02.424;536845104233991281;47;-1029;153
2021-11-13T11:45:02.444;536845104253724170;120;-1151;186
2021-11-13T11:45:02.463;536845104273457059;-307;-978;-50
2021-11-13T11:45:02.483;536845104293189948;-153;-884;31
2021-11-13T11:45:02.503;536845104312922837;193;-1555;543
2021-11-13T11:45:02.523;536845104332655726;-725;-1212;318
2021-11-13T11:45:02.542;536845104352388615;417;-1015;-110
2021-11-13T11:45:02.562;536845104372121504;617;-926;-182
2021-11-13T11:45:02.582;536845104391854393;57;-1159;188
2021-11-13T11:45:02.601;536845104411587282;-143;-1112;130
2021-11-13T11:45:02.621;536845104431320171;-57;-1115;-94
2021-11-13T11:45:02.641;536845104451053060;-72;-1221;38
2021-11-13T11:45:02.661;536845104470785949;267;-995;-68
2021-11-13T11:45:02.680;536845104490518838;-156;-1252;57
2021-11-13T11:45:02.700;536845104510251727;6;-1158;80
2021-11-13T11:45:02.720;536845104529984616;-40;-1165;-30
2021-11-13T11:45:02.740;536845104549717505;136;-1194;3
2021-11-13T11:45:02.759;536845104569450394;-10;-1175;77
2021-11-13T11:45:02.779;536845104589183283;116;-1123;132
2021-11-13T11:45:02.799;536845104608916172;-79;-1150;75
2021-11-13T11:45:02.819;536845104628649061;-17;-1156;133
2021-11-13T11:45:02.838;536845104648393616;-163;-1136;37
2021-11-13T11:45:02.858;536845104668138156;44;-1033;14
2021-11-13T11:45:02.878;536845104687882696;-36;-1125;51
2021-11-13T11:45:02.898;536845104707627236;-218;-1951;11
2021-11-13T11:45:02.917;536845104727371776;-865;-2349;-48
2021-11-13T11:45:02.937;536845104747116316;106;-627;226
2021-11-13T11:45:02.957;536845104766860856;1441;-377;108
2021-11-13T11:45:02.977;536845104786605396;-360;-1522;-230
2021-11-13T11:45:02.996;536845104806349936;82;-1232;114
2021-11-13T11:45:03.016;536845104826094476;142;-852;-90
2021-11-13T11:45:03.036;536845104845839016;-33;-1130;12
2021-11-13T11:45:03.055;536845104865583556;-73;-1062;133
2021-11-13T11:45:03.075;536845104885328096;-224;-1093;114
2021-11-13T11:45:03.095;536845104905072636;-88;-1075;221
2021-11-13T11:45:03.115;536845104924817176;-39;-1038;197
2021-11-13T11:45:03.134;536845104944561716;123;-1163;201
2021-11-13T11:45:03.154;536845104964306256;83;-1125;180
2021-11-13T11:45:03.174;536845104984050796;114;-995;179
2021-11-13T11:45:03.194;536845105003795336;75;-1077;165
2021-11-13T11:45:03.213;536845105023539876;56;-972;-16
2021-11-13T11:45:03.233;536845105043284416;196;-921;-157
2021-11-13T11:45:03.253;536845105063028956;-43;-1019;0
2021-11-13T11:45:03.273;536845105082773496;-104;-1111;66
2021-11-13T11:45:03.292;536845105102518036;-93;-1072;103
2021-11-13T11:45:03.312;536845105122262576;-165;-1090;88
2021-11-13T11:45:03.332;536845105142007116;-77;-1190;137
2021-11-13T11:45:03.352;536845105161751656;-51;-1089;122
2021-11-13T11:45:03.371;536845105181496196;-7;-1031;49
2021-11-13T11:45:03.391;536845105201240736;-44;-1026;-12
2021-11-13T11:45:03.411;536845105220985276;-26;-980;-32
2021-11-13T11:45:03.431;536845105240729816;33;-990;23
2021-11-13T11:45:03.450;536845105260474356;-1;-958;23
2021-11-13T11:45:03.470;536845105280218896;43;-1002;49
2021-11-13T11:45:03.490;536845105299963436;110;-972;54
2021-11-13T11:45:03.510;536845105319707976;116;-986;93
2021-11-13T11:45:03.529;536845105339452516;18;-1002;56
2021-11-13T11:45:03.549;536845105359200706;101;-1092;86
2021-11-13T11:45:03.569;536845105378948887;259;-1055;100
2021-11-13T11:45:03.589;536845105398697068;371;-1088;34
2021-11-13T11:45:03.608;536845105418445249;260;-1159;62
2021-11-13T11:45:03.628;536845105438193430;294;-1169;74
2021-11-13T11:45:03.648;536845105457941611;365;-1143;51
2021-11-13T11:45:03.668;536845105477689792;190;-1141;34
2021-11-13T11:45:03.687;536845105497437973;120;-1058;21
2021-11-13T11:45:03.707;536845105517186154;225;-1025;19
2021-11-13T11:45:03.727;536845105536934335;271;-1028;51
2021-11-13T11:45:03.747;536845105556682516;225;-1042;33
2021-11-13T11:45:03.766;536845105576430697;73;-1085;2
2021-11-13T11:45:03.786;536845105596178878;165;-1058;14
2021-11-13T11:45:03.806;536845105615927059;353;-1078;-18
2021-11-13T11:45:03.826;536845105635675240;200;-1153;83
2021-11-13T11:45:03.845;536845105655423421;119;-1166;114
2021-11-13T11:45:03.865;536845105675171602;161;-1108;76
2021-11-13T11:45:03.885;536845105694919783;224;-1134;50
2021-11-13T11:45:03.905;536845105714667964;210;-1103;34
2021-11-13T11:45:03.924;536845105734416145;136;-1043;50
2021-11-13T11:45:03.944;536845105754164326;62;-1210;147
2021-11-13T11:45:03.964;536845105773912507;-220;-1463;176
2021-11-13T11:45:03.984;536845105793660688;-273;-1139;117
2021-11-13T11:45:04.003;536845105813408869;165;-649;-4
2021-11-13T11:45:04.023;536845105833157050;319;-1108;102
2021-11-13T11:45:04.043;536845105852905231;-508;-1309;119
2021-11-13T11:45:04.063;536845105872653412;-165;-1289;70
2021-11-13T11:45:04.082;536845105892401593;-245;-1323;-9
2021-11-13T11:45:04.102;536845105912149774;126;-1361;62
2021-11-13T11:45:04.122;536845105931897955;-91;-1470;98
2021-11-13T11:45:04.142;536845105951646136;186;-1396;184
2021-11-13T11:45:04.161;536845105971394317;-195;-1384;87
2021-11-13T11:45:04.181;536845105991142498;-183;-1264;51
2021-11-13T11:45:04.201;536845106010890679;-183;-1307;6
2021-11-13T11:45:04.221;536845106030638860;30;-1292;63
2021-11-13T11:45:04.240;536845106050387041;-113;-1334;126
2021-11-13T11:45:04.260;536845106070130865;-132;-1259;159
2021-11-13T11:45:04.280;536845106089874677;32;-1237;92
2021-11-13T11:45:04.300;536845106109618489;-37;-1212;5
2021-11-13T11:45:04.319;536845106129362301;-111;-1293;47
2021-11-13T11:45:04.339;536845106149106113;-206;-1271;108
2021-11-13T11:45:04.359;536845106168849925;-81;-1179;134
2021-11-13T11:45:04.378;536845106188593737;-193;-1269;62
2021-11-13T11:45:04.398;536845106208337549;-50;-1124;10
2021-11-13T11:45:04.418;536845106228081361;-51;-1199;26
2021-11-13T11:45:04.438;536845106247825173;-151;-1063;85
2021-11-13T11:45:04.457;536845106267568985;-225;-1183;100
2021-11-13T11:45:04.477;536845106287312797;-232;-1048;106
2021-11-13T11:45:04.497;536845106307056609;-48;-994;65
2021-11-13T11:45:04.517;536845106326800421;-92;-998;38
2021-11-13T11:45:04.536;536845106346544233;-77;-912;20
2021-11-13T11:45:04.556;536845106366288045;-139;-956;28
2021-11-13T11:45:04.576;536845106386031857;-170;-933;101
2021-11-13T11:45:04.596;536845106405775669;-88;-871;100
2021-11-13T11:45:04.615;536845106425519481;-43;-852;6
2021-11-13T11:45:04.635;536845106445263293;-125;-779;3
2021-11-13T11:45:04.655;536845106465007105;-50;-728;3
2021-11-13T11:45:04.675;536845106484750917;11;-705;40
2021-11-13T11:45:04.694;536845106504494729;13;-678;31
2021-11-13T11:45:04.714;536845106524238541;68;-714;50
2021-11-13T11:45:04.734;536845106543982353;20;-663;61
2021-11-13T11:45:04.754;536845106563726165;103;-671;44
2021-11-13T11:45:04.773;536845106583469977;179;-734;48
2021-11-13T11:45:04.793;536845106603213789;117;-705;43
2021-11-13T11:45:04.813;536845106622957601;37;-775;117
2021-11-13T11:45:04.833;536845106642701413;13;-765;166
2021-11-13T11:45:04.852;536845106662445225;24;-802;141
2021-11-13T11:45:04.872;536845106682189037;174;-840;109
2021-11-13T11:45:04.892;536845106701932849;266;-855;78
2021-11-13T11:45:04.912;536845106721676661;336;-952;104
2021-11-13T11:45:04.931;536845106741420473;393;-1003;156
2021-11-13T11:45:04.951;536845106761164285;359;-1000;155
2021-11-13T11:45:04.971;536845106780900101;345;-1000;168
2021-11-13T11:45:04.991;536845106800635903;286;-995;140
2021-11-13T11:45:05.010;536845106820371705;295;-1005;151
2021-11-13T11:45:05.030;536845106840107507;268;-1053;130
2021-11-13T11:45:05.050;536845106859843309;318;-1063;135
2021-11-13T11:45:05.069;536845106879579111;245;-1058;144
2021-11-13T11:45:05.089;536845106899314913;217;-1000;162
2021-11-13T11:45:05.109;536845106919050715;218;-1000;125
2021-11-13T11:45:05.129;536845106938786517;198;-1003;129
2021-11-13T11:45:05.148;536845106958522319;261;-997;149
2021-11-13T11:45:05.168;536845106978258121;341;-1003;177
2021-11-13T11:45:05.188;536845106997993923;356;-988;175
2021-11-13T11:45:05.208;536845107017729725;378;-992;147
2021-11-13T11:45:05.227;536845107037465527;354;-996;165
2021-11-13T11:45:05.247;536845107057201329;311;-998;187
2021-11-13T11:45:05.267;536845107076937131;276;-984;175
2021-11-13T11:45:05.287;536845107096672933;343;-997;152
2021-11-13T11:45:05.306;536845107116408735;358;-1013;166
2021-11-13T11:45:05.326;536845107136144537;353;-1007;187
2021-11-13T11:45:05.346;536845107155880339;368;-1003;175
2021-11-13T11:45:05.366;536845107175616141;367;-1000;158
2021-11-13T11:45:05.385;536845107195351943;363;-998;152
2021-11-13T11:45:05.405;536845107215087745;351;-992;154
2021-11-13T11:45:05.425;536845107234823547;344;-1002;165
2021-11-13T11:45:05.444;536845107254559349;354;-990;150
2021-11-13T11:45:05.464;536845107274295151;336;-993;162
2021-11-13T11:45:05.484;536845107294030953;336;-974;168
2021-11-13T11:45:05.504;536845107313766755;322;-988;163
2021-11-13T11:45:05.523;536845107333502557;322;-996;169
2021-11-13T11:45:05.543;536845107353238359;354;-1004;168
2021-11-13T11:45:05.563;536845107372974161;345;-1002;203
2021-11-13T11:45:05.583;536845107392709963;349;-985;179
2021-11-13T11:45:05.602;536845107412445765;375;-997;144
2021-11-13T11:45:05.622;536845107432181567;365;-1013;171
2021-11-13T11:45:05.642;536845107451917369;353;-1002;196
2021-11-13T11:45:05.662;536845107471653171;288;-1016;178
2021-11-13T11:45:05.681;536845107491402833;312;-1012;156
2021-11-13T11:45:05.701;536845107511152470;376;-1007;170
2021-11-13T11:45:05.721;536845107530902107;345;-1010;186
2021-11-13T11:45:05.741;536845107550651744;314;-1012;167
2021-11-13T11:45:05.760;536845107570401381;294;-1019;153
2021-11-13T11:45:05.780;536845107590151018;307;-1004;159
2021-11-13T11:45:05.800;536845107609900655;308;-993;164
2021-11-13T11:45:05.820;536845107629650292;290;-1002;176
2021-11-13T11:45:05.839;536845107649399929;280;-1003;184
2021-11-13T11:45:05.859;536845107669149566;266;-1001;173
2021-11-13T11:45:05.879;536845107688899203;236;-1011;182
2021-11-13T11:45:05.899;536845107708648840;234;-1014;188
2021-11-13T11:45:05.918;536845107728398477;235;-992;172
2021-11-13T11:45:05.938;536845107748148114;216;-989;166
2021-11-13T11:45:05.958;536845107767897751;173;-988;190
2021-11-13T11:45:05.978;536845107787647388;188;-921;182
2021-11-13T11:45:05.997;536845107807397025;183;-872;149
2021-11-13T11:45:06.017;536845107827146662;116;-836;141
2021-11-13T11:45:06.037;536845107846896299;141;-773;125
2021-11-13T11:45:06.057;536845107866645936;104;-753;110
2021-11-13T11:45:06.076;536845107886395573;59;-747;97
2021-11-13T11:45:06.096;536845107906145210;25;-748;85
2021-11-13T11:45:06.116;536845107925894847;-46;-767;88
2021-11-13T11:45:06.136;536845107945644484;-59;-809;108
2021-11-13T11:45:06.155;536845107965394121;8;-834;143
2021-11-13T11:45:06.175;536845107985143758;65;-894;146
2021-11-13T11:45:06.195;536845108004893395;103;-886;139
2021-11-13T11:45:06.215;536845108024643032;90;-913;99
2021-11-13T11:45:06.234;536845108044392669;77;-957;68
2021-11-13T11:45:06.254;536845108064142306;87;-1010;126
2021-11-13T11:45:06.274;536845108083891943;19;-1027;179
2021-11-13T11:45:06.294;536845108103641580;67;-1032;177
2021-11-13T11:45:06.313;536845108123391217;74;-1062;127
2021-11-13T11:45:06.333;536845108143140854;104;-1061;129
2021-11-13T11:45:06.353;536845108162890491;57;-1067;141
2021-11-13T11:45:06.373;536845108182640128;-1;-1013;131
2021-11-13T11:45:06.392;536845108202391223;-34;-1057;140
2021-11-13T11:45:06.412;536845108222142317;19;-893;112
2021-11-13T11:45:06.432;536845108241893411;-49;-1058;143
2021-11-13T11:45:06.452;536845108261644505;-63;-1138;174
2021-11-13T11:45:06.471;536845108281395599;1;-1010;164
2021-11-13T11:45:06.491;536845108301146693;-70;-1023;65
2021-11-13T11:45:06.511;536845108320897787;71;-1049;115
2021-11-13T11:45:06.531;536845108340648881;-73;-1061;107
2021-11-13T11:45:06.550;536845108360399975;73;-1092;171
2021-11-13T11:45:06.570;536845108380151069;-135;-1013;134
2021-11-13T11:45:06.590;536845108399902163;13;-1035;139
2021-11-13T11:45:06.610;536845108419653257;65;-1008;119
2021-11-13T11:45:06.629;536845108439404351;-465;-1223;232
2021-11-13T11:45:06.649;536845108459155445;-158;-1383;343
2021-11-13T11:45:06.669;536845108478906539;301;-1177;143
2021-11-13T11:45:06.689;536845108498657633;673;-837;-132
2021-11-13T11:45:06.708;536845108518408727;-171;-1133;-52
2021-11-13T11:45:06.728;536845108538159821;90;-1017;-13
2021-11-13T11:45:06.748;536845108557910915;196;-1233;72
2021-11-13T11:45:06.768;536845108577662009;-106;-1116;-115
2021-11-13T11:45:06.787;536845108597413103;-42;-1258;30
2021-11-13T11:45:06.807;536845108617164197;-29;-1038;-24
2021-11-13T11:45:06.827;536845108636915291;-203;-1206;11
2021-11-13T11:45:06.847;536845108656666385;-80;-1162;13
2021-11-13T11:45:06.866;536845108676417479;-149;-1316;23
2021-11-13T11:45:06.886;536845108696168573;-39;-1175;76
2021-11-13T11:45:06.906;536845108715919667;7;-1222;92
2021-11-13T11:45:06.926;536845108735670761;113;-1209;109
2021-11-13T11:45:06.945;536845108755421855;178;-1222;81
2021-11-13T11:45:06.965;536845108775172949;-6;-1147;-30
2021-11-13T11:45:06.985;536845108794924043;-143;-1137;-16
2021-11-13T11:45:07.005;536845108814675137;-408;-1604;-70
2021-11-13T11:45:07.024;536845108834426231;-583;-2028;85
2021-11-13T11:45:07.044;536845108854177325;621;-430;128
2021-11-13T11:45:07.064;536845108873928419;298;-1077;12
2021-11-13T11:45:07.084;536845108893679513;132;-974;-68
2021-11-13T11:45:07.103;536845108913430609;-172;-1660;80
2021-11-13T11:45:07.123;536845108933181703;-571;-887;-163
2021-11-13T11:45:07.143;536845108952932797;95;-722;-39
2021-11-13T11:45:07.163;536845108972683891;-423;-1922;160
2021-11-13T11:45:07.182;536845108992434985;558;-434;-41
2021-11-13T11:45:07.202;536845109012186079;11;-1543;48
2021-11-13T11:45:07.222;536845109031937173;-280;-936;-91
2021-11-13T11:45:07.242;536845109051688267;19;-967;53
2021-11-13T11:45:07.261;536845109071439361;-270;-1099;5
2021-11-13T11:45:07.281;536845109091190455;-120;-1090;56
2021-11-13T11:45:07.301;536845109110941549;4;-996;1
2021-11-13T11:45:07.321;536845109130692643;-26;-1120;25
2021-11-13T11:45:07.340;536845109150443737;-78;-1023;-25
2021-11-13T11:45:07.360;536845109170194831;-64;-1093;-9
2021-11-13T11:45:07.380;536845109189945925;-105;-1042;-13
2021-11-13T11:45:07.400;536845109209697019;-62;-1056;-33
2021-11-13T11:45:07.419;536845109229448113;-109;-1111;-15
2021-11-13T11:45:07.439;536845109249199207;-106;-1124;-18
2021-11-13T11:45:07.459;536845109268950301;-58;-1109;-19
2021-11-13T11:45:07.479;536845109288701395;0;-1057;0
2021-11-13T11:45:07.498;536845109308452489;-6;-1063;18
2021-11-13T11:45:07.518;536845109328203583;-234;-1261;-31
2021-11-13T11:45:07.538;536845109347954677;-268;-1075;44
2021-11-13T11:45:07.558;536845109367705771;-150;-1014;83
2021-11-13T11:45:07.577;536845109387456865;-60;-1215;145
2021-11-13T11:45:07.597;536845109407207959;-4;-1128;67
2021-11-13T11:45:07.617;536845109426959053;-81;-1263;53
2021-11-13T11:45:07.637;536845109446710147;22;-1166;-14
2021-11-13T11:45:07.656;536845109466461241;-34;-1228;60
2021-11-13T11:45:07.676;536845109486212335;-66;-1167;35
2021-11-13T11:45:07.696;536845109505963429;-47;-1203;18
2021-11-13T11:45:07.716;536845109525714523;34;-1119;95
2021-11-13T11:45:07.735;536845109545465617;-74;-1203;95
2021-11-13T11:45:07.755;536845109565216711;-192;-1215;52
2021-11-13T11:45:07.775;536845109584967805;-150;-1319;50
2021-11-13T11:45:07.795;536845109604718899;-222;-1210;67
2021-11-13T11:45:07.814;536845109624470725;-16;-1193;73
2021-11-13T11:45:07.834;536845109644222547;26;-1155;41
2021-11-13T11:45:07.854;536845109663974369;-6;-1265;87
2021-11-13T11:45:07.874;536845109683726191;-5;-1221;104
2021-11-13T11:45:07.893;536845109703478013;-133;-1150;111
2021-11-13T11:45:07.913;536845109723229835;-189;-1226;63
2021-11-13T11:45:07.933;536845109742981657;-67;-1075;54
2021-11-13T11:45:07.953;536845109762733479;-5;-1169;21
2021-11-13T11:45:07.972;536845109782485301;-62;-1155;52
2021-11-13T11:45:07.992;536845109802237123;-272;-1228;22
2021-11-13T11:45:08.012;536845109821988945;-164;-1053;83
2021-11-13T11:45:08.032;536845109841740767;-152;-1165;72
2021-11-13T11:45:08.051;536845109861492589;-116;-1187;43
2021-11-13T11:45:08.071;536845109881244411;87;-1107;213
2021-11-13T11:45:08.091;536845109900996233;-180;-1109;-81
2021-11-13T11:45:08.111;536845109920748055;-322;-1332;111
2021-11-13T11:45:08.130;536845109940499877;-341;-1045;1
2021-11-13T11:45:08.150;536845109960251699;-56;-1102;89
2021-11-13T11:45:08.170;536845109980003521;-270;-1311;-2
2021-11-13T11:45:08.190;536845109999755343;282;-761;149
2021-11-13T11:45:08.209;536845110019507165;-637;-1390;-49
2021-11-13T11:45:08.229;536845110039258987;-189;-875;113
2021-11-13T11:45:08.249;536845110059010809;-460;-968;-57
2021-11-13T11:45:08.269;536845110078762631;-21;-992;119
2021-11-13T11:45:08.288;536845110098514453;62;-936;-4
2021-11-13T11:45:08.308;536845110118266275;294;-1066;101
2021-11-13T11:45:08.328;536845110138018097;56;-910;11
2021-11-13T11:45:08.348;536845110157769919;-155;-982;58
2021-11-13T11:45:08.367;536845110177521741;-305;-886;16
2021-11-13T11:45:08.387;536845110197273563;-291;-965;57
2021-11-13T11:45:08.407;536845110217025385;-210;-803;79
2021-11-13T11:45:08.427;536845110236777207;-66;-834;46
2021-11-13T11:45:08.446;536845110256529029;51;-806;43
2021-11-13T11:45:08.466;536845110276280851;96;-820;66
2021-11-13T11:45:08.486;536845110296032673;78;-790;102
2021-11-13T11:45:08.506;536845110315784495;-48;-768;102
2021-11-13T11:45:08.525;536845110335533426;-97;-708;70
2021-11-13T11:45:08.545;536845110355282335;-103;-711;51
2021-11-13T11:45:08.565;536845110375031244;5;-719;54
2021-11-13T11:45:08.585;536845110394780153;149;-736;76
2021-11-13T11:45:08.604;536845110414529062;229;-781;99
2021-11-13T11:45:08.624;536845110434277971;326;-859;156
2021-11-13T11:45:08.644;536845110454026880;303;-902;179
2021-11-13T11:45:08.664;536845110473775789;343;-916;197
2021-11-13T11:45:08.683;536845110493524698;250;-1061;186
2021-11-13T11:45:08.703;536845110513273607;190;-1123;173
2021-11-13T11:45:08.723;536845110533022516;131;-1127;170
2021-11-13T11:45:08.743;536845110552771425;106;-1087;152
2021-11-13T11:45:08.762;536845110572520334;135;-1131;144
2021-11-13T11:45:08.782;536845110592269243;165;-1095;173
2021-11-13T11:45:08.802;536845110612018152;183;-1047;161
2021-11-13T11:45:08.822;536845110631767061;150;-1009;143
2021-11-13T11:45:08.841;536845110651515970;125;-993;134
2021-11-13T11:45:08.861;536845110671264879;149;-957;152
2021-11-13T11:45:08.881;536845110691013788;179;-958;168
2021-11-13T11:45:08.901;536845110710762697;196;-963;161
2021-11-13T11:45:08.920;536845110730511606;248;-979;168
2021-11-13T11:45:08.940;536845110750260515;223;-1020;165
2021-11-13T11:45:08.960;536845110770009424;223;-1007;188
2021-11-13T11:45:08.980;536845110789758333;183;-1042;183
2021-11-13T11:45:08.999;536845110809507242;98;-1120;179
2021-11-13T11:45:09.019;536845110829256151;138;-1101;194
2021-11-13T11:45:09.039;536845110849005060;184;-1074;192
2021-11-13T11:45:09.059;536845110868753969;185;-1071;182
2021-11-13T11:45:09.078;536845110888502878;184;-1048;159
2021-11-13T11:45:09.098;536845110908251787;179;-1023;156
2021-11-13T11:45:09.118;536845110928000696;156;-1014;167
2021-11-13T11:45:09.138;536845110947749605;173;-990;166
2021-11-13T11:45:09.157;536845110967498514;188;-989;149
2021-11-13T11:45:09.177;536845110987247423;189;-991;157
2021-11-13T11:45:09.197;536845111006996332;187;-994;152
2021-11-13T11:45:09.217;536845111026745241;177;-1014;155
2021-11-13T11:45:09.236;536845111046491261;171;-1034;163
2021-11-13T11:45:09.256;536845111066237257;199;-1039;173
2021-11-13T11:45:09.276;536845111085983253;187;-1050;172
2021-11-13T11:45:09.296;536845111105729249;170;-1062;173
2021-11-13T11:45:09.315;536845111125475245;168;-1069;171
2021-11-13T11:45:09.335;536845111145221241;187;-1050;181
2021-11-13T11:45:09.355;536845111164967237;163;-1034;179
2021-11-13T11:45:09.375;536845111184713233;142;-1017;155
2021-11-13T11:45:09.394;536845111204459229;131;-1020;162
2021-11-13T11:45:09.414;536845111224205225;125;-1009;170
2021-11-13T11:45:09.434;536845111243951221;142;-1006;160
2021-11-13T11:45:09.454;536845111263697217;144;-1008;153
2021-11-13T11:45:09.473;536845111283443213;129;-1020;160
2021-11-13T11:45:09.493;536845111303189209;135;-1000;148
2021-11-13T11:45:09.513;536845111322935205;125;-996;142
2021-11-13T11:45:09.533;536845111342681201;105;-986;139
2021-11-13T11:45:09.552;536845111362427197;104;-950;134
2021-11-13T11:45:09.572;536845111382173193;104;-932;142
2021-11-13T11:45:09.592;536845111401919189;68;-898;129
2021-11-13T11:45:09.612;536845111421665185;75;-883;115
2021-11-13T11:45:09.631;536845111441411181;53;-851;116
2021-11-13T11:45:09.651;536845111461157177;48;-855;113
2021-11-13T11:45:09.671;536845111480903173;78;-844;119
2021-11-13T11:45:09.691;536845111500649169;92;-868;118
2021-11-13T11:45:09.710;536845111520395165;116;-896;121
2021-11-13T11:45:09.730;536845111540141161;78;-907;129
2021-11-13T11:45:09.750;536845111559887157;23;-932;111
2021-11-13T11:45:09.770;536845111579633153;-56;-947;89
2021-11-13T11:45:09.789;536845111599379149;-42;-950;106
2021-11-13T11:45:09.809;536845111619125145;64;-968;127
2021-11-13T11:45:09.829;536845111638871141;84;-1012;123
2021-11-13T11:45:09.849;536845111658617137;112;-1018;135
2021-11-13T11:45:09.868;536845111678363133;139;-978;132
2021-11-13T11:45:09.888;536845111698109129;102;-1000;155
2021-11-13T11:45:09.908;536845111717855125;47;-943;117
2021-11-13T11:45:09.928;536845111737601121;6;-995;97
2021-11-13T11:45:09.947;536845111757348585;-34;-1013;90
2021-11-13T11:45:09.967;536845111777096038;-88;-964;85
2021-11-13T11:45:09.987;536845111796843491;-30;-1010;138
2021-11-13T11:45:10.006;536845111816590944;-11;-1007;145
2021-11-13T11:45:10.026;536845111836338397;105;-1101;182
2021-11-13T11:45:10.046;536845111856085850;91;-1120;153
2021-11-13T11:45:10.066;536845111875833303;-108;-683;40
2021-11-13T11:45:10.085;536845111895580756;295;-1324;193
2021-11-13T11:45:10.105;536845111915328209;-228;-924;97
2021-11-13T11:45:10.125;536845111935075662;81;-1041;134
2021-11-13T11:45:10.145;536845111954823115;-37;-1015;83
2021-11-13T11:45:10.164;536845111974570568;-255;-1039;71
2021-11-13T11:45:10.184;536845111994318021;13;-934;109
2021-11-13T11:45:10.204;536845112014065474;-152;-1164;107
2021-11-13T11:45:10.224;536845112033812927;175;-1003;148
2021-11-13T11:45:10.243;536845112053560380;-107;-1206;73
2021-11-13T11:45:10.263;536845112073307833;-493;-1210;224
2021-11-13T11:45:10.283;536845112093055286;-84;-1372;770
2021-11-13T11:45:10.303;536845112112802739;-76;-1127;-17
2021-11-13T11:45:10.322;536845112132550192;557;-1101;-437
2021-11-13T11:45:10.342;536845112152297645;502;-770;-122
2021-11-13T11:45:10.362;536845112172045098;-17;-1133;98
2021-11-13T11:45:10.382;536845112191792551;7;-1208;36
2021-11-13T11:45:10.401;536845112211540004;-136;-1154;119
2021-11-13T11:45:10.421;536845112231287457;-82;-1096;111
2021-11-13T11:45:10.441;536845112251034910;-102;-1167;77
2021-11-13T11:45:10.461;536845112270782363;-8;-1109;23
2021-11-13T11:45:10.480;536845112290529816;-132;-1207;-56
2021-11-13T11:45:10.500;536845112310277269;-49;-1092;-52
2021-11-13T11:45:10.520;536845112330024722;-89;-1206;-71
2021-11-13T11:45:10.540;536845112349772175;38;-1176;-11
2021-11-13T11:45:10.559;536845112369519628;-94;-1148;107
2021-11-13T11:45:10.579;536845112389267081;43;-1096;110
2021-11-13T11:45:10.599;536845112409014534;-104;-1300;55
2021-11-13T11:45:10.619;536845112428761987;-895;-2503;-28
2021-11-13T11:45:10.638;536845112448509440;43;-1480;161
2021-11-13T11:45:10.658;536845112468258367;1006;-47;-81
2021-11-13T11:45:10.678;536845112488007276;-18;-1642;-16
2021-11-13T11:45:10.698;536845112507756185;212;-581;-195
2021-11-13T11:45:10.717;536845112527505094;-286;-1663;166
2021-11-13T11:45:10.737;536845112547254003;-620;-1374;-299
2021-11-13T11:45:10.757;536845112567002912;653;231;-46
2021-11-13T11:45:10.777;536845112586751821;-931;-2283;77
2021-11-13T11:45:10.796;536845112606500730;83;-1122;55
2021-11-13T11:45:10.816;536845112626249639;813;-675;130
2021-11-13T11:45:10.836;536845112645998548;-539;-1482;-32
2021-11-13T11:45:10.856;536845112665747457;125;-749;-11
2021-11-13T11:45:10.875;536845112685496366;-62;-1146;81
2021-11-13T11:45:10.895;536845112705245275;-205;-1107;-7
2021-11-13T11:45:10.915;536845112724994184;-6;-1011;19
2021-11-13T11:45:10.935;536845112744743093;-37;-1058;17
2021-11-13T11:45:10.954;536845112764492002;-49;-1095;6
2021-11-13T11:45:10.974;536845112784240911;35;-1024;50
2021-11-13T11:45:10.994;536845112803989820;14;-1075;58
2021-11-13T11:45:11.014;536845112823738729;-18;-1038;24
2021-11-13T11:45:11.033;536845112843487638;-50;-1039;4
2021-11-13T11:45:11.053;536845112863236547;-106;-1094;-8
2021-11-13T11:45:11.073;536845112882985456;-93;-1098;-2
2021-11-13T11:45:11.093;536845112902734365;-25;-1091;11
2021-11-13T11:45:11.112;536845112922483274;21;-1118;-23
2021-11-13T11:45:11.132;536845112942232183;59;-1144;-3
2021-11-13T11:45:11.152;536845112961981092;48;-1175;21
2021-11-13T11:45:11.172;536845112981730001;142;-1076;3
2021-11-13T11:45:11.191;536845113001478910;140;-1178;21
2021-11-13T11:45:11.211;536845113021227819;-260;-1145;-102
2021-11-13T11:45:11.231;536845113040976728;-125;-993;-32
2021-11-13T11:45:11.251;536845113060725637;-259;-1149;96
2021-11-13T11:45:11.270;536845113080474546;-310;-1275;131
2021-11-13T11:45:11.290;536845113100223455;46;-1154;120
2021-11-13T11:45:11.310;536845113119972364;157;-1204;82
2021-11-13T11:45:11.330;536845113139721273;86;-1250;57
2021-11-13T11:45:11.349;536845113159470182;88;-1226;36
2021-11-13T11:45:11.369;536845113179209631;-116;-1258;4
2021-11-13T11:45:11.389;536845113198949074;-41;-1135;27
2021-11-13T11:45:11.409;536845113218688517;-205;-1186;72
2021-11-13T11:45:11.428;536845113238427960;-76;-1219;111
2021-11-13T11:45:11.448;536845113258167403;-9;-1332;99
2021-11-13T11:45:11.468;536845113277906846;-84;-1248;87
2021-11-13T11:45:11.488;536845113297646289;-141;-1163;26
2021-11-13T11:45:11.507;536845113317385732;-147;-1187;40
2021-11-13T11:45:11.527;536845113337125175;-116;-1310;70
2021-11-13T11:45:11.547;536845113356864618;-20;-1249;134
2021-11-13T11:45:11.567;536845113376604061;33;-1260;63
2021-11-13T11:45:11.586;536845113396343504;-192;-1262;52
2021-11-13T11:45:11.606;536845113416082947;-116;-1130;91
2021-11-13T11:45:11.626;536845113435822390;-95;-1234;72
2021-11-13T11:45:11.645;536845113455561833;-159;-1213;35
2021-11-13T11:45:11.665;536845113475301276;-15;-1091;63
2021-11-13T11:45:11.685;536845113495040719;-67;-1182;8
2021-11-13T11:45:11.705;536845113514780162;-368;-1435;78
2021-11-13T11:45:11.724;536845113534519605;32;-773;153
2021-11-13T11:45:11.744;536845113554259048;-384;-1392;-30
2021-11-13T11:45:11.764;536845113573998491;62;-1067;72
2021-11-13T11:45:11.784;536845113593737934;-304;-1104;97
2021-11-13T11:45:11.803;536845113613477377;-313;-1251;27
2021-11-13T11:45:11.823;536845113633216820;254;-908;130
2021-11-13T11:45:11.843;536845113652956263;-290;-1302;-18
2021-11-13T11:45:11.863;536845113672695706;-266;-1025;132
2021-11-13T11:45:11.882;536845113692435149;-247;-1008;45
2021-11-13T11:45:11.902;536845113712174592;-103;-1090;61
2021-11-13T11:45:11.922;536845113731914035;-151;-954;44
2021-11-13T11:45:11.942;536845113751653478;-219;-1104;108
2021-11-13T11:45:11.961;536845113771392921;-61;-853;93
2021-11-13T11:45:11.981;536845113791132364;-51;-918;42
2021-11-13T11:45:12.001;536845113810871807;-32;-782;56
2021-11-13T11:45:12.021;536845113830611250;-261;-718;33
2021-11-13T11:45:12.040;536845113850350693;-76;-609;25
2021-11-13T11:45:12.060;536845113870090136;-127;-543;12
2021-11-13T11:45:12.080;536845113889844170;15;-520;8
2021-11-13T11:45:12.100;536845113909598176;23;-549;-19
2021-11-13T11:45:12.119;536845113929352182;240;-562;35
2021-11-13T11:45:12.139;536845113949106188;318;-545;124
2021-11-13T11:45:12.159;536845113968860194;221;-615;160
2021-11-13T11:45:12.179;536845113988614200;221;-701;140
2021-11-13T11:45:12.198;536845114008368206;326;-716;179
2021-11-13T11:45:12.218;536845114028122212;290;-912;192
2021-11-13T11:45:12.238;536845114047876218;303;-940;158
2021-11-13T11:45:12.258;536845114067630224;293;-1049;137
2021-11-13T11:45:12.277;536845114087384230;153;-1179;168
2021-11-13T11:45:12.297;536845114107138236;37;-1237;170
2021-11-13T11:45:12.317;536845114126892242;206;-1187;189
2021-11-13T11:45:12.337;536845114146646248;179;-1217;185
2021-11-13T11:45:12.356;536845114166400254;214;-1090;176
2021-11-13T11:45:12.376;536845114186154260;259;-1003;77
2021-11-13T11:45:12.396;536845114205908266;225;-988;90
2021-11-13T11:45:12.416;536845114225662272;232;-887;139
2021-11-13T11:45:12.435;536845114245416278;246;-893;158
2021-11-13T11:45:12.455;536845114265170284;289;-890;146
2021-11-13T11:45:12.475;536845114284924290;311;-923;130
2021-11-13T11:45:12.495;536845114304678296;313;-972;156
2021-11-13T11:45:12.514;536845114324432302;195;-1080;187
2021-11-13T11:45:12.534;536845114344186308;159;-1090;181
2021-11-13T11:45:12.554;536845114363940314;215;-1114;174
2021-11-13T11:45:12.574;536845114383694320;252;-1136;182
2021-11-13T11:45:12.593;536845114403448326;273;-1113;188
2021-11-13T11:45:12.613;536845114423202332;294;-1070;161
2021-11-13T11:45:12.633;536845114442956338;232;-1024;145
2021-11-13T11:45:12.653;536845114462710344;222;-994;151
2021-11-13T11:45:12.672;536845114482464350;213;-974;156
2021-11-13T11:45:12.692;536845114502218356;231;-972;140
2021-11-13T11:45:12.712;536845114521972362;226;-995;136
2021-11-13T11:45:12.732;536845114541726368;198;-1011;155
2021-11-13T11:45:12.751;536845114561480374;180;-1019;175
2021-11-13T11:45:12.771;536845114581234380;151;-1035;166
2021-11-13T11:45:12.791;536845114600981134;189;-1045;168
2021-11-13T11:45:12.811;536845114620727858;228;-1060;186
2021-11-13T11:45:12.830;536845114640474582;251;-1051;184
2021-11-13T11:45:12.850;536845114660221306;241;-1049;164
2021-11-13T11:45:12.870;536845114679968030;220;-1032;157
2021-11-13T11:45:12.890;536845114699714754;239;-1012;164
2021-11-13T11:45:12.909;536845114719461478;241;-1003;159
2021-11-13T11:45:12.929;536845114739208202;208;-1023;166
2021-11-13T11:45:12.949;536845114758954926;173;-1022;172
2021-11-13T11:45:12.969;536845114778701650;201;-1012;156
2021-11-13T11:45:12.988;536845114798448374;199;-1039;153
2021-11-13T11:45:13.008;536845114818195098;203;-1031;165
2021-11-13T11:45:13.028;536845114837941822;191;-1044;145
2021-11-13T11:45:13.048;536845114857688546;189;-1049;155
2021-11-13T11:45:13.067;536845114877435270;189;-1027;150
2021-11-13T11:45:13.087;536845114897181994;177;-1016;138
2021-11-13T11:45:13.107;536845114916928718;220;-1011;153
2021-11-13T11:45:13.127;536845114936675442;190;-1007;173
2021-11-13T11:45:13.146;536845114956422166;138;-972;145
2021-11-13T11:45:13.166;536845114976168890;156;-947;135
2021-11-13T11:45:13.186;536845114995915614;122;-939;138
2021-11-13T11:45:13.206;536845115015662338;140;-919;147
2021-11-13T11:45:13.225;536845115035409062;114;-896;123
2021-11-13T11:45:13.245;536845115055155786;114;-900;123
2021-11-13T11:45:13.265;536845115074902510;102;-895;133
2021-11-13T11:45:13.285;536845115094649234;46;-879;133
2021-11-13T11:45:13.304;536845115114395958;45;-869;112
2021-11-13T11:45:13.324;536845115134142682;51;-890;118
2021-11-13T11:45:13.344;536845115153889406;45;-885;120
2021-11-13T11:45:13.364;536845115173636130;10;-859;112
2021-11-13T11:45:13.383;536845115193382854;-21;-863;99
2021-11-13T11:45:13.403;536845115213129578;-17;-907;88
2021-11-13T11:45:13.423;536845115232876302;25;-960;95
2021-11-13T11:45:13.443;536845115252623026;21;-954;125
2021-11-13T11:45:13.462;536845115272369750;69;-906;127
2021-11-13T11:45:13.482;536845115292116474;3;-958;91
