Phone timestamp;sensor timestamp [ns];X [mg];Y [mg];Z [mg]
2021-12-04T11:24:10.379;536588892954409107;-104;-980;-327
2021-12-04T11:24:10.398;536588892974099034;-111;-985;-332
2021-12-04T11:24:10.418;536588892993788961;-114;-984;-330
2021-12-04T11:24:10.438;536588893013478888;-112;-977;-331
2021-12-04T11:24:10.457;536588893033168815;-111;-980;-327
2021-12-04T11:24:10.477;536588893052858742;-106;-987;-320
2021-12-04T11:24:10.497;536588893072548669;-111;-986;-323
2021-12-04T11:24:10.516;536588893092238596;-111;-982;-322
2021-12-04T11:24:10.536;536588893111928523;-113;-979;-325
2021-12-04T11:24:10.556;536588893131618450;-115;-980;-321
2021-12-04T11:24:10.575;536588893151308377;-113;-980;-321
2021-12-04T11:24:10.595;536588893170998304;-109;-981;-316
2021-12-04T11:24:10.615;536588893190688231;-108;-983;-324
2021-12-04T11:24:10.634;536588893210378158;-112;-983;-330
2021-12-04T11:24:10.654;536588893230068085;-116;-977;-313
2021-12-04T11:24:10.674;536588893249758012;-113;-977;-318
2021-12-04T11:24:10.694;536588893269447939;-115;-986;-320
2021-12-04T11:24:10.713;536588893289137866;-112;-978;-328
2021-12-04T11:24:10.733;536588893308827793;-105;-984;-322
2021-12-04T11:24:10.753;536588893328517720;-103;-984;-324
2021-12-04T11:24:10.772;536588893348207647;-115;-988;-317
2021-12-04T11:24:10.792;536588893367897574;-115;-979;-322
2021-12-04T11:24:10.812;536588893387587501;-105;-983;-309
2021-12-04T11:24:10.831;536588893407277428;-117;-981;-323
2021-12-04T11:24:10.851;536588893426967355;-110;-982;-326
2021-12-04T11:24:10.871;536588893446657282;-106;-985;-323
2021-12-04T11:24:10.890;536588893466347209;-110;-981;-310
2021-12-04T11:24:10.910;536588893486037136;-108;-983;-299
2021-12-04T11:24:10.930;536588893505727063;-109;-985;-310
2021-12-04T11:24:10.950;536588893525416990;-112;-981;-329
2021-12-04T11:24:10.969;536588893545106917;-109;-985;-333
2021-12-04T11:24:10.989;536588893564796844;-114;-975;-343
2021-12-04T11:24:11.009;536588893584486771;-108;-988;-316
2021-12-04T11:24:11.028;536588893604176698;-110;-982;-315
2021-12-04T11:24:11.048;536588893623866625;-108;-980;-315
2021-12-04T11:24:11.068;536588893643556552;-107;-987;-304
2021-12-04T11:24:11.087;536588893663246487;-112;-983;-310
2021-12-04T11:24:11.107;536588893682936414;-111;-985;-308
2021-12-04T11:24:11.127;536588893702626341;-110;-984;-322
2021-12-04T11:24:11.146;536588893722316268;-108;-986;-313
2021-12-04T11:24:11.166;536588893742006195;-106;-980;-311
2021-12-04T11:24:11.186;536588893761696122;-115;-980;-314
2021-12-04T11:24:11.205;536588893781386049;-111;-982;-317
2021-12-04T11:24:11.225;536588893801075976;-110;-984;-310
2021-12-04T11:24:11.245;536588893820765903;-112;-979;-306
2021-12-04T11:24:11.265;536588893840455830;-113;-987;-322
2021-12-04T11:24:11.284;536588893860145757;-113;-984;-324
2021-12-04T11:24:11.304;536588893879835684;-109;-979;-311
2021-12-04T11:24:11.324;536588893899525611;-110;-982;-304
2021-12-04T11:24:11.343;536588893919215538;-111;-982;-318
2021-12-04T11:24:11.363;536588893938905465;-107;-987;-316
2021-12-04T11:24:11.383;536588893958595392;-112;-984;-316
2021-12-04T11:24:11.402;536588893978285319;-112;-984;-309
2021-12-04T11:24:11.422;536588893997975246;-114;-986;-315
2021-12-04T11:24:11.442;536588894017665173;-112;-985;-322
2021-12-04T11:24:11.461;536588894037355100;-110;-983;-319
2021-12-04T11:24:11.481;536588894057045027;-111;-980;-315
2021-12-04T11:24:11.501;536588894076734954;-112;-978;-311
2021-12-04T11:24:11.521;536588894096424881;-112;-982;-313
2021-12-04T11:24:11.540;536588894116114808;-115;-981;-307
2021-12-04T11:24:11.560;536588894135804735;-114;-983;-315
2021-12-04T11:24:11.580;536588894155494662;-110;-988;-319
2021-12-04T11:24:11.599;536588894175184589;-107;-985;-315
2021-12-04T11:24:11.619;536588894194874516;-115;-985;-316
2021-12-04T11:24:11.639;536588894214564443;-114;-981;-313
2021-12-04T11:24:11.658;536588894234254370;-111;-982;-313
2021-12-04T11:24:11.678;536588894253944297;-111;-984;-314
2021-12-04T11:24:11.698;536588894273634224;-112;-985;-321
2021-12-04T11:24:11.717;536588894293324151;-114;-979;-313
2021-12-04T11:24:11.737;536588894313014078;-112;-982;-304
2021-12-04T11:24:11.757;536588894332704005;-115;-984;-313
2021-12-04T11:24:11.776;536588894352393932;-112;-985;-313
2021-12-04T11:24:11.796;536588894372075121;-112;-984;-316
2021-12-04T11:24:11.816;536588894391756310;-112;-985;-315
2021-12-04T11:24:11.836;536588894411437499;-112;-983;-310
2021-12-04T11:24:11.855;536588894431118688;-113;-983;-310
2021-12-04T11:24:11.875;536588894450799877;-113;-983;-310
2021-12-04T11:24:11.895;536588894470481066;-112;-979;-312
2021-12-04T11:24:11.914;536588894490162255;-114;-985;-313
2021-12-04T11:24:11.934;536588894509843444;-115;-978;-316
2021-12-04T11:24:11.954;536588894529524633;-115;-981;-312
2021-12-04T11:24:11.973;536588894549205822;-111;-990;-313
2021-12-04T11:24:11.993;536588894568887011;-111;-985;-312
2021-12-04T11:24:12.013;536588894588568200;-110;-985;-305
2021-12-04T11:24:12.032;536588894608249389;-111;-985;-301
2021-12-04T11:24:12.052;536588894627930578;-113;-981;-306
2021-12-04T11:24:12.072;536588894647611767;-113;-985;-307
2021-12-04T11:24:12.091;536588894667292956;-113;-980;-312
2021-12-04T11:24:12.111;536588894686974145;-115;-982;-305
2021-12-04T11:24:12.131;536588894706655334;-119;-985;-314
2021-12-04T11:24:12.150;536588894726336523;-113;-984;-311
2021-12-04T11:24:12.170;536588894746017712;-112;-978;-301
2021-12-04T11:24:12.190;536588894765698901;-112;-979;-307
2021-12-04T11:24:12.209;536588894785380090;-112;-985;-309
2021-12-04T11:24:12.229;536588894805061279;-113;-987;-302
2021-12-04T11:24:12.249;536588894824742468;-112;-984;-305
2021-12-04T11:24:12.269;536588894844423657;-114;-986;-313
2021-12-04T11:24:12.288;536588894864104846;-113;-983;-309
2021-12-04T11:24:12.308;536588894883786035;-113;-983;-315
2021-12-04T11:24:12.328;536588894903467224;-110;-985;-304
2021-12-04T11:24:12.347;536588894923148413;-113;-984;-298
2021-12-04T11:24:12.367;536588894942829602;-114;-986;-308
2021-12-04T11:24:12.387;536588894962510791;-111;-985;-313
2021-12-04T11:24:12.406;536588894982191980;-112;-983;-313
2021-12-04T11:24:12.426;536588895001873169;-112;-982;-308
2021-12-04T11:24:12.446;536588895021554358;-118;-984;-310
2021-12-04T11:24:12.465;536588895041235547;-114;-984;-308
2021-12-04T11:24:12.485;536588895060916736;-111;-989;-304
2021-12-04T11:24:12.505;536588895080595020;-111;-983;-307
2021-12-04T11:24:12.524;536588895100273296;-114;-984;-309
2021-12-04T11:24:12.544;536588895119951572;-110;-986;-303
2021-12-04T11:24:12.564;536588895139629848;-112;-989;-304
2021-12-04T11:24:12.583;536588895159308124;-112;-987;-309
2021-12-04T11:24:12.603;536588895178986400;-112;-988;-315
2021-12-04T11:24:12.623;536588895198664676;-109;-987;-308
2021-12-04T11:24:12.642;536588895218342952;-112;-989;-311
2021-12-04T11:24:12.662;536588895238021228;-74;-992;-321
2021-12-04T11:24:12.682;536588895257699504;-73;-1028;-377
2021-12-04T11:24:12.701;536588895277377780;-70;-1074;-439
2021-12-04T11:24:12.721;536588895297056056;-198;-1161;-500
2021-12-04T11:24:12.741;536588895316734332;-24;-1146;-399
2021-12-04T11:24:12.761;536588895336412608;-57;-1077;-94
2021-12-04T11:24:12.780;536588895356090884;-86;-900;-22
2021-12-04T11:24:12.800;536588895375769160;-90;-885;-93
2021-12-04T11:24:12.820;536588895395447436;-93;-984;-181
2021-12-04T11:24:12.839;536588895415125712;-100;-1006;-310
2021-12-04T11:24:12.859;536588895434803988;-88;-1009;-297
2021-12-04T11:24:12.879;536588895454482264;-155;-1092;-263
2021-12-04T11:24:12.898;536588895474160540;-74;-854;-257
2021-12-04T11:24:12.918;536588895493838816;-110;-1033;-261
2021-12-04T11:24:12.938;536588895513517092;-63;-1020;-275
2021-12-04T11:24:12.957;536588895533195368;-270;-1190;-252
2021-12-04T11:24:12.977;536588895552873644;-71;-1176;-419
2021-12-04T11:24:12.997;536588895572551920;-164;-1134;-446
2021-12-04T11:24:13.016;536588895592230196;-113;-1181;-264
2021-12-04T11:24:13.036;536588895611908472;-36;-1186;-131
2021-12-04T11:24:13.056;536588895631586748;-87;-1047;-98
2021-12-04T11:24:13.075;536588895651265024;-64;-1061;-85
2021-12-04T11:24:13.095;536588895670943300;-180;-1309;-217
2021-12-04T11:24:13.115;536588895690621576;-184;-1088;-287
2021-12-04T11:24:13.134;536588895710299852;-105;-1167;-489
2021-12-04T11:24:13.154;536588895729978128;-105;-1185;-404
2021-12-04T11:24:13.174;536588895749656404;-142;-1184;-416
2021-12-04T11:24:13.193;536588895769334680;-56;-1111;-215
2021-12-04T11:24:13.213;536588895789007158;-79;-1110;-88
2021-12-04T11:24:13.233;536588895808679608;-84;-1119;-153
2021-12-04T11:24:13.252;536588895828352058;-97;-1098;-139
2021-12-04T11:24:13.272;536588895848024508;-205;-1084;-281
2021-12-04T11:24:13.292;536588895867696958;-180;-1141;-386
2021-12-04T11:24:13.311;536588895887369408;-164;-1187;-482
2021-12-04T11:24:13.331;536588895907041858;-84;-1096;-332
2021-12-04T11:24:13.351;536588895926714308;-98;-1121;-178
2021-12-04T11:24:13.370;536588895946386758;-46;-1094;-131
2021-12-04T11:24:13.390;536588895966059208;-167;-1109;-138
2021-12-04T11:24:13.410;536588895985731658;-101;-1067;-210
2021-12-04T11:24:13.429;536588896005404108;-100;-1129;-287
2021-12-04T11:24:13.449;536588896025076558;-82;-1112;-350
2021-12-04T11:24:13.469;536588896044749008;-162;-1037;-287
2021-12-04T11:24:13.489;536588896064421458;-133;-1070;-237
2021-12-04T11:24:13.508;536588896084093908;-70;-1073;-224
2021-12-04T11:24:13.528;536588896103766358;-35;-1065;-199
2021-12-04T11:24:13.548;536588896123438808;-87;-1034;-150
2021-12-04T11:24:13.567;536588896143111258;-78;-978;-88
2021-12-04T11:24:13.587;536588896162783708;-198;-1011;-177
2021-12-04T11:24:13.607;536588896182456158;-66;-926;19
2021-12-04T11:24:13.626;536588896202128608;-350;-1006;-82
2021-12-04T11:24:13.646;536588896221801058;-136;-1003;-276
2021-12-04T11:24:13.666;536588896241473508;-122;-1076;-244
2021-12-04T11:24:13.685;536588896261145958;-137;-1016;-383
2021-12-04T11:24:13.705;536588896280818408;-101;-990;-123
2021-12-04T11:24:13.725;536588896300490858;-102;-950;-175
2021-12-04T11:24:13.744;536588896320163308;-55;-899;57
2021-12-04T11:24:13.764;536588896339835758;-127;-948;-71
2021-12-04T11:24:13.784;536588896359508208;-113;-926;7
2021-12-04T11:24:13.803;536588896379180658;-121;-913;-118
2021-12-04T11:24:13.823;536588896398853108;-78;-859;-20
2021-12-04T11:24:13.843;536588896418525558;-75;-878;-126
2021-12-04T11:24:13.862;536588896438198008;-85;-775;-27
2021-12-04T11:24:13.882;536588896457870458;-204;-849;60
2021-12-04T11:24:13.902;536588896477542908;-188;-797;72
2021-12-04T11:24:13.921;536588896497203712;-70;-890;-69
2021-12-04T11:24:13.941;536588896516864512;54;-808;-25
2021-12-04T11:24:13.961;536588896536525312;-15;-738;114
2021-12-04T11:24:13.980;536588896556186112;-82;-704;215
2021-12-04T11:24:14.000;536588896575846912;-143;-811;139
2021-12-04T11:24:14.020;536588896595507712;-200;-818;91
2021-12-04T11:24:14.039;536588896615168512;-15;-820;95
2021-12-04T11:24:14.059;536588896634829312;34;-768;123
2021-12-04T11:24:14.079;536588896654490112;-73;-731;186
2021-12-04T11:24:14.098;536588896674150912;-242;-748;263
2021-12-04T11:24:14.118;536588896693811712;-69;-803;298
2021-12-04T11:24:14.138;536588896713472512;-8;-793;391
2021-12-04T11:24:14.157;536588896733133312;-34;-787;430
2021-12-04T11:24:14.177;536588896752794112;-20;-800;449
2021-12-04T11:24:14.197;536588896772454912;-67;-826;430
2021-12-04T11:24:14.216;536588896792115712;-114;-914;411
2021-12-04T11:24:14.236;536588896811776512;-180;-976;366
2021-12-04T11:24:14.256;536588896831437312;-229;-977;334
2021-12-04T11:24:14.275;536588896851098112;-210;-948;302
2021-12-04T11:24:14.295;536588896870758912;-98;-990;374
2021-12-04T11:24:14.315;536588896890419712;-46;-981;401
2021-12-04T11:24:14.334;536588896910080512;-86;-959;362
2021-12-04T11:24:14.354;536588896929741312;-128;-974;397
2021-12-04T11:24:14.373;536588896949402112;-239;-952;388
2021-12-04T11:24:14.393;536588896969062912;-220;-907;354
2021-12-04T11:24:14.413;536588896988723712;-94;-904;357
2021-12-04T11:24:14.432;536588897008384512;-25;-909;324
2021-12-04T11:24:14.452;536588897028045312;-22;-939;311
2021-12-04T11:24:14.472;536588897047706112;-80;-906;369
2021-12-04T11:24:14.491;536588897067366912;-119;-839;377
2021-12-04T11:24:14.511;536588897087027712;-113;-874;314
2021-12-04T11:24:14.531;536588897106688512;-107;-930;257
2021-12-04T11:24:14.550;536588897126349312;-112;-948;208
2021-12-04T11:24:14.570;536588897146010112;-115;-934;175
2021-12-04T11:24:14.590;536588897165670912;-125;-906;206
2021-12-04T11:24:14.609;536588897185331712;-123;-884;253
2021-12-04T11:24:14.629;536588897204998351;-99;-883;222
2021-12-04T11:24:14.649;536588897224664976;-71;-899;165
2021-12-04T11:24:14.668;536588897244331601;-54;-886;105
2021-12-04T11:24:14.688;536588897263998226;-68;-904;103
2021-12-04T11:24:14.708;536588897283664851;-108;-922;145
2021-12-04T11:24:14.727;536588897303331476;-89;-909;125
2021-12-04T11:24:14.747;536588897322998101;-88;-923;104
2021-12-04T11:24:14.767;536588897342664726;-90;-895;55
2021-12-04T11:24:14.786;536588897362331351;-105;-904;44
2021-12-04T11:24:14.806;536588897381997976;-61;-902;105
2021-12-04T11:24:14.826;536588897401664601;-101;-891;108
2021-12-04T11:24:14.845;536588897421331226;-106;-944;53
2021-12-04T11:24:14.865;536588897440997851;-40;-860;79
2021-12-04T11:24:14.885;536588897460664476;-19;-839;120
2021-12-04T11:24:14.904;536588897480331101;-126;-951;52
2021-12-04T11:24:14.924;536588897499997726;-147;-989;-13
2021-12-04T11:24:14.944;536588897519664351;-47;-1010;19
2021-12-04T11:24:14.963;536588897539330976;90;-979;134
2021-12-04T11:24:14.983;536588897558997601;18;-992;170
2021-12-04T11:24:15.003;536588897578664226;-74;-983;76
2021-12-04T11:24:15.022;536588897598330851;-95;-1036;-37
2021-12-04T11:24:15.042;536588897617997476;-23;-994;-57
2021-12-04T11:24:15.062;536588897637664101;-85;-991;4
2021-12-04T11:24:15.081;536588897657330726;-150;-1002;-5
2021-12-04T11:24:15.101;536588897676997351;-136;-1001;-39
2021-12-04T11:24:15.121;536588897696663976;-177;-980;-51
2021-12-04T11:24:15.140;536588897716330601;-50;-1044;-104
2021-12-04T11:24:15.160;536588897735997226;-150;-1108;-135
2021-12-04T11:24:15.180;536588897755663851;-185;-966;-142
2021-12-04T11:24:15.199;536588897775330476;-223;-1076;12
2021-12-04T11:24:15.219;536588897794997101;-16;-1009;-58
2021-12-04T11:24:15.239;536588897814663726;68;-1135;-283
2021-12-04T11:24:15.258;536588897834330351;-407;-1082;9
2021-12-04T11:24:15.278;536588897853996976;-163;-697;-203
2021-12-04T11:24:15.298;536588897873663601;-112;-1063;-77
2021-12-04T11:24:15.317;536588897893330226;63;-980;-211
2021-12-04T11:24:15.337;536588897912992496;-14;-975;-58
2021-12-04T11:24:15.357;536588897932654752;-139;-952;-151
2021-12-04T11:24:15.376;536588897952317008;-146;-1004;-40
2021-12-04T11:24:15.396;536588897971979264;-191;-999;-43
2021-12-04T11:24:15.416;536588897991641520;-104;-1061;44
2021-12-04T11:24:15.435;536588898011303776;22;-1044;-161
2021-12-04T11:24:15.455;536588898030966032;-35;-1033;-112
2021-12-04T11:24:15.475;536588898050628288;-139;-909;-211
2021-12-04T11:24:15.494;536588898070290544;-166;-1112;-166
2021-12-04T11:24:15.514;536588898089952800;-109;-1048;-189
2021-12-04T11:24:15.534;536588898109615056;-132;-1019;-77
2021-12-04T11:24:15.553;536588898129277312;-114;-1023;-107
2021-12-04T11:24:15.573;536588898148939568;-109;-1038;-107
2021-12-04T11:24:15.593;536588898168601824;-38;-1011;-129
2021-12-04T11:24:15.612;536588898188264080;-47;-1144;-28
2021-12-04T11:24:15.632;536588898207926336;-158;-1167;-103
2021-12-04T11:24:15.652;536588898227588592;-85;-1116;-108
2021-12-04T11:24:15.671;536588898247250848;-84;-1105;-161
2021-12-04T11:24:15.691;536588898266913104;-66;-1006;-149
2021-12-04T11:24:15.711;536588898286575360;-175;-1125;-178
2021-12-04T11:24:15.730;536588898306237616;-177;-1119;-233
2021-12-04T11:24:15.750;536588898325899872;-114;-1218;-174
2021-12-04T11:24:15.770;536588898345562128;-109;-1069;-57
2021-12-04T11:24:15.789;536588898365224384;-57;-990;-57
2021-12-04T11:24:15.809;536588898384886640;21;-1038;-53
2021-12-04T11:24:15.829;536588898404548896;119;-1175;-161
2021-12-04T11:24:15.848;536588898424211152;-76;-1175;-216
2021-12-04T11:24:15.868;536588898443873408;-295;-1080;-224
2021-12-04T11:24:15.888;536588898463535664;-263;-1074;-191
2021-12-04T11:24:15.907;536588898483197920;-85;-1122;-85
2021-12-04T11:24:15.927;536588898502860176;15;-1069;-122
2021-12-04T11:24:15.947;536588898522522432;-14;-1116;-196
2021-12-04T11:24:15.966;536588898542184688;-11;-1056;-190
2021-12-04T11:24:15.986;536588898561846944;-35;-989;-215
2021-12-04T11:24:16.006;536588898581509200;-62;-1086;-180
2021-12-04T11:24:16.025;536588898601171456;-70;-1095;-188
