Phone timestamp;sensor timestamp [ns];X [mg];Y [mg];Z [mg]
2021-11-13T11:39:57.202;536844799054795312;-125;488;731
2021-11-13T11:39:57.221;536844799074549318;-121;484;720
2021-11-13T11:39:57.241;536844799094303324;-127;490;699
2021-11-13T11:39:57.261;536844799114057330;-123;493;678
2021-11-13T11:39:57.281;536844799133811336;-101;481;648
2021-11-13T11:39:57.300;536844799153565342;-87;470;620
2021-11-13T11:39:57.320;536844799173319348;-69;477;610
2021-11-13T11:39:57.340;536844799193073354;-62;501;602
2021-11-13T11:39:57.360;536844799212827360;-45;516;590
2021-11-13T11:39:57.379;536844799232581366;-35;505;567
2021-11-13T11:39:57.399;536844799252335372;-44;504;552
2021-11-13T11:39:57.419;536844799272089378;-36;504;536
2021-11-13T11:39:57.439;536844799291843384;-35;493;535
2021-11-13T11:39:57.458;536844799311597390;-19;488;534
2021-11-13T11:39:57.478;536844799331351396;-5;479;552
2021-11-13T11:39:57.498;536844799351105402;-3;479;552
2021-11-13T11:39:57.518;536844799370859408;-3;486;578
2021-11-13T11:39:57.537;536844799390613414;-3;529;595
2021-11-13T11:39:57.557;536844799410367420;-7;589;633
2021-11-13T11:39:57.577;536844799430121426;-5;635;685
2021-11-13T11:39:57.597;536844799449875432;2;699;739
2021-11-13T11:39:57.616;536844799469629438;-12;742;747
2021-11-13T11:39:57.636;536844799489383444;-22;750;736
2021-11-13T11:39:57.656;536844799509137450;-14;739;729
2021-11-13T11:39:57.676;536844799528891456;-11;714;726
2021-11-13T11:39:57.695;536844799548645462;-1;678;728
2021-11-13T11:39:57.715;536844799568399468;14;643;731
2021-11-13T11:39:57.735;536844799588153474;11;626;721
2021-11-13T11:39:57.755;536844799607907480;0;635;709
2021-11-13T11:39:57.774;536844799627661486;5;672;693
2021-11-13T11:39:57.794;536844799647415492;-1;728;708
2021-11-13T11:39:57.814;536844799667169498;-8;742;726
2021-11-13T11:39:57.834;536844799686923504;-1;736;746
2021-11-13T11:39:57.853;536844799706677510;7;694;758
2021-11-13T11:39:57.873;536844799726431516;-5;672;768
2021-11-13T11:39:57.893;536844799746185522;-3;658;763
2021-11-13T11:39:57.913;536844799765939556;-8;655;753
2021-11-13T11:39:57.932;536844799785693562;-15;650;730
2021-11-13T11:39:57.952;536844799805447568;-2;655;697
2021-11-13T11:39:57.972;536844799825201574;6;645;652
2021-11-13T11:39:57.992;536844799844955580;20;624;620
2021-11-13T11:39:58.011;536844799864709586;26;618;599
2021-11-13T11:39:58.031;536844799884463592;29;616;583
2021-11-13T11:39:58.051;536844799904217598;10;627;570
2021-11-13T11:39:58.071;536844799923971604;-16;626;570
2021-11-13T11:39:58.090;536844799943725610;-15;625;577
2021-11-13T11:39:58.110;536844799963479616;-16;601;586
2021-11-13T11:39:58.130;536844799983233622;-18;542;557
2021-11-13T11:39:58.150;536844800002987628;-35;483;545
2021-11-13T11:39:58.169;536844800022741634;-35;465;573
2021-11-13T11:39:58.189;536844800042495640;-77;471;613
2021-11-13T11:39:58.209;536844800062249646;-106;478;634
2021-11-13T11:39:58.229;536844800082003652;-80;476;657
2021-11-13T11:39:58.248;536844800101757658;-55;481;671
2021-11-13T11:39:58.268;536844800121511664;-72;484;655
2021-11-13T11:39:58.288;536844800141265670;-90;506;668
2021-11-13T11:39:58.308;536844800161019676;-62;538;684
2021-11-13T11:39:58.327;536844800180773682;-79;576;704
2021-11-13T11:39:58.347;536844800200527688;-75;580;708
2021-11-13T11:39:58.367;536844800220281694;-67;556;710
2021-11-13T11:39:58.387;536844800240035700;-56;524;732
2021-11-13T11:39:58.406;536844800259789706;-44;510;764
2021-11-13T11:39:58.426;536844800279543712;-42;542;786
2021-11-13T11:39:58.446;536844800299297718;-89;543;781
2021-11-13T11:39:58.466;536844800319051724;-119;540;781
2021-11-13T11:39:58.486;536844800338805730;-104;513;796
2021-11-13T11:39:58.505;536844800358559736;-113;479;818
2021-11-13T11:39:58.525;536844800378313742;-88;469;840
2021-11-13T11:39:58.545;536844800398067748;-81;460;846
2021-11-13T11:39:58.565;536844800417821754;-91;473;818
2021-11-13T11:39:58.584;536844800437575760;-105;484;805
2021-11-13T11:39:58.604;536844800457329766;-125;499;800
2021-11-13T11:39:58.624;536844800477083798;-131;491;798
2021-11-13T11:39:58.644;536844800496837804;-123;491;816
2021-11-13T11:39:58.663;536844800516591810;-111;483;838
2021-11-13T11:39:58.683;536844800536345816;-124;471;858
2021-11-13T11:39:58.703;536844800556099822;-128;469;870
2021-11-13T11:39:58.723;536844800575853828;-129;469;881
2021-11-13T11:39:58.742;536844800595607834;-127;476;903
2021-11-13T11:39:58.762;536844800615361840;-129;482;931
2021-11-13T11:39:58.782;536844800635115846;-145;480;952
2021-11-13T11:39:58.802;536844800654869852;-149;474;976
2021-11-13T11:39:58.821;536844800674623858;-130;473;1000
2021-11-13T11:39:58.841;536844800694377864;-125;481;1031
2021-11-13T11:39:58.861;536844800714131870;-143;482;1055
2021-11-13T11:39:58.881;536844800733885876;-164;483;1075
2021-11-13T11:39:58.900;536844800753639882;-150;503;1070
2021-11-13T11:39:58.920;536844800773393888;-192;490;1067
2021-11-13T11:39:58.940;536844800793147894;-182;487;1071
2021-11-13T11:39:58.960;536844800812901900;-186;473;1056
2021-11-13T11:39:58.979;536844800832655906;-205;460;1059
2021-11-13T11:39:58.999;536844800852409912;-187;463;1065
2021-11-13T11:39:59.019;536844800872163918;-192;475;1095
2021-11-13T11:39:59.039;536844800891917924;-190;505;1114
2021-11-13T11:39:59.058;536844800911671930;-168;523;1141
2021-11-13T11:39:59.078;536844800931425936;-188;540;1140
2021-11-13T11:39:59.098;536844800951179942;-187;566;1136
2021-11-13T11:39:59.118;536844800970933948;-159;569;1142
2021-11-13T11:39:59.137;536844800990687954;-165;568;1153
2021-11-13T11:39:59.157;536844801010441960;-191;544;1150
2021-11-13T11:39:59.177;536844801030195966;-195;511;1156
2021-11-13T11:39:59.197;536844801049949972;-186;482;1172
2021-11-13T11:39:59.216;536844801069703978;-189;480;1171
2021-11-13T11:39:59.236;536844801089457984;-188;481;1167
2021-11-13T11:39:59.256;536844801109211990;-182;482;1141
2021-11-13T11:39:59.276;536844801128965996;-181;486;1115
2021-11-13T11:39:59.295;536844801148720002;-177;492;1089
2021-11-13T11:39:59.315;536844801168474008;-186;489;1055
2021-11-13T11:39:59.335;536844801188220733;-182;497;1028
2021-11-13T11:39:59.355;536844801207967458;-164;490;1000
2021-11-13T11:39:59.374;536844801227714183;-168;487;978
2021-11-13T11:39:59.394;536844801247460908;-168;481;960
2021-11-13T11:39:59.414;536844801267207633;-145;481;947
2021-11-13T11:39:59.434;536844801286954358;-129;485;944
2021-11-13T11:39:59.453;536844801306701083;-127;514;940
2021-11-13T11:39:59.473;536844801326447808;-130;534;937
2021-11-13T11:39:59.493;536844801346194533;-132;531;945
2021-11-13T11:39:59.513;536844801365941258;-124;518;963
2021-11-13T11:39:59.532;536844801385687983;-128;503;970
2021-11-13T11:39:59.552;536844801405434708;-127;503;973
2021-11-13T11:39:59.572;536844801425181433;-123;506;967
2021-11-13T11:39:59.592;536844801444928158;-123;509;960
2021-11-13T11:39:59.611;536844801464674883;-121;505;958
2021-11-13T11:39:59.631;536844801484421608;-124;513;941
2021-11-13T11:39:59.651;536844801504168333;-115;537;915
2021-11-13T11:39:59.671;536844801523915058;-92;536;888
2021-11-13T11:39:59.690;536844801543661783;-93;539;850
2021-11-13T11:39:59.710;536844801563408508;-87;533;817
2021-11-13T11:39:59.730;536844801583155233;-83;534;793
2021-11-13T11:39:59.750;536844801602901958;-76;531;773
2021-11-13T11:39:59.769;536844801622648683;-70;530;748
2021-11-13T11:39:59.789;536844801642395408;-64;509;733
2021-11-13T11:39:59.809;536844801662142133;-40;492;707
2021-11-13T11:39:59.829;536844801681888858;-31;481;683
2021-11-13T11:39:59.848;536844801701635583;-44;467;642
2021-11-13T11:39:59.868;536844801721382308;-43;448;607
2021-11-13T11:39:59.888;536844801741129033;-34;446;578
2021-11-13T11:39:59.908;536844801760875758;-30;431;548
2021-11-13T11:39:59.927;536844801780622483;-34;422;522
2021-11-13T11:39:59.947;536844801800369208;-19;406;515
2021-11-13T11:39:59.967;536844801820115933;-6;392;504
2021-11-13T11:39:59.987;536844801839862658;-14;380;483
2021-11-13T11:40:00.006;536844801859609383;-11;378;472
2021-11-13T11:40:00.026;536844801879356108;20;420;473
2021-11-13T11:40:00.046;536844801899110140;32;470;479
2021-11-13T11:40:00.066;536844801918864146;26;496;501
2021-11-13T11:40:00.085;536844801938618152;38;559;532
2021-11-13T11:40:00.105;536844801958372158;22;606;557
2021-11-13T11:40:00.125;536844801978126164;-20;600;560
2021-11-13T11:40:00.145;536844801997880170;-26;567;551
2021-11-13T11:40:00.164;536844802017634176;-21;518;570
2021-11-13T11:40:00.184;536844802037388182;-30;480;609
2021-11-13T11:40:00.204;536844802057142188;-29;469;645
2021-11-13T11:40:00.224;536844802076896194;-28;479;652
2021-11-13T11:40:00.243;536844802096650200;-65;498;635
2021-11-13T11:40:00.263;536844802116404206;-97;495;625
2021-11-13T11:40:00.283;536844802136158212;-102;479;623
2021-11-13T11:40:00.303;536844802155912218;-84;474;648
2021-11-13T11:40:00.322;536844802175666224;-83;483;677
2021-11-13T11:40:00.342;536844802195420230;-95;492;703
2021-11-13T11:40:00.362;536844802215174236;-115;512;731
2021-11-13T11:40:00.382;536844802234928242;-136;522;742
2021-11-13T11:40:00.401;536844802254682248;-141;511;745
2021-11-13T11:40:00.421;536844802274436254;-137;487;744
2021-11-13T11:40:00.441;536844802294190260;-143;473;747
2021-11-13T11:40:00.461;536844802313944266;-129;472;763
2021-11-13T11:40:00.480;536844802333698272;-115;490;783
2021-11-13T11:40:00.500;536844802353452278;-121;533;781
2021-11-13T11:40:00.520;536844802373206284;-127;544;777
2021-11-13T11:40:00.540;536844802392960290;-129;507;769
2021-11-13T11:40:00.559;536844802412714296;-126;480;783
2021-11-13T11:40:00.579;536844802432468302;-121;484;810
2021-11-13T11:40:00.599;536844802452222308;-128;518;839
2021-11-13T11:40:00.619;536844802471976314;-140;534;847
2021-11-13T11:40:00.638;536844802491730320;-143;496;859
2021-11-13T11:40:00.658;536844802511484326;-135;462;878
2021-11-13T11:40:00.678;536844802531238332;-137;440;884
2021-11-13T11:40:00.698;536844802550992338;-131;458;878
2021-11-13T11:40:00.717;536844802570746344;-131;493;866
2021-11-13T11:40:00.737;536844802590500350;-137;519;861
2021-11-13T11:40:00.757;536844802610266027;-158;501;870
2021-11-13T11:40:00.777;536844802630031684;-145;481;884
2021-11-13T11:40:00.797;536844802649797341;-139;469;904
2021-11-13T11:40:00.816;536844802669562998;-148;470;911
2021-11-13T11:40:00.836;536844802689328655;-156;474;918
2021-11-13T11:40:00.856;536844802709094312;-159;475;933
2021-11-13T11:40:00.876;536844802728859969;-172;457;945
2021-11-13T11:40:00.895;536844802748625626;-172;447;952
2021-11-13T11:40:00.915;536844802768391283;-166;441;956
2021-11-13T11:40:00.935;536844802788156940;-187;439;966
2021-11-13T11:40:00.955;536844802807922597;-197;436;975
2021-11-13T11:40:00.974;536844802827688254;-204;427;977
2021-11-13T11:40:00.994;536844802847453911;-206;408;978
2021-11-13T11:40:01.014;536844802867219568;-198;413;977
2021-11-13T11:40:01.034;536844802886985225;-196;421;978
2021-11-13T11:40:01.053;536844802906750882;-201;444;980
2021-11-13T11:40:01.073;536844802926516539;-200;472;991
2021-11-13T11:40:01.093;536844802946282196;-204;482;1017
2021-11-13T11:40:01.113;536844802966047853;-208;496;1051
2021-11-13T11:40:01.133;536844802985813510;-228;519;1100
2021-11-13T11:40:01.152;536844803005579167;-246;550;1170
2021-11-13T11:40:01.172;536844803025344824;-248;566;1227
2021-11-13T11:40:01.192;536844803045110481;-255;577;1258
2021-11-13T11:40:01.212;536844803064876138;-254;576;1270
2021-11-13T11:40:01.231;536844803084641795;-250;575;1269
2021-11-13T11:40:01.251;536844803104407452;-246;550;1249
2021-11-13T11:40:01.271;536844803124173109;-243;544;1216
2021-11-13T11:40:01.291;536844803143938766;-233;546;1177
2021-11-13T11:40:01.310;536844803163704423;-214;528;1132
2021-11-13T11:40:01.330;536844803183470080;-206;502;1094
2021-11-13T11:40:01.350;536844803203235737;-200;495;1055
2021-11-13T11:40:01.370;536844803223001394;-206;485;1031
2021-11-13T11:40:01.389;536844803242767051;-195;489;1010
2021-11-13T11:40:01.409;536844803262532708;-205;482;998
2021-11-13T11:40:01.429;536844803282298365;-206;472;988
2021-11-13T11:40:01.449;536844803302064022;-188;464;982
2021-11-13T11:40:01.469;536844803321815120;-179;453;974
2021-11-13T11:40:01.488;536844803341566214;-175;448;959
2021-11-13T11:40:01.508;536844803361317308;-168;445;946
2021-11-13T11:40:01.528;536844803381068402;-154;444;931
2021-11-13T11:40:01.548;536844803400819496;-155;448;916
2021-11-13T11:40:01.567;536844803420570590;-166;442;907
2021-11-13T11:40:01.587;536844803440321684;-144;440;900
2021-11-13T11:40:01.607;536844803460072778;-140;443;904
2021-11-13T11:40:01.627;536844803479823872;-136;460;910
2021-11-13T11:40:01.646;536844803499574966;-136;472;904
2021-11-13T11:40:01.666;536844803519326060;-145;475;890
2021-11-13T11:40:01.686;536844803539077154;-136;460;878
2021-11-13T11:40:01.706;536844803558828248;-133;447;871
2021-11-13T11:40:01.725;536844803578579342;-130;440;864
2021-11-13T11:40:01.745;536844803598330436;-124;437;851
2021-11-13T11:40:01.765;536844803618081530;-108;452;845
2021-11-13T11:40:01.785;536844803637832624;-107;475;830
2021-11-13T11:40:01.804;536844803657583718;-116;492;813
2021-11-13T11:40:01.824;536844803677334812;-113;500;795
2021-11-13T11:40:01.844;536844803697085906;-93;484;795
2021-11-13T11:40:01.864;536844803716837000;-93;485;775
2021-11-13T11:40:01.883;536844803736588094;-68;495;761
2021-11-13T11:40:01.903;536844803756339188;-62;531;756
2021-11-13T11:40:01.923;536844803776090282;-73;560;750
2021-11-13T11:40:01.943;536844803795841376;-72;598;747
2021-11-13T11:40:01.962;536844803815592470;-69;608;746
2021-11-13T11:40:01.982;536844803835343564;-68;585;741
2021-11-13T11:40:02.002;536844803855094658;-65;572;742
2021-11-13T11:40:02.022;536844803874845752;-63;550;741
2021-11-13T11:40:02.041;536844803894596846;-74;534;727
2021-11-13T11:40:02.061;536844803914347940;-74;510;715
2021-11-13T11:40:02.081;536844803934099034;-73;486;696
2021-11-13T11:40:02.101;536844803953850128;-73;480;676
2021-11-13T11:40:02.120;536844803973601222;-63;478;666
2021-11-13T11:40:02.140;536844803993352316;-40;483;667
2021-11-13T11:40:02.160;536844804013103410;-38;498;676
2021-11-13T11:40:02.180;536844804032861811;-52;515;671
2021-11-13T11:40:02.199;536844804052620186;-59;527;642
2021-11-13T11:40:02.219;536844804072378561;-43;521;621
2021-11-13T11:40:02.239;536844804092136936;-23;512;624
2021-11-13T11:40:02.259;536844804111895311;-6;522;618
2021-11-13T11:40:02.278;536844804131653686;4;515;614
2021-11-13T11:40:02.298;536844804151412061;10;503;605
2021-11-13T11:40:02.318;536844804171170436;20;518;588
2021-11-13T11:40:02.338;536844804190928811;21;539;572
2021-11-13T11:40:02.357;536844804210687186;5;552;555
2021-11-13T11:40:02.377;536844804230445561;0;559;547
2021-11-13T11:40:02.397;536844804250203936;14;547;538
2021-11-13T11:40:02.417;536844804269962311;20;538;557
2021-11-13T11:40:02.436;536844804289720686;10;550;577
2021-11-13T11:40:02.456;536844804309479061;19;553;597
2021-11-13T11:40:02.476;536844804329237436;-15;536;587
2021-11-13T11:40:02.496;536844804348995811;-43;514;589
2021-11-13T11:40:02.515;536844804368754186;-30;509;604
2021-11-13T11:40:02.535;536844804388512561;-19;510;614
2021-11-13T11:40:02.555;536844804408270936;-35;500;625
2021-11-13T11:40:02.575;536844804428029311;-47;501;635
2021-11-13T11:40:02.594;536844804447787686;-57;493;671
2021-11-13T11:40:02.614;536844804467546061;-54;502;710
2021-11-13T11:40:02.634;536844804487304436;-54;533;735
2021-11-13T11:40:02.654;536844804507062811;-74;559;745
2021-11-13T11:40:02.674;536844804526821186;-88;561;739
2021-11-13T11:40:02.693;536844804546579561;-79;541;739
2021-11-13T11:40:02.713;536844804566337936;-80;518;751
2021-11-13T11:40:02.733;536844804586096311;-77;494;771
2021-11-13T11:40:02.753;536844804605854686;-72;490;779
2021-11-13T11:40:02.772;536844804625613061;-79;488;769
2021-11-13T11:40:02.792;536844804645371436;-75;492;763
2021-11-13T11:40:02.812;536844804665129811;-72;491;760
2021-11-13T11:40:02.832;536844804684888186;-78;507;760
2021-11-13T11:40:02.851;536844804704646561;-89;531;764
2021-11-13T11:40:02.871;536844804724404936;-117;511;776
2021-11-13T11:40:02.891;536844804744163343;-145;490;791
2021-11-13T11:40:02.911;536844804763921718;-134;477;824
2021-11-13T11:40:02.930;536844804783680093;-115;474;854
2021-11-13T11:40:02.950;536844804803438468;-132;470;868
2021-11-13T11:40:02.970;536844804823196843;-139;474;862
2021-11-13T11:40:02.990;536844804842955218;-128;476;862
2021-11-13T11:40:03.009;536844804862713593;-130;475;867
2021-11-13T11:40:03.029;536844804882471968;-131;479;876
2021-11-13T11:40:03.049;536844804902230343;-126;481;885
2021-11-13T11:40:03.069;536844804921988718;-125;479;896
2021-11-13T11:40:03.088;536844804941747093;-121;479;917
2021-11-13T11:40:03.108;536844804961505468;-117;477;935
2021-11-13T11:40:03.128;536844804981263843;-129;461;955
2021-11-13T11:40:03.148;536844805001022218;-132;444;963
2021-11-13T11:40:03.167;536844805020780593;-133;437;970
2021-11-13T11:40:03.187;536844805040538968;-149;430;976
2021-11-13T11:40:03.207;536844805060297343;-153;439;980
2021-11-13T11:40:03.227;536844805080055718;-173;477;995
2021-11-13T11:40:03.247;536844805099814093;-189;483;1019
2021-11-13T11:40:03.266;536844805119572468;-162;471;1047
2021-11-13T11:40:03.286;536844805139330843;-169;479;1085
2021-11-13T11:40:03.306;536844805159089218;-193;505;1112
2021-11-13T11:40:03.326;536844805178847593;-207;555;1144
2021-11-13T11:40:03.345;536844805198605968;-203;597;1187
2021-11-13T11:40:03.365;536844805218364343;-204;605;1212
2021-11-13T11:40:03.385;536844805238122718;-207;599;1223
2021-11-13T11:40:03.405;536844805257881093;-206;597;1244
2021-11-13T11:40:03.424;536844805277639468;-210;602;1260
2021-11-13T11:40:03.444;536844805297397843;-203;599;1271
2021-11-13T11:40:03.464;536844805317156218;-196;587;1274
2021-11-13T11:40:03.484;536844805336914593;-194;575;1259
2021-11-13T11:40:03.503;536844805356672968;-175;578;1238
2021-11-13T11:40:03.523;536844805376431343;-162;561;1202
2021-11-13T11:40:03.543;536844805396189718;-172;538;1161
2021-11-13T11:40:03.563;536844805415948093;-159;525;1127
2021-11-13T11:40:03.582;536844805435706468;-146;520;1096
2021-11-13T11:40:03.602;536844805455464869;-138;509;1070
2021-11-13T11:40:03.622;536844805475223244;-127;489;1041
2021-11-13T11:40:03.642;536844805494981619;-128;483;1017
2021-11-13T11:40:03.661;536844805514739994;-129;480;1000
2021-11-13T11:40:03.681;536844805534498369;-131;479;989
2021-11-13T11:40:03.701;536844805554256744;-129;486;979
2021-11-13T11:40:03.721;536844805574015119;-128;485;967
2021-11-13T11:40:03.740;536844805593773494;-128;480;951
2021-11-13T11:40:03.760;536844805613531869;-123;476;938
2021-11-13T11:40:03.780;536844805633290244;-124;469;917
2021-11-13T11:40:03.800;536844805653048619;-121;466;897
2021-11-13T11:40:03.820;536844805672806994;-113;473;887
2021-11-13T11:40:03.839;536844805692565369;-110;476;873
2021-11-13T11:40:03.859;536844805712323744;-122;474;863
2021-11-13T11:40:03.879;536844805732082119;-113;472;842
2021-11-13T11:40:03.899;536844805751840494;-103;458;819
2021-11-13T11:40:03.918;536844805771598869;-93;465;801
2021-11-13T11:40:03.938;536844805791357244;-70;463;777
2021-11-13T11:40:03.958;536844805811115619;-67;456;755
2021-11-13T11:40:03.978;536844805830873994;-65;459;744
2021-11-13T11:40:03.997;536844805850632369;-56;457;738
2021-11-13T11:40:04.017;536844805870390744;-58;476;731
2021-11-13T11:40:04.037;536844805890149119;-70;481;726
2021-11-13T11:40:04.057;536844805909907494;-73;479;725
2021-11-13T11:40:04.076;536844805929665869;-66;472;729
2021-11-13T11:40:04.096;536844805949424244;-59;458;720
2021-11-13T11:40:04.116;536844805969182619;-56;471;710
2021-11-13T11:40:04.136;536844805988940994;-65;485;700
2021-11-13T11:40:04.155;536844806008699369;-69;507;689
2021-11-13T11:40:04.175;536844806028457744;-62;510;692
2021-11-13T11:40:04.195;536844806048216119;-54;510;679
2021-11-13T11:40:04.215;536844806067974494;-38;508;664
2021-11-13T11:40:04.234;536844806087732869;-33;492;633
2021-11-13T11:40:04.254;536844806107491244;-30;481;608
2021-11-13T11:40:04.274;536844806127249619;-23;479;601
2021-11-13T11:40:04.294;536844806147007994;-4;484;593
2021-11-13T11:40:04.313;536844806166759092;3;493;591
2021-11-13T11:40:04.333;536844806186510186;12;496;583
2021-11-13T11:40:04.353;536844806206261280;17;493;580
2021-11-13T11:40:04.373;536844806226012374;15;500;586
2021-11-13T11:40:04.392;536844806245763468;23;528;592
2021-11-13T11:40:04.412;536844806265514562;17;562;602
2021-11-13T11:40:04.432;536844806285265656;8;601;615
2021-11-13T11:40:04.452;536844806305016750;13;601;608
2021-11-13T11:40:04.471;536844806324767844;2;597;587
2021-11-13T11:40:04.491;536844806344518938;0;591;582
2021-11-13T11:40:04.511;536844806364270032;2;593;583
2021-11-13T11:40:04.531;536844806384021126;2;581;575
2021-11-13T11:40:04.550;536844806403772220;-3;583;565
2021-11-13T11:40:04.570;536844806423523314;-12;560;544
2021-11-13T11:40:04.590;536844806443274408;-15;527;545
2021-11-13T11:40:04.610;536844806463025502;1;520;563
2021-11-13T11:40:04.629;536844806482776596;9;523;580
2021-11-13T11:40:04.649;536844806502527690;3;524;583
2021-11-13T11:40:04.669;536844806522278784;-5;524;583
2021-11-13T11:40:04.689;536844806542029878;-40;513;596
2021-11-13T11:40:04.708;536844806561780972;-47;500;613
2021-11-13T11:40:04.728;536844806581532066;-25;498;645
2021-11-13T11:40:04.748;536844806601283160;-28;523;669
2021-11-13T11:40:04.768;536844806621034254;-45;523;691
2021-11-13T11:40:04.787;536844806640785348;-40;531;726
2021-11-13T11:40:04.807;536844806660536442;-26;538;748
2021-11-13T11:40:04.827;536844806680287536;-45;546;768
2021-11-13T11:40:04.847;536844806700038630;-61;570;794
2021-11-13T11:40:04.866;536844806719789724;-59;598;809
2021-11-13T11:40:04.886;536844806739540818;-66;593;812
2021-11-13T11:40:04.906;536844806759291912;-62;554;803
2021-11-13T11:40:04.926;536844806779043006;-44;515;816
2021-11-13T11:40:04.945;536844806798794100;-35;499;834
2021-11-13T11:40:04.965;536844806818545194;-29;531;840
2021-11-13T11:40:04.985;536844806838296288;-68;574;824
2021-11-13T11:40:05.005;536844806858047382;-89;599;824
2021-11-13T11:40:05.024;536844806877789738;-73;586;840
2021-11-13T11:40:05.044;536844806897532094;-64;546;870
2021-11-13T11:40:05.064;536844806917274450;-73;537;888
2021-11-13T11:40:05.084;536844806937016806;-89;550;896
2021-11-13T11:40:05.103;536844806956759162;-89;554;898
2021-11-13T11:40:05.123;536844806976501518;-97;551;906
2021-11-13T11:40:05.143;536844806996243874;-101;544;910
2021-11-13T11:40:05.163;536844807015986230;-109;526;934
2021-11-13T11:40:05.182;536844807035728586;-104;501;928
2021-11-13T11:40:05.202;536844807055470942;-112;484;925
2021-11-13T11:40:05.222;536844807075213298;-105;489;922
2021-11-13T11:40:05.242;536844807094955654;-124;482;921
2021-11-13T11:40:05.261;536844807114698010;-133;483;926
2021-11-13T11:40:05.281;536844807134440366;-126;475;940
2021-11-13T11:40:05.301;536844807154182722;-124;447;951
2021-11-13T11:40:05.321;536844807173925078;-123;444;958
2021-11-13T11:40:05.340;536844807193667434;-120;467;964
2021-11-13T11:40:05.360;536844807213409790;-123;479;946
2021-11-13T11:40:05.380;536844807233152146;-107;482;932
2021-11-13T11:40:05.400;536844807252894502;-111;479;915
2021-11-13T11:40:05.419;536844807272636858;-116;468;913
2021-11-13T11:40:05.439;536844807292379214;-107;446;929
2021-11-13T11:40:05.459;536844807312121570;-115;433;960
2021-11-13T11:40:05.479;536844807331863926;-122;442;991
2021-11-13T11:40:05.498;536844807351606282;-146;479;1037
2021-11-13T11:40:05.518;536844807371348638;-122;482;1071
2021-11-13T11:40:05.538;536844807391090994;-144;504;1102
2021-11-13T11:40:05.558;536844807410833350;-192;523;1135
2021-11-13T11:40:05.577;536844807430575706;-194;530;1171
2021-11-13T11:40:05.597;536844807450318062;-200;534;1188
2021-11-13T11:40:05.617;536844807470060418;-207;562;1201
2021-11-13T11:40:05.637;536844807489802774;-210;586;1203
2021-11-13T11:40:05.656;536844807509545130;-202;597;1197
2021-11-13T11:40:05.676;536844807529287486;-190;591;1179
2021-11-13T11:40:05.696;536844807549029842;-177;580;1161
2021-11-13T11:40:05.715;536844807568772198;-173;572;1150
2021-11-13T11:40:05.735;536844807588524758;-156;554;1142
2021-11-13T11:40:05.755;536844807608277308;-158;542;1135
2021-11-13T11:40:05.775;536844807628029858;-172;518;1119
2021-11-13T11:40:05.794;536844807647782408;-177;510;1102
2021-11-13T11:40:05.814;536844807667534958;-156;494;1078
2021-11-13T11:40:05.834;536844807687287508;-154;488;1051
2021-11-13T11:40:05.854;536844807707040058;-174;485;1009
2021-11-13T11:40:05.873;536844807726792608;-155;482;985
2021-11-13T11:40:05.893;536844807746545158;-131;486;968
2021-11-13T11:40:05.913;536844807766297708;-131;487;940
2021-11-13T11:40:05.933;536844807786050258;-131;483;916
2021-11-13T11:40:05.953;536844807805802808;-126;474;892
2021-11-13T11:40:05.972;536844807825555358;-118;456;880
2021-11-13T11:40:05.992;536844807845307908;-112;442;879
2021-11-13T11:40:06.012;536844807865060458;-115;450;892
2021-11-13T11:40:06.032;536844807884813008;-115;475;891
2021-11-13T11:40:06.051;536844807904565558;-123;478;891
2021-11-13T11:40:06.071;536844807924318108;-121;464;884
2021-11-13T11:40:06.091;536844807944070658;-118;442;860
2021-11-13T11:40:06.111;536844807963823208;-121;440;837
2021-11-13T11:40:06.130;536844807983575758;-124;461;831
2021-11-13T11:40:06.150;536844808003328308;-122;480;836
2021-11-13T11:40:06.170;536844808023080858;-105;482;836
2021-11-13T11:40:06.190;536844808042833408;-87;495;819
2021-11-13T11:40:06.209;536844808062585958;-102;513;804
2021-11-13T11:40:06.229;536844808082338508;-94;524;785
2021-11-13T11:40:06.249;536844808102091058;-76;527;778
2021-11-13T11:40:06.269;536844808121843608;-71;506;761
2021-11-13T11:40:06.288;536844808141596158;-79;494;749
2021-11-13T11:40:06.308;536844808161348708;-71;488;740
2021-11-13T11:40:06.328;536844808181101258;-71;481;735
2021-11-13T11:40:06.348;536844808200853808;-55;484;732
2021-11-13T11:40:06.367;536844808220606358;-54;489;725
2021-11-13T11:40:06.387;536844808240358908;-48;504;725
2021-11-13T11:40:06.407;536844808260111458;-46;493;726
2021-11-13T11:40:06.427;536844808279864008;-49;478;724
2021-11-13T11:40:06.446;536844808299615106;-42;467;714
2021-11-13T11:40:06.466;536844808319366200;-16;470;704
2021-11-13T11:40:06.486;536844808339117294;-6;489;697
2021-11-13T11:40:06.506;536844808358868388;-20;517;681
2021-11-13T11:40:06.525;536844808378619482;-24;521;672
2021-11-13T11:40:06.545;536844808398370576;0;506;657
2021-11-13T11:40:06.565;536844808418121670;-6;488;638
2021-11-13T11:40:06.585;536844808437872764;-4;482;613
2021-11-13T11:40:06.604;536844808457623858;-3;477;583
2021-11-13T11:40:06.624;536844808477374952;-4;470;568
2021-11-13T11:40:06.644;536844808497126046;11;463;560
2021-11-13T11:40:06.664;536844808516877140;24;471;571
2021-11-13T11:40:06.683;536844808536628234;14;485;574
2021-11-13T11:40:06.703;536844808556379328;33;520;586
2021-11-13T11:40:06.723;536844808576130422;33;574;602
2021-11-13T11:40:06.743;536844808595881516;5;634;617
2021-11-13T11:40:06.762;536844808615632610;-5;683;649
2021-11-13T11:40:06.782;536844808635383704;2;650;663
2021-11-13T11:40:06.802;536844808655134798;13;591;656
2021-11-13T11:40:06.822;536844808674885892;6;550;624
2021-11-13T11:40:06.841;536844808694636986;-6;510;611
2021-11-13T11:40:06.861;536844808714388080;-10;460;611
2021-11-13T11:40:06.881;536844808734139174;-8;414;597
2021-11-13T11:40:06.901;536844808753890268;-20;398;583
2021-11-13T11:40:06.920;536844808773641362;4;403;626
2021-11-13T11:40:06.940;536844808793392456;22;443;657
2021-11-13T11:40:06.960;536844808813143550;12;478;687
2021-11-13T11:40:06.980;536844808832894644;-13;500;689
2021-11-13T11:40:06.999;536844808852645738;-49;523;715
2021-11-13T11:40:07.019;536844808872396832;-32;520;752
2021-11-13T11:40:07.039;536844808892147926;-31;533;789
2021-11-13T11:40:07.059;536844808911899020;-68;550;828
2021-11-13T11:40:07.078;536844808931650114;-72;559;858
2021-11-13T11:40:07.098;536844808951401208;-42;542;853
2021-11-13T11:40:07.118;536844808971152302;-47;513;842
2021-11-13T11:40:07.138;536844808990903396;-52;532;799
2021-11-13T11:40:07.157;536844809010647214;-51;554;784
2021-11-13T11:40:07.177;536844809030391026;-43;583;788
2021-11-13T11:40:07.197;536844809050134838;-7;581;821
2021-11-13T11:40:07.217;536844809069878650;-9;572;859
2021-11-13T11:40:07.236;536844809089622462;-49;551;874
2021-11-13T11:40:07.256;536844809109366274;-66;547;867
2021-11-13T11:40:07.276;536844809129110086;-68;544;873
2021-11-13T11:40:07.296;536844809148853898;-73;519;879
2021-11-13T11:40:07.315;536844809168597710;-52;494;888
2021-11-13T11:40:07.335;536844809188341522;-56;481;886
2021-11-13T11:40:07.355;536844809208085334;-75;478;875
2021-11-13T11:40:07.375;536844809227829146;-73;485;870
2021-11-13T11:40:07.394;536844809247572958;-61;495;874
2021-11-13T11:40:07.414;536844809267316770;-70;510;882
2021-11-13T11:40:07.434;536844809287060582;-71;510;891
2021-11-13T11:40:07.454;536844809306804394;-83;492;891
2021-11-13T11:40:07.473;536844809326548206;-105;470;885
2021-11-13T11:40:07.493;536844809346292018;-98;447;880
2021-11-13T11:40:07.513;536844809366035830;-91;443;877
2021-11-13T11:40:07.532;536844809385779642;-97;447;879
2021-11-13T11:40:07.552;536844809405523454;-111;445;878
2021-11-13T11:40:07.572;536844809425267266;-121;454;882
2021-11-13T11:40:07.592;536844809445011078;-127;465;887
2021-11-13T11:40:07.611;536844809464754890;-131;468;914
2021-11-13T11:40:07.631;536844809484498702;-133;464;913
2021-11-13T11:40:07.651;536844809504242514;-134;464;917
2021-11-13T11:40:07.671;536844809523986326;-134;474;931
2021-11-13T11:40:07.690;536844809543730138;-138;478;941
2021-11-13T11:40:07.710;536844809563473950;-152;474;946
2021-11-13T11:40:07.730;536844809583217762;-156;475;954
2021-11-13T11:40:07.750;536844809602961574;-160;478;970
2021-11-13T11:40:07.769;536844809622705386;-173;481;977
2021-11-13T11:40:07.789;536844809642449198;-165;493;984
2021-11-13T11:40:07.809;536844809662193010;-169;510;993
2021-11-13T11:40:07.829;536844809681936822;-188;529;1011
2021-11-13T11:40:07.848;536844809701680634;-206;552;1046
2021-11-13T11:40:07.868;536844809721428833;-209;566;1090
2021-11-13T11:40:07.888;536844809741177014;-209;588;1136
2021-11-13T11:40:07.908;536844809760925195;-207;606;1177
2021-11-13T11:40:07.927;536844809780673376;-215;613;1200
2021-11-13T11:40:07.947;536844809800421557;-221;610;1214
2021-11-13T11:40:07.967;536844809820169738;-215;604;1210
2021-11-13T11:40:07.987;536844809839917919;-209;598;1203
2021-11-13T11:40:08.006;536844809859666100;-201;609;1187
2021-11-13T11:40:08.026;536844809879414281;-183;617;1168
2021-11-13T11:40:08.046;536844809899162462;-183;614;1141
2021-11-13T11:40:08.066;536844809918910643;-195;608;1098
2021-11-13T11:40:08.085;536844809938658824;-194;585;1064
2021-11-13T11:40:08.105;536844809958407005;-177;546;1033
2021-11-13T11:40:08.125;536844809978155186;-165;542;1016
2021-11-13T11:40:08.145;536844809997903367;-187;527;987
2021-11-13T11:40:08.164;536844810017651548;-188;512;974
2021-11-13T11:40:08.184;536844810037399729;-165;509;961
2021-11-13T11:40:08.204;536844810057147910;-167;507;937
2021-11-13T11:40:08.224;536844810076896091;-156;501;906
2021-11-13T11:40:08.243;536844810096644272;-143;489;879
2021-11-13T11:40:08.263;536844810116392453;-139;486;868
2021-11-13T11:40:08.283;536844810136140634;-131;482;860
2021-11-13T11:40:08.303;536844810155888815;-129;486;856
2021-11-13T11:40:08.322;536844810175636996;-132;486;859
2021-11-13T11:40:08.342;536844810195385177;-133;484;865
2021-11-13T11:40:08.362;536844810215133358;-132;484;856
2021-11-13T11:40:08.382;536844810234881539;-134;479;847
2021-11-13T11:40:08.401;536844810254629720;-142;478;843
2021-11-13T11:40:08.421;536844810274377901;-128;473;833
2021-11-13T11:40:08.441;536844810294126082;-117;478;819
2021-11-13T11:40:08.461;536844810313874263;-120;485;806
2021-11-13T11:40:08.480;536844810333622444;-117;509;791
2021-11-13T11:40:08.500;536844810353370625;-116;519;764
2021-11-13T11:40:08.520;536844810373118806;-117;493;756
2021-11-13T11:40:08.540;536844810392866987;-97;476;754
2021-11-13T11:40:08.559;536844810412615168;-89;472;755
2021-11-13T11:40:08.579;536844810432361926;-69;485;754
2021-11-13T11:40:08.599;536844810452108650;-79;522;758
2021-11-13T11:40:08.619;536844810471855374;-103;562;768
2021-11-13T11:40:08.638;536844810491602098;-108;557;762
2021-11-13T11:40:08.658;536844810511348822;-105;537;750
2021-11-13T11:40:08.678;536844810531095546;-99;519;751
2021-11-13T11:40:08.698;536844810550842270;-105;514;748
2021-11-13T11:40:08.717;536844810570588994;-115;522;745
2021-11-13T11:40:08.737;536844810590335718;-123;530;740
2021-11-13T11:40:08.757;536844810610082442;-111;528;730
2021-11-13T11:40:08.777;536844810629829166;-102;515;721
2021-11-13T11:40:08.796;536844810649575890;-88;484;710
2021-11-13T11:40:08.816;536844810669322614;-87;482;691
2021-11-13T11:40:08.836;536844810689069338;-88;508;681
2021-11-13T11:40:08.856;536844810708816062;-63;535;671
2021-11-13T11:40:08.875;536844810728562786;-67;527;651
2021-11-13T11:40:08.895;536844810748309510;-67;499;631
2021-11-13T11:40:08.915;536844810768056234;-82;494;573
2021-11-13T11:40:08.935;536844810787802958;5;461;623
2021-11-13T11:40:08.954;536844810807549682;17;406;574
2021-11-13T11:40:08.974;536844810827296406;-27;398;574
2021-11-13T11:40:08.994;536844810847043130;22;437;563
2021-11-13T11:40:09.013;536844810866789854;76;469;585
2021-11-13T11:40:09.033;536844810886536578;63;495;580
2021-11-13T11:40:09.053;536844810906283302;35;510;577
2021-11-13T11:40:09.073;536844810926030026;19;518;584
2021-11-13T11:40:09.092;536844810945776750;9;532;581
2021-11-13T11:40:09.112;536844810965523474;12;542;602
2021-11-13T11:40:09.132;536844810985270198;3;536;605
2021-11-13T11:40:09.152;536844811005016922;-7;487;612
2021-11-13T11:40:09.171;536844811024763646;-9;469;618
2021-11-13T11:40:09.191;536844811044510370;0;444;634
2021-11-13T11:40:09.211;536844811064257094;-10;412;650
2021-11-13T11:40:09.231;536844811084003818;-18;414;683
2021-11-13T11:40:09.250;536844811103750542;-16;435;723
2021-11-13T11:40:09.270;536844811123497266;-26;474;745
2021-11-13T11:40:09.290;536844811143248393;-47;480;755
2021-11-13T11:40:09.310;536844811162999486;-67;476;754
2021-11-13T11:40:09.329;536844811182750579;-51;476;756
2021-11-13T11:40:09.349;536844811202501672;-20;474;771
2021-11-13T11:40:09.369;536844811222252765;-16;484;775
2021-11-13T11:40:09.389;536844811242003858;-26;507;787
2021-11-13T11:40:09.408;536844811261754951;-28;521;806
2021-11-13T11:40:09.428;536844811281506044;-64;514;848
2021-11-13T11:40:09.448;536844811301257137;-91;512;863
2021-11-13T11:40:09.468;536844811321008230;-110;504;864
2021-11-13T11:40:09.487;536844811340759323;-112;493;863
2021-11-13T11:40:09.507;536844811360510416;-69;482;870
2021-11-13T11:40:09.527;536844811380261509;-53;486;883
2021-11-13T11:40:09.547;536844811400012602;-62;504;875
2021-11-13T11:40:09.566;536844811419763695;-84;514;865
2021-11-13T11:40:09.586;536844811439514788;-125;515;857
2021-11-13T11:40:09.606;536844811459265881;-128;491;871
2021-11-13T11:40:09.626;536844811479016974;-127;478;897
2021-11-13T11:40:09.645;536844811498768067;-131;456;913
2021-11-13T11:40:09.665;536844811518519160;-141;424;906
2021-11-13T11:40:09.685;536844811538270253;-137;399;896
2021-11-13T11:40:09.705;536844811558021346;-133;423;893
2021-11-13T11:40:09.724;536844811577772439;-136;471;911
2021-11-13T11:40:09.744;536844811597523532;-144;485;934
2021-11-13T11:40:09.764;536844811617274625;-168;473;936
2021-11-13T11:40:09.784;536844811637025718;-171;442;937
2021-11-13T11:40:09.803;536844811656776811;-158;425;937
2021-11-13T11:40:09.823;536844811676527904;-157;433;945
2021-11-13T11:40:09.843;536844811696278997;-156;437;950
2021-11-13T11:40:09.863;536844811716030090;-178;442;947
2021-11-13T11:40:09.882;536844811735781183;-190;440;956
2021-11-13T11:40:09.902;536844811755532276;-195;426;964
2021-11-13T11:40:09.922;536844811775283369;-190;420;981
2021-11-13T11:40:09.942;536844811795034462;-176;428;1006
2021-11-13T11:40:09.961;536844811814785555;-180;451;1046
2021-11-13T11:40:09.981;536844811834536648;-183;479;1094
2021-11-13T11:40:10.001;536844811854287746;-192;524;1135
2021-11-13T11:40:10.021;536844811874038840;-195;542;1173
2021-11-13T11:40:10.040;536844811893789934;-199;553;1206
2021-11-13T11:40:10.060;536844811913541028;-208;567;1233
2021-11-13T11:40:10.080;536844811933292122;-213;571;1250
2021-11-13T11:40:10.100;536844811953043216;-230;544;1261
2021-11-13T11:40:10.119;536844811972794310;-218;536;1279
2021-11-13T11:40:10.139;536844811992545404;-209;521;1266
2021-11-13T11:40:10.159;536844812012296498;-211;529;1238
2021-11-13T11:40:10.179;536844812032047592;-211;529;1191
2021-11-13T11:40:10.199;536844812051798686;-194;525;1133
2021-11-13T11:40:10.218;536844812071549780;-199;505;1099
2021-11-13T11:40:10.238;536844812091300874;-198;490;1070
2021-11-13T11:40:10.258;536844812111051968;-180;478;1048
2021-11-13T11:40:10.278;536844812130803062;-179;461;1011
2021-11-13T11:40:10.297;536844812150554156;-184;455;984
2021-11-13T11:40:10.317;536844812170305250;-163;452;960
2021-11-13T11:40:10.337;536844812190056344;-159;458;944
2021-11-13T11:40:10.357;536844812209807438;-153;470;938
2021-11-13T11:40:10.376;536844812229558532;-153;468;930
2021-11-13T11:40:10.396;536844812249309626;-153;461;927
2021-11-13T11:40:10.416;536844812269060720;-154;441;907
2021-11-13T11:40:10.436;536844812288811814;-156;425;888
2021-11-13T11:40:10.455;536844812308562908;-138;411;879
2021-11-13T11:40:10.475;536844812328314002;-131;432;881
2021-11-13T11:40:10.495;536844812348065096;-131;447;875
2021-11-13T11:40:10.515;536844812367816190;-144;447;866
2021-11-13T11:40:10.534;536844812387567284;-150;439;853
2021-11-13T11:40:10.554;536844812407318378;-134;433;852
2021-11-13T11:40:10.574;536844812427069472;-132;438;861
2021-11-13T11:40:10.594;536844812446820566;-125;449;859
2021-11-13T11:40:10.613;536844812466571660;-119;456;842
2021-11-13T11:40:10.633;536844812486322754;-132;447;828
2021-11-13T11:40:10.653;536844812506073848;-132;452;822
2021-11-13T11:40:10.673;536844812525824942;-123;453;818
2021-11-13T11:40:10.692;536844812545576036;-125;453;809
