Phone timestamp;sensor timestamp [ns];X [mg];Y [mg];Z [mg]
2021-11-13T11:32:51.973;536844476448706515;-47;928;-384
2021-11-13T11:32:51.992;536844476468415374;-81;931;-361
2021-11-13T11:32:52.012;536844476488124233;-94;914;-372
2021-11-13T11:32:52.032;536844476507833092;-78;908;-379
2021-11-13T11:32:52.051;536844476527541951;-18;929;-376
2021-11-13T11:32:52.071;536844476547250810;-55;931;-367
2021-11-13T11:32:52.091;536844476566959669;-112;909;-358
2021-11-13T11:32:52.110;536844476586668528;-113;916;-355
2021-11-13T11:32:52.130;536844476606377387;-82;933;-340
2021-11-13T11:32:52.150;536844476626086246;-49;938;-331
2021-11-13T11:32:52.170;536844476645795105;-77;935;-368
2021-11-13T11:32:52.189;536844476665503964;-103;916;-368
2021-11-13T11:32:52.209;536844476685212823;-124;908;-382
2021-11-13T11:32:52.229;536844476704921682;-123;914;-371
2021-11-13T11:32:52.248;536844476724630541;-152;901;-379
2021-11-13T11:32:52.268;536844476744339400;-164;901;-359
2021-11-13T11:32:52.288;536844476764048259;-90;934;-326
2021-11-13T11:32:52.308;536844476783757118;-111;939;-360
2021-11-13T11:32:52.327;536844476803465977;-87;932;-371
2021-11-13T11:32:52.347;536844476823174836;-121;903;-398
2021-11-13T11:32:52.367;536844476842883695;-61;908;-380
2021-11-13T11:32:52.386;536844476862592554;148;897;-376
2021-11-13T11:32:52.406;536844476882301413;178;896;-389
2021-11-13T11:32:52.426;536844476902010272;-3;817;-479
2021-11-13T11:32:52.446;536844476921719131;73;875;-463
2021-11-13T11:32:52.465;536844476941427990;111;942;-287
2021-11-13T11:32:52.485;536844476961136849;78;895;-363
2021-11-13T11:32:52.505;536844476980845708;139;966;-327
2021-11-13T11:32:52.524;536844477000554567;24;798;-407
2021-11-13T11:32:52.544;536844477020263426;101;768;-606
2021-11-13T11:32:52.564;536844477039972285;423;951;-420
2021-11-13T11:32:52.583;536844477059681144;220;877;-512
2021-11-13T11:32:52.603;536844477079390003;169;883;-496
2021-11-13T11:32:52.623;536844477099098862;107;793;-499
2021-11-13T11:32:52.643;536844477118807721;98;801;-489
2021-11-13T11:32:52.662;536844477138516580;148;839;-443
2021-11-13T11:32:52.682;536844477158225467;317;873;-521
2021-11-13T11:32:52.702;536844477177934326;372;823;-575
2021-11-13T11:32:52.721;536844477197643185;235;803;-514
2021-11-13T11:32:52.741;536844477217352044;122;829;-529
2021-11-13T11:32:52.761;536844477237060903;49;827;-496
2021-11-13T11:32:52.781;536844477256769762;141;830;-523
2021-11-13T11:32:52.800;536844477276478621;326;817;-557
2021-11-13T11:32:52.820;536844477296187480;243;773;-575
2021-11-13T11:32:52.840;536844477315896339;203;796;-545
2021-11-13T11:32:52.859;536844477335605198;199;800;-514
2021-11-13T11:32:52.879;536844477355314057;258;803;-500
2021-11-13T11:32:52.899;536844477375022916;306;807;-520
2021-11-13T11:32:52.919;536844477394731775;279;779;-554
2021-11-13T11:32:52.938;536844477414440634;236;774;-550
2021-11-13T11:32:52.958;536844477434149493;260;790;-546
2021-11-13T11:32:52.978;536844477453858352;282;797;-496
2021-11-13T11:32:52.997;536844477473567211;322;787;-544
2021-11-13T11:32:53.017;536844477493276070;326;760;-535
2021-11-13T11:32:53.037;536844477512984929;315;786;-541
2021-11-13T11:32:53.056;536844477532693788;293;771;-543
2021-11-13T11:32:53.076;536844477552402647;263;767;-536
2021-11-13T11:32:53.096;536844477572111506;304;779;-562
2021-11-13T11:32:53.116;536844477591820365;333;758;-561
2021-11-13T11:32:53.135;536844477611529224;333;763;-551
2021-11-13T11:32:53.155;536844477631238083;320;760;-556
2021-11-13T11:32:53.175;536844477650946942;342;746;-568
2021-11-13T11:32:53.194;536844477670655801;321;773;-559
2021-11-13T11:32:53.214;536844477690364660;298;779;-558
2021-11-13T11:32:53.234;536844477710073519;347;752;-562
2021-11-13T11:32:53.254;536844477729782378;321;754;-561
2021-11-13T11:32:53.273;536844477749491237;319;759;-536
2021-11-13T11:32:53.293;536844477769200096;308;768;-572
2021-11-13T11:32:53.313;536844477788908955;339;752;-566
2021-11-13T11:32:53.332;536844477808617814;335;753;-569
2021-11-13T11:32:53.352;536844477828326673;278;761;-544
2021-11-13T11:32:53.372;536844477848035532;252;767;-549
2021-11-13T11:32:53.392;536844477867735669;298;763;-543
2021-11-13T11:32:53.411;536844477887435790;349;746;-573
2021-11-13T11:32:53.431;536844477907135911;334;751;-567
2021-11-13T11:32:53.451;536844477926836032;286;755;-592
2021-11-13T11:32:53.470;536844477946536153;304;753;-575
2021-11-13T11:32:53.490;536844477966236274;341;761;-551
2021-11-13T11:32:53.510;536844477985936395;348;757;-569
2021-11-13T11:32:53.529;536844478005636516;363;752;-568
2021-11-13T11:32:53.549;536844478025336637;334;761;-539
2021-11-13T11:32:53.569;536844478045036758;345;768;-539
2021-11-13T11:32:53.589;536844478064736879;377;754;-536
2021-11-13T11:32:53.608;536844478084437000;309;770;-533
2021-11-13T11:32:53.628;536844478104137121;351;781;-535
2021-11-13T11:32:53.648;536844478123837242;349;765;-525
2021-11-13T11:32:53.667;536844478143537363;364;767;-524
2021-11-13T11:32:53.687;536844478163237484;330;776;-521
2021-11-13T11:32:53.707;536844478182937605;287;773;-534
2021-11-13T11:32:53.726;536844478202637726;307;768;-543
2021-11-13T11:32:53.746;536844478222337847;315;774;-520
2021-11-13T11:32:53.766;536844478242037968;308;772;-520
2021-11-13T11:32:53.786;536844478261738089;318;773;-520
2021-11-13T11:32:53.805;536844478281438210;317;784;-529
2021-11-13T11:32:53.825;536844478301138331;296;774;-525
2021-11-13T11:32:53.845;536844478320838452;262;791;-526
2021-11-13T11:32:53.864;536844478340538573;294;769;-552
2021-11-13T11:32:53.884;536844478360238694;291;781;-548
2021-11-13T11:32:53.904;536844478379938815;347;785;-533
2021-11-13T11:32:53.923;536844478399638936;285;783;-524
2021-11-13T11:32:53.943;536844478419339057;308;794;-516
2021-11-13T11:32:53.963;536844478439039178;308;799;-496
2021-11-13T11:32:53.983;536844478458739299;309;827;-492
2021-11-13T11:32:54.002;536844478478439420;381;796;-494
2021-11-13T11:32:54.022;536844478498139541;297;805;-492
2021-11-13T11:32:54.042;536844478517839662;273;824;-503
2021-11-13T11:32:54.061;536844478537539783;223;831;-482
2021-11-13T11:32:54.081;536844478557239904;252;826;-511
2021-11-13T11:32:54.101;536844478576935680;276;814;-487
2021-11-13T11:32:54.120;536844478596631432;247;842;-495
2021-11-13T11:32:54.140;536844478616327184;287;819;-495
2021-11-13T11:32:54.160;536844478636022936;199;846;-490
2021-11-13T11:32:54.180;536844478655718688;184;854;-488
2021-11-13T11:32:54.199;536844478675414440;126;860;-476
2021-11-13T11:32:54.219;536844478695110192;224;864;-488
2021-11-13T11:32:54.239;536844478714805944;239;862;-487
2021-11-13T11:32:54.258;536844478734501696;159;874;-480
2021-11-13T11:32:54.278;536844478754197448;111;856;-472
2021-11-13T11:32:54.298;536844478773893200;98;872;-429
2021-11-13T11:32:54.317;536844478793588952;129;885;-427
2021-11-13T11:32:54.337;536844478813284704;118;887;-419
2021-11-13T11:32:54.357;536844478832980456;85;880;-467
2021-11-13T11:32:54.376;536844478852676208;6;871;-444
2021-11-13T11:32:54.396;536844478872371960;21;872;-439
2021-11-13T11:32:54.416;536844478892067712;7;873;-436
2021-11-13T11:32:54.436;536844478911763464;86;914;-442
2021-11-13T11:32:54.455;536844478931459216;25;907;-407
2021-11-13T11:32:54.475;536844478951154968;-26;911;-350
2021-11-13T11:32:54.495;536844478970850720;-104;891;-344
2021-11-13T11:32:54.514;536844478990546472;-116;895;-307
2021-11-13T11:32:54.534;536844479010242224;-189;926;-272
2021-11-13T11:32:54.554;536844479029937976;-374;914;-249
2021-11-13T11:32:54.573;536844479049633728;-311;910;-279
2021-11-13T11:32:54.593;536844479069329480;-273;936;-308
2021-11-13T11:32:54.613;536844479089025232;-137;927;-351
2021-11-13T11:32:54.633;536844479108720984;-69;914;-400
2021-11-13T11:32:54.652;536844479128416736;-11;913;-413
2021-11-13T11:32:54.672;536844479148112488;3;924;-388
2021-11-13T11:32:54.692;536844479167808240;15;942;-329
2021-11-13T11:32:54.711;536844479187503992;-37;933;-332
2021-11-13T11:32:54.731;536844479207199744;-58;935;-335
2021-11-13T11:32:54.751;536844479226895496;-103;919;-348
2021-11-13T11:32:54.770;536844479246591248;-92;922;-363
2021-11-13T11:32:54.790;536844479266287000;-90;931;-360
2021-11-13T11:32:54.810;536844479285988609;-69;940;-353
2021-11-13T11:32:54.829;536844479305690186;-77;935;-355
2021-11-13T11:32:54.849;536844479325391763;-99;923;-358
2021-11-13T11:32:54.869;536844479345093340;-107;919;-370
2021-11-13T11:32:54.889;536844479364794917;-102;909;-375
2021-11-13T11:32:54.908;536844479384496494;-92;921;-374
2021-11-13T11:32:54.928;536844479404198071;-87;923;-370
2021-11-13T11:32:54.948;536844479423899648;-86;921;-359
2021-11-13T11:32:54.967;536844479443601225;-74;932;-356
2021-11-13T11:32:54.987;536844479463302802;-75;930;-362
2021-11-13T11:32:55.007;536844479483004379;-83;923;-363
2021-11-13T11:32:55.026;536844479502705956;-104;923;-364
2021-11-13T11:32:55.046;536844479522407533;-111;921;-350
2021-11-13T11:32:55.066;536844479542109110;-114;922;-350
2021-11-13T11:32:55.086;536844479561810687;-117;919;-347
2021-11-13T11:32:55.105;536844479581512264;-121;914;-337
2021-11-13T11:32:55.125;536844479601213841;-130;924;-343
2021-11-13T11:32:55.145;536844479620915418;-121;937;-333
2021-11-13T11:32:55.164;536844479640616995;-138;942;-333
2021-11-13T11:32:55.184;536844479660318572;-81;937;-336
2021-11-13T11:32:55.204;536844479680020149;20;940;-370
2021-11-13T11:32:55.224;536844479699721726;51;890;-375
2021-11-13T11:32:55.243;536844479719423303;58;888;-380
2021-11-13T11:32:55.263;536844479739124880;-18;881;-357
2021-11-13T11:32:55.283;536844479758826457;53;856;-359
2021-11-13T11:32:55.302;536844479778528034;243;856;-355
2021-11-13T11:32:55.322;536844479798229611;229;976;-445
2021-11-13T11:32:55.342;536844479817931188;62;945;-515
2021-11-13T11:32:55.361;536844479837632765;-152;777;-463
2021-11-13T11:32:55.381;536844479857334342;-55;729;-413
2021-11-13T11:32:55.401;536844479877035919;156;870;-499
2021-11-13T11:32:55.421;536844479896737496;399;796;-709
2021-11-13T11:32:55.440;536844479916439073;235;945;-445
2021-11-13T11:32:55.460;536844479936140650;224;764;-438
2021-11-13T11:32:55.480;536844479955842227;107;833;-509
2021-11-13T11:32:55.499;536844479975543804;177;789;-477
2021-11-13T11:32:55.519;536844479995245382;291;837;-579
2021-11-13T11:32:55.539;536844480014946960;411;785;-623
2021-11-13T11:32:55.558;536844480034648538;298;766;-590
2021-11-13T11:32:55.578;536844480054350116;400;779;-607
2021-11-13T11:32:55.598;536844480074051694;157;765;-520
2021-11-13T11:32:55.618;536844480093753272;184;835;-546
2021-11-13T11:32:55.637;536844480113454850;283;764;-584
2021-11-13T11:32:55.657;536844480133156428;332;781;-603
2021-11-13T11:32:55.677;536844480152858006;386;768;-571
2021-11-13T11:32:55.696;536844480172559584;247;774;-519
2021-11-13T11:32:55.716;536844480192261162;217;784;-534
2021-11-13T11:32:55.736;536844480211962740;268;783;-548
2021-11-13T11:32:55.755;536844480231664318;335;764;-582
2021-11-13T11:32:55.775;536844480251365896;372;765;-554
2021-11-13T11:32:55.795;536844480271067474;291;764;-549
2021-11-13T11:32:55.815;536844480290769052;285;765;-546
2021-11-13T11:32:55.834;536844480310470630;294;760;-592
2021-11-13T11:32:55.854;536844480330172208;293;750;-597
2021-11-13T11:32:55.874;536844480349873786;331;767;-557
2021-11-13T11:32:55.893;536844480369575364;417;764;-526
2021-11-13T11:32:55.913;536844480389276942;371;747;-555
2021-11-13T11:32:55.933;536844480408978520;251;750;-596
2021-11-13T11:32:55.952;536844480428680098;249;759;-568
2021-11-13T11:32:55.972;536844480448381676;279;758;-592
2021-11-13T11:32:55.992;536844480468083254;311;749;-565
2021-11-13T11:32:56.012;536844480487784832;360;744;-587
2021-11-13T11:32:56.031;536844480507486410;282;732;-611
2021-11-13T11:32:56.051;536844480527187988;359;735;-600
2021-11-13T11:32:56.071;536844480546889566;274;752;-595
2021-11-13T11:32:56.090;536844480566591144;267;767;-536
2021-11-13T11:32:56.110;536844480586292722;297;764;-540
2021-11-13T11:32:56.130;536844480605994300;337;744;-566
2021-11-13T11:32:56.149;536844480625695878;312;756;-587
2021-11-13T11:32:56.169;536844480645397456;306;748;-576
2021-11-13T11:32:56.189;536844480665099034;312;755;-567
2021-11-13T11:32:56.209;536844480684800612;330;754;-537
2021-11-13T11:32:56.228;536844480704503658;324;757;-559
2021-11-13T11:32:56.248;536844480724206692;354;750;-574
2021-11-13T11:32:56.268;536844480743909726;350;752;-567
2021-11-13T11:32:56.287;536844480763612760;344;752;-570
2021-11-13T11:32:56.307;536844480783315794;348;750;-556
2021-11-13T11:32:56.327;536844480803018828;332;762;-545
2021-11-13T11:32:56.347;536844480822721862;361;760;-537
2021-11-13T11:32:56.366;536844480842424896;359;754;-551
2021-11-13T11:32:56.386;536844480862127930;356;760;-552
2021-11-13T11:32:56.406;536844480881830964;360;754;-554
2021-11-13T11:32:56.425;536844480901533998;370;762;-539
2021-11-13T11:32:56.445;536844480921237032;371;754;-542
2021-11-13T11:32:56.465;536844480940940066;322;763;-563
2021-11-13T11:32:56.484;536844480960643100;370;766;-521
2021-11-13T11:32:56.504;536844480980346134;375;767;-526
2021-11-13T11:32:56.524;536844481000049168;379;761;-519
2021-11-13T11:32:56.544;536844481019752202;347;758;-548
2021-11-13T11:32:56.563;536844481039455236;335;764;-533
2021-11-13T11:32:56.583;536844481059158270;320;766;-528
2021-11-13T11:32:56.603;536844481078861304;313;775;-535
2021-11-13T11:32:56.622;536844481098564338;294;774;-520
2021-11-13T11:32:56.642;536844481118267372;295;776;-538
2021-11-13T11:32:56.662;536844481137970406;281;767;-557
2021-11-13T11:32:56.681;536844481157673440;324;767;-519
2021-11-13T11:32:56.701;536844481177376474;279;772;-538
2021-11-13T11:32:56.721;536844481197079508;292;780;-536
2021-11-13T11:32:56.741;536844481216782542;275;783;-546
2021-11-13T11:32:56.760;536844481236485576;300;791;-518
2021-11-13T11:32:56.780;536844481256188610;285;791;-516
2021-11-13T11:32:56.800;536844481275891644;322;799;-512
2021-11-13T11:32:56.819;536844481295594678;333;794;-515
2021-11-13T11:32:56.839;536844481315297712;287;792;-511
2021-11-13T11:32:56.859;536844481335000746;264;805;-518
2021-11-13T11:32:56.878;536844481354703780;264;798;-511
2021-11-13T11:32:56.898;536844481374406814;269;820;-510
2021-11-13T11:32:56.918;536844481394109848;254;805;-507
2021-11-13T11:32:56.938;536844481413815826;234;831;-521
2021-11-13T11:32:56.957;536844481433521772;175;817;-525
2021-11-13T11:32:56.977;536844481453227718;205;836;-521
2021-11-13T11:32:56.997;536844481472933664;185;831;-499
2021-11-13T11:32:57.016;536844481492639610;226;864;-484
2021-11-13T11:32:57.036;536844481512345556;258;863;-484
2021-11-13T11:32:57.056;536844481532051502;145;860;-445
2021-11-13T11:32:57.076;536844481551757448;122;872;-450
2021-11-13T11:32:57.095;536844481571463394;178;866;-450
2021-11-13T11:32:57.115;536844481591169340;173;879;-446
2021-11-13T11:32:57.135;536844481610875286;166;872;-483
2021-11-13T11:32:57.154;536844481630581232;108;869;-478
2021-11-13T11:32:57.174;536844481650287178;137;889;-430
2021-11-13T11:32:57.194;536844481669993124;125;884;-446
2021-11-13T11:32:57.213;536844481689699070;-4;855;-437
2021-11-13T11:32:57.233;536844481709405016;15;895;-407
2021-11-13T11:32:57.253;536844481729110962;-33;877;-434
2021-11-13T11:32:57.273;536844481748816908;-41;913;-366
2021-11-13T11:32:57.292;536844481768522854;-84;925;-394
2021-11-13T11:32:57.312;536844481788228800;-136;919;-387
2021-11-13T11:32:57.332;536844481807934746;-237;811;-289
2021-11-13T11:32:57.351;536844481827640692;-84;927;-368
2021-11-13T11:32:57.371;536844481847346638;-21;952;-343
2021-11-13T11:32:57.391;536844481867052584;-45;925;-400
2021-11-13T11:32:57.411;536844481886758530;-72;906;-417
2021-11-13T11:32:57.430;536844481906464476;-110;895;-389
2021-11-13T11:32:57.450;536844481926170422;-110;918;-376
2021-11-13T11:32:57.470;536844481945876368;-112;932;-353
2021-11-13T11:32:57.489;536844481965582314;-111;930;-354
2021-11-13T11:32:57.509;536844481985288260;-108;918;-371
2021-11-13T11:32:57.529;536844482004994206;-84;928;-377
2021-11-13T11:32:57.548;536844482024700152;-108;916;-377
2021-11-13T11:32:57.568;536844482044406098;-140;900;-378
2021-11-13T11:32:57.588;536844482064112044;-178;911;-352
2021-11-13T11:32:57.608;536844482083817990;-125;931;-313
2021-11-13T11:32:57.627;536844482103523936;-124;920;-331
2021-11-13T11:32:57.647;536844482123229887;-74;933;-330
2021-11-13T11:32:57.667;536844482142935834;-36;940;-352
2021-11-13T11:32:57.686;536844482162641781;-36;936;-366
2021-11-13T11:32:57.706;536844482182347728;-57;937;-368
2021-11-13T11:32:57.726;536844482202053675;-108;917;-373
2021-11-13T11:32:57.746;536844482221759622;-116;920;-358
2021-11-13T11:32:57.765;536844482241465569;-127;914;-355
2021-11-13T11:32:57.785;536844482261171516;-116;921;-342
2021-11-13T11:32:57.805;536844482280877463;-88;934;-349
2021-11-13T11:32:57.824;536844482300583410;-106;917;-361
2021-11-13T11:32:57.844;536844482320289357;-114;921;-353
2021-11-13T11:32:57.864;536844482339995304;-120;918;-351
2021-11-13T11:32:57.883;536844482359701251;-125;920;-358
2021-11-13T11:32:57.903;536844482379407198;-133;913;-335
2021-11-13T11:32:57.923;536844482399113145;-120;925;-344
2021-11-13T11:32:57.943;536844482418819092;-72;938;-354
2021-11-13T11:32:57.962;536844482438525039;-28;937;-353
2021-11-13T11:32:57.982;536844482458230986;-47;947;-324
2021-11-13T11:32:58.002;536844482477936933;-11;917;-322
2021-11-13T11:32:58.021;536844482497642880;15;908;-279
2021-11-13T11:32:58.041;536844482517348827;75;898;-376
2021-11-13T11:32:58.061;536844482537054774;200;929;-391
2021-11-13T11:32:58.081;536844482556760721;124;783;-406
2021-11-13T11:32:58.100;536844482576466668;96;938;-381
2021-11-13T11:32:58.120;536844482596172615;69;969;-327
2021-11-13T11:32:58.140;536844482615878562;-2;888;-429
2021-11-13T11:32:58.159;536844482635584509;124;879;-498
2021-11-13T11:32:58.179;536844482655290456;17;799;-465
2021-11-13T11:32:58.199;536844482674996403;-37;727;-618
2021-11-13T11:32:58.218;536844482694702350;146;921;-477
2021-11-13T11:32:58.238;536844482714408297;352;834;-513
2021-11-13T11:32:58.258;536844482734114244;386;872;-491
2021-11-13T11:32:58.278;536844482753820191;114;826;-442
2021-11-13T11:32:58.297;536844482773526138;80;812;-507
2021-11-13T11:32:58.317;536844482793232085;229;807;-515
2021-11-13T11:32:58.337;536844482812938032;213;840;-550
2021-11-13T11:32:58.356;536844482832636701;346;806;-550
2021-11-13T11:32:58.376;536844482852335366;142;765;-568
2021-11-13T11:32:58.396;536844482872034031;266;776;-561
2021-11-13T11:32:58.416;536844482891732696;201;799;-528
2021-11-13T11:32:58.435;536844482911431361;397;802;-567
2021-11-13T11:32:58.455;536844482931130026;350;765;-563
2021-11-13T11:32:58.475;536844482950828691;319;770;-578
2021-11-13T11:32:58.494;536844482970527356;257;739;-586
2021-11-13T11:32:58.514;536844482990226021;221;807;-573
2021-11-13T11:32:58.534;536844483009924686;317;753;-579
2021-11-13T11:32:58.553;536844483029623351;428;786;-553
2021-11-13T11:32:58.573;536844483049322016;340;773;-535
2021-11-13T11:32:58.593;536844483069020681;258;757;-543
2021-11-13T11:32:58.613;536844483088719346;208;765;-526
2021-11-13T11:32:58.632;536844483108418011;283;801;-526
2021-11-13T11:32:58.652;536844483128116676;410;766;-521
2021-11-13T11:32:58.672;536844483147815341;412;758;-529
2021-11-13T11:32:58.691;536844483167514006;389;750;-544
2021-11-13T11:32:58.711;536844483187212671;292;762;-554
2021-11-13T11:32:58.731;536844483206911336;340;756;-550
2021-11-13T11:32:58.750;536844483226610001;373;761;-535
2021-11-13T11:32:58.770;536844483246308666;416;751;-561
2021-11-13T11:32:58.790;536844483266007331;358;731;-594
2021-11-13T11:32:58.809;536844483285705996;285;732;-610
2021-11-13T11:32:58.829;536844483305404661;297;742;-583
2021-11-13T11:32:58.849;536844483325103326;332;759;-570
2021-11-13T11:32:58.869;536844483344801991;360;757;-534
2021-11-13T11:32:58.888;536844483364500656;356;760;-531
2021-11-13T11:32:58.908;536844483384199321;303;733;-603
2021-11-13T11:32:58.928;536844483403897986;351;730;-602
2021-11-13T11:32:58.947;536844483423596651;323;728;-585
2021-11-13T11:32:58.967;536844483443295316;307;740;-585
2021-11-13T11:32:58.987;536844483462993981;341;758;-550
2021-11-13T11:32:59.006;536844483482692646;432;742;-542
2021-11-13T11:32:59.026;536844483502391311;399;736;-581
2021-11-13T11:32:59.046;536844483522089976;306;724;-623
2021-11-13T11:32:59.066;536844483541781379;343;755;-563
2021-11-13T11:32:59.085;536844483561472762;338;762;-515
2021-11-13T11:32:59.105;536844483581164145;345;763;-505
2021-11-13T11:32:59.125;536844483600855528;380;748;-534
2021-11-13T11:32:59.144;536844483620546911;393;745;-555
2021-11-13T11:32:59.164;536844483640238294;373;753;-543
2021-11-13T11:32:59.184;536844483659929677;404;757;-519
2021-11-13T11:32:59.203;536844483679621060;371;757;-537
2021-11-13T11:32:59.223;536844483699312443;357;750;-560
2021-11-13T11:32:59.243;536844483719003826;372;745;-551
2021-11-13T11:32:59.262;536844483738695209;327;754;-564
2021-11-13T11:32:59.282;536844483758386592;342;751;-551
2021-11-13T11:32:59.302;536844483778077975;380;747;-562
2021-11-13T11:32:59.322;536844483797769358;361;747;-567
2021-11-13T11:32:59.341;536844483817460741;359;749;-561
2021-11-13T11:32:59.361;536844483837152124;354;754;-554
2021-11-13T11:32:59.381;536844483856843507;363;751;-552
2021-11-13T11:32:59.400;536844483876534890;345;752;-544
2021-11-13T11:32:59.420;536844483896226273;358;751;-536
2021-11-13T11:32:59.440;536844483915917656;357;751;-560
2021-11-13T11:32:59.459;536844483935609039;356;752;-547
2021-11-13T11:32:59.479;536844483955300422;354;753;-538
2021-11-13T11:32:59.499;536844483974991805;390;742;-549
2021-11-13T11:32:59.518;536844483994683188;379;757;-549
2021-11-13T11:32:59.538;536844484014374571;388;753;-555
2021-11-13T11:32:59.558;536844484034065954;366;755;-529
2021-11-13T11:32:59.578;536844484053757337;358;763;-538
2021-11-13T11:32:59.597;536844484073448720;374;761;-532
2021-11-13T11:32:59.617;536844484093140103;362;755;-536
2021-11-13T11:32:59.637;536844484112831486;334;765;-557
2021-11-13T11:32:59.656;536844484132522869;348;752;-556
2021-11-13T11:32:59.676;536844484152214252;332;763;-539
2021-11-13T11:32:59.696;536844484171905635;360;771;-509
2021-11-13T11:32:59.715;536844484191597018;360;762;-513
2021-11-13T11:32:59.735;536844484211288401;343;755;-541
2021-11-13T11:32:59.755;536844484230979784;324;757;-563
2021-11-13T11:32:59.774;536844484250676993;317;769;-545
2021-11-13T11:32:59.794;536844484270374202;431;774;-499
2021-11-13T11:32:59.814;536844484290071411;348;760;-519
2021-11-13T11:32:59.834;536844484309768620;339;794;-509
2021-11-13T11:32:59.853;536844484329465829;344;774;-539
2021-11-13T11:32:59.873;536844484349163038;293;755;-575
2021-11-13T11:32:59.893;536844484368860247;263;762;-576
2021-11-13T11:32:59.912;536844484388557456;233;767;-542
2021-11-13T11:32:59.932;536844484408254665;256;774;-552
2021-11-13T11:32:59.952;536844484427951874;335;766;-560
2021-11-13T11:32:59.971;536844484447649083;314;769;-543
2021-11-13T11:32:59.991;536844484467346292;282;786;-541
2021-11-13T11:33:00.011;536844484487043501;299;791;-547
2021-11-13T11:33:00.031;536844484506740710;325;774;-532
2021-11-13T11:33:00.050;536844484526437919;343;791;-514
2021-11-13T11:33:00.070;536844484546135128;275;795;-526
2021-11-13T11:33:00.090;536844484565832337;270;798;-534
2021-11-13T11:33:00.109;536844484585529546;215;802;-535
2021-11-13T11:33:00.129;536844484605226755;197;806;-542
2021-11-13T11:33:00.149;536844484624923964;218;793;-542
2021-11-13T11:33:00.168;536844484644621173;340;823;-545
2021-11-13T11:33:00.188;536844484664318382;344;802;-538
2021-11-13T11:33:00.208;536844484684015591;223;825;-498
2021-11-13T11:33:00.228;536844484703712800;105;840;-499
2021-11-13T11:33:00.247;536844484723410009;169;851;-473
2021-11-13T11:33:00.267;536844484743107218;257;858;-465
2021-11-13T11:33:00.287;536844484762804427;320;855;-479
2021-11-13T11:33:00.306;536844484782501636;105;847;-496
2021-11-13T11:33:00.326;536844484802198845;12;782;-586
2021-11-13T11:33:00.346;536844484821896054;48;807;-572
2021-11-13T11:33:00.365;536844484841593263;57;859;-504
2021-11-13T11:33:00.385;536844484861290472;67;854;-509
2021-11-13T11:33:00.405;536844484880987681;18;864;-476
2021-11-13T11:33:00.424;536844484900684890;6;857;-478
2021-11-13T11:33:00.444;536844484920382099;57;882;-435
2021-11-13T11:33:00.464;536844484940079308;93;893;-423
2021-11-13T11:33:00.484;536844484959773608;60;922;-389
2021-11-13T11:33:00.503;536844484979467904;-17;882;-401
2021-11-13T11:33:00.523;536844484999162200;-72;890;-404
2021-11-13T11:33:00.543;536844485018856496;-182;879;-387
2021-11-13T11:33:00.562;536844485038550792;-223;864;-363
2021-11-13T11:33:00.582;536844485058245088;-104;921;-300
2021-11-13T11:33:00.602;536844485077939384;-32;983;-261
2021-11-13T11:33:00.621;536844485097633680;-76;957;-308
2021-11-13T11:33:00.641;536844485117327976;-121;936;-358
2021-11-13T11:33:00.661;536844485137022272;-143;904;-387
2021-11-13T11:33:00.681;536844485156716568;-156;889;-392
2021-11-13T11:33:00.700;536844485176410864;-133;902;-383
2021-11-13T11:33:00.720;536844485196105160;-73;933;-367
2021-11-13T11:33:00.740;536844485215799456;-47;931;-373
2021-11-13T11:33:00.759;536844485235493752;-41;933;-375
2021-11-13T11:33:00.779;536844485255188048;-97;912;-364
2021-11-13T11:33:00.799;536844485274882344;-98;919;-344
2021-11-13T11:33:00.818;536844485294576640;-44;945;-327
2021-11-13T11:33:00.838;536844485314270936;-42;934;-340
2021-11-13T11:33:00.858;536844485333965232;-75;912;-365
2021-11-13T11:33:00.877;536844485353659528;-109;923;-375
2021-11-13T11:33:00.897;536844485373353824;-118;913;-373
2021-11-13T11:33:00.917;536844485393048120;-75;921;-364
2021-11-13T11:33:00.937;536844485412742416;-24;941;-348
2021-11-13T11:33:00.956;536844485432436712;-54;931;-355
2021-11-13T11:33:00.976;536844485452131008;-79;926;-353
2021-11-13T11:33:00.996;536844485471825304;-106;923;-365
2021-11-13T11:33:01.015;536844485491519600;-100;916;-367
2021-11-13T11:33:01.035;536844485511213896;-76;929;-356
2021-11-13T11:33:01.055;536844485530908192;-77;925;-368
2021-11-13T11:33:01.074;536844485550602488;-90;925;-361
2021-11-13T11:33:01.094;536844485570296784;-101;930;-354
2021-11-13T11:33:01.114;536844485589991080;-108;936;-338
2021-11-13T11:33:01.133;536844485609685376;-97;921;-355
2021-11-13T11:33:01.153;536844485629379672;-73;926;-347
2021-11-13T11:33:01.173;536844485649073968;-18;933;-330
2021-11-13T11:33:01.193;536844485668768272;-83;934;-333
2021-11-13T11:33:01.212;536844485688462568;-136;910;-358
2021-11-13T11:33:01.232;536844485708156864;-82;905;-315
2021-11-13T11:33:01.252;536844485727851160;115;906;-378
2021-11-13T11:33:01.271;536844485747545456;90;912;-394
2021-11-13T11:33:01.291;536844485767239752;5;880;-438
2021-11-13T11:33:01.311;536844485786934048;-32;875;-417
2021-11-13T11:33:01.330;536844485806628344;41;864;-386
2021-11-13T11:33:01.350;536844485826322640;204;929;-382
2021-11-13T11:33:01.370;536844485846016936;215;954;-411
2021-11-13T11:33:01.390;536844485865711232;23;901;-442
2021-11-13T11:33:01.409;536844485885405528;-169;729;-452
2021-11-13T11:33:01.429;536844485905099824;83;827;-478
2021-11-13T11:33:01.449;536844485924794120;493;950;-416
2021-11-13T11:33:01.468;536844485944488416;324;854;-639
2021-11-13T11:33:01.488;536844485964182712;198;965;-395
2021-11-13T11:33:01.508;536844485983877008;-44;719;-450
2021-11-13T11:33:01.527;536844486003571304;77;783;-535
2021-11-13T11:33:01.547;536844486023265600;367;820;-493
2021-11-13T11:33:01.567;536844486042959896;276;851;-556
2021-11-13T11:33:01.586;536844486062654192;196;803;-493
2021-11-13T11:33:01.606;536844486082348488;128;804;-564
2021-11-13T11:33:01.626;536844486102042784;302;775;-596
2021-11-13T11:33:01.646;536844486121737080;340;818;-507
2021-11-13T11:33:01.665;536844486141431376;462;845;-523
2021-11-13T11:33:01.685;536844486161125672;227;775;-514
2021-11-13T11:33:01.705;536844486180819968;124;792;-615
2021-11-13T11:33:01.724;536844486200514264;239;760;-549
2021-11-13T11:33:01.744;536844486220208560;238;814;-557
2021-11-13T11:33:01.764;536844486239902856;269;776;-587
2021-11-13T11:33:01.783;536844486259597152;278;774;-585
2021-11-13T11:33:01.803;536844486279291448;208;766;-573
2021-11-13T11:33:01.823;536844486298985744;178;813;-521
2021-11-13T11:33:01.842;536844486318680040;250;826;-506
2021-11-13T11:33:01.862;536844486338374336;382;767;-524
2021-11-13T11:33:01.882;536844486358068632;305;773;-563
2021-11-13T11:33:01.902;536844486377762932;225;782;-581
2021-11-13T11:33:01.921;536844486397457228;250;786;-523
2021-11-13T11:33:01.941;536844486417151524;270;801;-517
2021-11-13T11:33:01.961;536844486436845820;341;770;-512
2021-11-13T11:33:01.980;536844486456540116;304;797;-541
2021-11-13T11:33:02.000;536844486476234412;272;759;-542
2021-11-13T11:33:02.020;536844486495928708;253;789;-563
2021-11-13T11:33:02.039;536844486515623004;312;767;-537
2021-11-13T11:33:02.059;536844486535317300;391;768;-524
2021-11-13T11:33:02.079;536844486555011596;298;788;-525
2021-11-13T11:33:02.098;536844486574705892;285;762;-580
2021-11-13T11:33:02.118;536844486594400188;316;762;-539
2021-11-13T11:33:02.138;536844486614094484;261;779;-513
2021-11-13T11:33:02.158;536844486633788780;316;787;-518
2021-11-13T11:33:02.177;536844486653483076;369;761;-537
2021-11-13T11:33:02.197;536844486673177372;347;766;-546
2021-11-13T11:33:02.217;536844486692871668;288;763;-536
2021-11-13T11:33:02.236;536844486712565964;314;774;-518
2021-11-13T11:33:02.256;536844486732260260;293;784;-500
2021-11-13T11:33:02.276;536844486751954556;295;764;-530
2021-11-13T11:33:02.295;536844486771648852;301;759;-548
2021-11-13T11:33:02.315;536844486791343148;357;763;-550
2021-11-13T11:33:02.335;536844486811037444;353;751;-557
2021-11-13T11:33:02.355;536844486830731740;320;763;-554
2021-11-13T11:33:02.374;536844486850426036;310;759;-547
2021-11-13T11:33:02.394;536844486870120332;371;762;-548
2021-11-13T11:33:02.414;536844486889814628;358;763;-539
2021-11-13T11:33:02.433;536844486909508924;378;762;-551
2021-11-13T11:33:02.453;536844486929203220;356;757;-552
2021-11-13T11:33:02.473;536844486948897516;363;759;-540
2021-11-13T11:33:02.492;536844486968591812;375;761;-524
2021-11-13T11:33:02.512;536844486988286108;311;771;-550
2021-11-13T11:33:02.532;536844487007980404;335;764;-544
2021-11-13T11:33:02.551;536844487027674700;335;763;-517
2021-11-13T11:33:02.571;536844487047368996;303;765;-530
2021-11-13T11:33:02.591;536844487067063292;368;762;-514
2021-11-13T11:33:02.611;536844487086773614;317;776;-516
2021-11-13T11:33:02.630;536844487106483930;318;790;-521
2021-11-13T11:33:02.650;536844487126194246;306;766;-528
2021-11-13T11:33:02.670;536844487145904562;317;763;-556
2021-11-13T11:33:02.689;536844487165614878;282;767;-557
2021-11-13T11:33:02.709;536844487185325194;342;766;-535
2021-11-13T11:33:02.729;536844487205035510;371;771;-505
2021-11-13T11:33:02.749;536844487224745826;350;782;-508
2021-11-13T11:33:02.768;536844487244456142;371;777;-508
2021-11-13T11:33:02.788;536844487264166458;350;795;-507
2021-11-13T11:33:02.808;536844487283876774;305;777;-513
2021-11-13T11:33:02.827;536844487303587090;300;782;-511
2021-11-13T11:33:02.847;536844487323297406;287;791;-521
2021-11-13T11:33:02.867;536844487343007722;300;784;-542
2021-11-13T11:33:02.887;536844487362718038;298;774;-537
2021-11-13T11:33:02.906;536844487382428354;253;789;-559
2021-11-13T11:33:02.926;536844487402138670;257;773;-581
2021-11-13T11:33:02.946;536844487421848986;287;782;-553
2021-11-13T11:33:02.965;536844487441559302;278;793;-531
2021-11-13T11:33:02.985;536844487461269618;245;800;-542
2021-11-13T11:33:03.005;536844487480979934;262;797;-540
2021-11-13T11:33:03.024;536844487500690250;282;789;-525
2021-11-13T11:33:03.044;536844487520400566;168;820;-528
2021-11-13T11:33:03.064;536844487540110882;180;808;-562
2021-11-13T11:33:03.084;536844487559821198;283;807;-557
2021-11-13T11:33:03.103;536844487579531514;140;830;-501
2021-11-13T11:33:03.123;536844487599241830;236;856;-490
2021-11-13T11:33:03.143;536844487618952146;230;848;-484
2021-11-13T11:33:03.162;536844487638662462;121;852;-479
2021-11-13T11:33:03.182;536844487658372778;102;859;-482
2021-11-13T11:33:03.202;536844487678083094;132;867;-476
2021-11-13T11:33:03.222;536844487697793410;128;865;-447
2021-11-13T11:33:03.241;536844487717503726;225;889;-434
2021-11-13T11:33:03.261;536844487737214042;137;889;-406
2021-11-13T11:33:03.281;536844487756924358;120;887;-402
2021-11-13T11:33:03.300;536844487776634674;28;880;-408
2021-11-13T11:33:03.320;536844487796328976;39;886;-399
2021-11-13T11:33:03.340;536844487816023272;197;920;-397
2021-11-13T11:33:03.360;536844487835717568;158;920;-360
2021-11-13T11:33:03.379;536844487855411864;43;952;-300
2021-11-13T11:33:03.399;536844487875106160;26;929;-311
2021-11-13T11:33:03.419;536844487894800456;-112;919;-329
2021-11-13T11:33:03.438;536844487914494752;-294;857;-351
2021-11-13T11:33:03.458;536844487934189048;-279;854;-409
2021-11-13T11:33:03.478;536844487953883344;-61;915;-387
2021-11-13T11:33:03.497;536844487973577640;23;977;-287
2021-11-13T11:33:03.517;536844487993271936;-1;977;-225
2021-11-13T11:33:03.537;536844488012966232;-78;959;-268
2021-11-13T11:33:03.556;536844488032660528;-193;908;-333
2021-11-13T11:33:03.576;536844488052354824;-193;902;-391
2021-11-13T11:33:03.596;536844488072049120;-124;906;-437
2021-11-13T11:33:03.616;536844488091743416;-186;871;-434
2021-11-13T11:33:03.635;536844488111437712;-125;902;-374
2021-11-13T11:33:03.655;536844488131132008;-101;948;-281
2021-11-13T11:33:03.675;536844488150826304;-58;965;-283
2021-11-13T11:33:03.694;536844488170520600;-84;934;-339
2021-11-13T11:33:03.714;536844488190214896;-73;908;-382
2021-11-13T11:33:03.734;536844488209909192;-60;919;-392
2021-11-13T11:33:03.753;536844488229603488;-60;927;-374
2021-11-13T11:33:03.773;536844488249297784;-79;927;-338
2021-11-13T11:33:03.793;536844488268992080;-71;937;-319
2021-11-13T11:33:03.812;536844488288686376;-58;940;-335
2021-11-13T11:33:03.832;536844488308380672;-54;925;-361
2021-11-13T11:33:03.852;536844488328074968;-80;917;-377
2021-11-13T11:33:03.872;536844488347769264;-79;928;-362
2021-11-13T11:33:03.891;536844488367463560;-72;933;-343
2021-11-13T11:33:03.911;536844488387157856;-73;930;-343
2021-11-13T11:33:03.931;536844488406852152;-61;935;-345
2021-11-13T11:33:03.950;536844488426546448;-76;927;-354
2021-11-13T11:33:03.970;536844488446240744;-84;923;-342
2021-11-13T11:33:03.990;536844488465935040;-100;929;-344
2021-11-13T11:33:04.009;536844488485629336;-109;921;-347
2021-11-13T11:33:04.029;536844488505342588;-92;934;-320
2021-11-13T11:33:04.049;536844488525055816;-72;937;-325
2021-11-13T11:33:04.069;536844488544769044;-72;938;-325
2021-11-13T11:33:04.088;536844488564482272;-61;933;-328
2021-11-13T11:33:04.108;536844488584195500;-71;932;-330
2021-11-13T11:33:04.128;536844488603908728;-99;896;-383
2021-11-13T11:33:04.147;536844488623621956;-39;918;-372
2021-11-13T11:33:04.167;536844488643335184;23;912;-317
2021-11-13T11:33:04.187;536844488663048412;156;897;-393
2021-11-13T11:33:04.207;536844488682761640;204;940;-347
2021-11-13T11:33:04.226;536844488702474868;19;886;-341
2021-11-13T11:33:04.246;536844488722188096;-101;837;-471
2021-11-13T11:33:04.266;536844488741901324;318;960;-356
2021-11-13T11:33:04.285;536844488761614552;-65;844;-468
2021-11-13T11:33:04.305;536844488781327780;114;797;-535
2021-11-13T11:33:04.325;536844488801041008;0;775;-521
2021-11-13T11:33:04.345;536844488820754236;221;896;-487
2021-11-13T11:33:04.364;536844488840467464;374;913;-394
2021-11-13T11:33:04.384;536844488860180692;70;845;-460
2021-11-13T11:33:04.404;536844488879893920;245;822;-496
2021-11-13T11:33:04.423;536844488899607148;68;777;-517
2021-11-13T11:33:04.443;536844488919320376;355;882;-531
2021-11-13T11:33:04.463;536844488939033604;422;816;-542
2021-11-13T11:33:04.483;536844488958746832;307;847;-492
2021-11-13T11:33:04.502;536844488978460060;231;809;-518
2021-11-13T11:33:04.522;536844488998173288;24;764;-536
2021-11-13T11:33:04.542;536844489017886516;199;814;-570
2021-11-13T11:33:04.561;536844489037599744;242;764;-553
2021-11-13T11:33:04.581;536844489057312972;253;844;-543
2021-11-13T11:33:04.601;536844489077026200;339;775;-572
2021-11-13T11:33:04.621;536844489096739428;167;773;-576
2021-11-13T11:33:04.640;536844489116452656;291;765;-571
2021-11-13T11:33:04.660;536844489136165884;314;786;-524
2021-11-13T11:33:04.680;536844489155879112;320;777;-595
2021-11-13T11:33:04.699;536844489175592340;369;756;-543
2021-11-13T11:33:04.719;536844489195305568;196;777;-589
2021-11-13T11:33:04.739;536844489215004245;266;759;-557
2021-11-13T11:33:04.758;536844489234702910;319;781;-531
2021-11-13T11:33:04.778;536844489254401575;452;776;-530
2021-11-13T11:33:04.798;536844489274100240;334;746;-563
2021-11-13T11:33:04.818;536844489293798905;255;774;-570
2021-11-13T11:33:04.837;536844489313497570;326;768;-535
2021-11-13T11:33:04.857;536844489333196235;310;765;-548
2021-11-13T11:33:04.877;536844489352894900;359;753;-545
2021-11-13T11:33:04.896;536844489372593565;236;771;-594
2021-11-13T11:33:04.916;536844489392292230;298;757;-576
2021-11-13T11:33:04.936;536844489411990895;326;749;-595
2021-11-13T11:33:04.955;536844489431689560;408;757;-517
2021-11-13T11:33:04.975;536844489451388225;343;769;-517
2021-11-13T11:33:04.995;536844489471086890;313;770;-532
2021-11-13T11:33:05.015;536844489490785555;325;774;-518
2021-11-13T11:33:05.034;536844489510484220;297;768;-542
2021-11-13T11:33:05.054;536844489530182885;368;757;-551
2021-11-13T11:33:05.074;536844489549881550;375;755;-542
2021-11-13T11:33:05.093;536844489569580215;370;762;-516
2021-11-13T11:33:05.113;536844489589278880;308;776;-537
2021-11-13T11:33:05.133;536844489608977545;275;754;-575
2021-11-13T11:33:05.152;536844489628676210;324;751;-589
2021-11-13T11:33:05.172;536844489648374875;348;760;-536
2021-11-13T11:33:05.192;536844489668073540;313;759;-547
2021-11-13T11:33:05.212;536844489687772205;309;768;-530
2021-11-13T11:33:05.231;536844489707470870;310;762;-534
2021-11-13T11:33:05.251;536844489727169535;325;765;-529
2021-11-13T11:33:05.271;536844489746868200;351;763;-546
2021-11-13T11:33:05.290;536844489766566865;327;756;-539
2021-11-13T11:33:05.310;536844489786265530;312;763;-552
2021-11-13T11:33:05.330;536844489805964195;336;759;-536
2021-11-13T11:33:05.349;536844489825662860;326;760;-540
2021-11-13T11:33:05.369;536844489845361525;310;759;-565
2021-11-13T11:33:05.389;536844489865060190;374;753;-545
2021-11-13T11:33:05.409;536844489884758855;342;758;-544
2021-11-13T11:33:05.428;536844489904457520;323;763;-580
2021-11-13T11:33:05.448;536844489924163498;330;753;-534
2021-11-13T11:33:05.468;536844489943869444;312;764;-515
2021-11-13T11:33:05.487;536844489963575390;359;772;-511
2021-11-13T11:33:05.507;536844489983281336;346;766;-536
2021-11-13T11:33:05.527;536844490002987282;350;755;-571
2021-11-13T11:33:05.546;536844490022693228;333;761;-566
2021-11-13T11:33:05.566;536844490042399174;316;763;-536
2021-11-13T11:33:05.586;536844490062105120;329;778;-517
2021-11-13T11:33:05.606;536844490081811066;334;765;-534
2021-11-13T11:33:05.625;536844490101517012;380;764;-539
2021-11-13T11:33:05.645;536844490121222958;336;765;-550
2021-11-13T11:33:05.665;536844490140928904;361;770;-515
2021-11-13T11:33:05.684;536844490160634850;382;777;-491
2021-11-13T11:33:05.704;536844490180340796;333;787;-497
2021-11-13T11:33:05.724;536844490200046742;369;775;-502
2021-11-13T11:33:05.744;536844490219752688;337;773;-505
2021-11-13T11:33:05.763;536844490239458634;306;781;-508
2021-11-13T11:33:05.783;536844490259164580;356;766;-506
2021-11-13T11:33:05.803;536844490278870526;296;773;-532
2021-11-13T11:33:05.822;536844490298576472;298;770;-547
2021-11-13T11:33:05.842;536844490318282418;324;772;-548
2021-11-13T11:33:05.862;536844490337988364;313;768;-567
2021-11-13T11:33:05.881;536844490357694310;292;758;-576
2021-11-13T11:33:05.901;536844490377400256;288;770;-574
2021-11-13T11:33:05.921;536844490397106202;277;762;-589
2021-11-13T11:33:05.941;536844490416812148;273;758;-573
2021-11-13T11:33:05.960;536844490436518094;217;788;-564
2021-11-13T11:33:05.980;536844490456224040;313;773;-518
2021-11-13T11:33:06.000;536844490475929986;364;790;-502
2021-11-13T11:33:06.019;536844490495635932;347;806;-509
2021-11-13T11:33:06.039;536844490515341878;351;805;-510
2021-11-13T11:33:06.059;536844490535047824;247;822;-493
2021-11-13T11:33:06.079;536844490554753770;388;804;-507
2021-11-13T11:33:06.098;536844490574459716;339;798;-510
2021-11-13T11:33:06.118;536844490594165662;401;804;-526
2021-11-13T11:33:06.138;536844490613871608;205;843;-456
2021-11-13T11:33:06.157;536844490633570285;91;855;-493
2021-11-13T11:33:06.177;536844490653268950;211;828;-538
2021-11-13T11:33:06.197;536844490672967615;241;804;-521
2021-11-13T11:33:06.216;536844490692666280;160;853;-524
2021-11-13T11:33:06.236;536844490712364945;265;821;-514
2021-11-13T11:33:06.256;536844490732063610;133;868;-393
2021-11-13T11:33:06.276;536844490751762275;164;889;-437
2021-11-13T11:33:06.295;536844490771460940;270;853;-449
2021-11-13T11:33:06.315;536844490791159605;174;880;-416
2021-11-13T11:33:06.335;536844490810858270;195;892;-438
2021-11-13T11:33:06.354;536844490830556935;68;887;-398
2021-11-13T11:33:06.374;536844490850255600;29;883;-393
2021-11-13T11:33:06.394;536844490869954265;22;877;-430
2021-11-13T11:33:06.413;536844490889652930;-4;901;-375
2021-11-13T11:33:06.433;536844490909351595;-53;904;-326
2021-11-13T11:33:06.453;536844490929050260;-60;921;-279
2021-11-13T11:33:06.473;536844490948748925;-70;935;-247
2021-11-13T11:33:06.492;536844490968447590;-78;934;-256
2021-11-13T11:33:06.512;536844490988146255;-114;939;-262
2021-11-13T11:33:06.532;536844491007844920;-152;930;-303
2021-11-13T11:33:06.551;536844491027543585;-126;922;-363
2021-11-13T11:33:06.571;536844491047242250;-63;934;-384
2021-11-13T11:33:06.591;536844491066940915;-32;924;-394
2021-11-13T11:33:06.610;536844491086639580;15;929;-387
2021-11-13T11:33:06.630;536844491106338245;-42;933;-367
2021-11-13T11:33:06.650;536844491126036910;-88;916;-342
2021-11-13T11:33:06.670;536844491145735575;-95;924;-342
2021-11-13T11:33:06.689;536844491165434240;-93;916;-369
2021-11-13T11:33:06.709;536844491185132905;-68;913;-373
2021-11-13T11:33:06.729;536844491204831570;-70;928;-384
2021-11-13T11:33:06.748;536844491224530235;-112;915;-379
2021-11-13T11:33:06.768;536844491244228900;-119;916;-372
2021-11-13T11:33:06.788;536844491263927565;-96;930;-365
2021-11-13T11:33:06.807;536844491283626230;-80;923;-358
2021-11-13T11:33:06.827;536844491303324895;-70;926;-365
2021-11-13T11:33:06.847;536844491323023560;-61;927;-370
2021-11-13T11:33:06.867;536844491342728078;-51;929;-365
2021-11-13T11:33:06.886;536844491362432568;-79;917;-371
2021-11-13T11:33:06.906;536844491382137058;-93;921;-361
2021-11-13T11:33:06.926;536844491401841548;-95;922;-358
2021-11-13T11:33:06.945;536844491421546038;-96;926;-362
2021-11-13T11:33:06.965;536844491441250528;-79;922;-360
2021-11-13T11:33:06.985;536844491460955018;-70;930;-368
2021-11-13T11:33:07.004;536844491480659508;-84;910;-375
2021-11-13T11:33:07.024;536844491500363998;-86;909;-374
2021-11-13T11:33:07.044;536844491520068488;-77;924;-365
2021-11-13T11:33:07.064;536844491539772978;-53;934;-365
2021-11-13T11:33:07.083;536844491559477468;-21;926;-352
2021-11-13T11:33:07.103;536844491579181958;-6;936;-324
2021-11-13T11:33:07.123;536844491598886448;-72;940;-326
2021-11-13T11:33:07.142;536844491618590938;-117;897;-374
2021-11-13T11:33:07.162;536844491638295428;-12;889;-406
2021-11-13T11:33:07.182;536844491657999918;262;908;-404
2021-11-13T11:33:07.201;536844491677704408;247;941;-367
2021-11-13T11:33:07.221;536844491697408898;50;916;-399
2021-11-13T11:33:07.241;536844491717113388;-79;913;-350
2021-11-13T11:33:07.261;536844491736817878;-73;848;-315
2021-11-13T11:33:07.280;536844491756522368;133;865;-464
2021-11-13T11:33:07.300;536844491776226858;349;878;-458
2021-11-13T11:33:07.320;536844491795931348;234;882;-510
2021-11-13T11:33:07.339;536844491815635838;-45;840;-494
2021-11-13T11:33:07.359;536844491835340328;-48;802;-403
2021-11-13T11:33:07.379;536844491855044818;212;844;-464
2021-11-13T11:33:07.399;536844491874749308;491;873;-491
2021-11-13T11:33:07.418;536844491894453798;318;866;-583
2021-11-13T11:33:07.438;536844491914158288;169;820;-512
2021-11-13T11:33:07.458;536844491933862778;-116;760;-566
2021-11-13T11:33:07.477;536844491953567268;178;771;-566
2021-11-13T11:33:07.497;536844491973271758;231;770;-608
2021-11-13T11:33:07.517;536844491992976248;318;778;-661
2021-11-13T11:33:07.536;536844492012680738;333;781;-521
2021-11-13T11:33:07.556;536844492032385228;125;774;-644
2021-11-13T11:33:07.576;536844492052079528;309;787;-508
2021-11-13T11:33:07.596;536844492071773824;268;760;-596
2021-11-13T11:33:07.615;536844492091468120;342;757;-613
2021-11-13T11:33:07.635;536844492111162416;251;762;-545
2021-11-13T11:33:07.655;536844492130856712;454;790;-553
2021-11-13T11:33:07.674;536844492150551008;403;760;-542
2021-11-13T11:33:07.694;536844492170245304;174;771;-587
2021-11-13T11:33:07.714;536844492189939600;218;785;-573
2021-11-13T11:33:07.733;536844492209633896;268;789;-525
2021-11-13T11:33:07.753;536844492229328192;392;774;-532
2021-11-13T11:33:07.773;536844492249022488;346;754;-571
2021-11-13T11:33:07.793;536844492268716784;286;770;-570
2021-11-13T11:33:07.812;536844492288411080;313;774;-536
2021-11-13T11:33:07.832;536844492308105376;337;768;-499
2021-11-13T11:33:07.852;536844492327799672;368;779;-519
2021-11-13T11:33:07.871;536844492347493968;364;767;-533
2021-11-13T11:33:07.891;536844492367188264;330;754;-561
2021-11-13T11:33:07.911;536844492386882560;298;759;-561
2021-11-13T11:33:07.930;536844492406576856;345;768;-517
2021-11-13T11:33:07.950;536844492426271152;356;775;-524
2021-11-13T11:33:07.970;536844492445965448;322;754;-548
2021-11-13T11:33:07.989;536844492465659744;309;751;-590
2021-11-13T11:33:08.009;536844492485354040;319;761;-558
2021-11-13T11:33:08.029;536844492505048336;348;758;-544
2021-11-13T11:33:08.049;536844492524742632;363;770;-511
2021-11-13T11:33:08.068;536844492544436928;410;763;-485
2021-11-13T11:33:08.088;536844492564131224;343;771;-526
2021-11-13T11:33:08.108;536844492583825520;322;752;-570
2021-11-13T11:33:08.127;536844492603519816;353;759;-554
2021-11-13T11:33:08.147;536844492623214112;368;762;-514
2021-11-13T11:33:08.167;536844492642908408;364;762;-520
2021-11-13T11:33:08.186;536844492662602704;376;763;-519
2021-11-13T11:33:08.206;536844492682297000;362;759;-509
2021-11-13T11:33:08.226;536844492701991296;379;758;-534
2021-11-13T11:33:08.245;536844492721685592;384;756;-542
2021-11-13T11:33:08.265;536844492741379888;379;749;-546
2021-11-13T11:33:08.285;536844492761088775;361;760;-533
2021-11-13T11:33:08.305;536844492780797634;352;760;-537
2021-11-13T11:33:08.324;536844492800506493;376;754;-526
2021-11-13T11:33:08.344;536844492820215352;355;757;-546
2021-11-13T11:33:08.364;536844492839924211;373;754;-547
2021-11-13T11:33:08.383;536844492859633070;371;753;-541
2021-11-13T11:33:08.403;536844492879341929;357;755;-542
2021-11-13T11:33:08.423;536844492899050788;358;755;-543
2021-11-13T11:33:08.443;536844492918759647;369;759;-526
2021-11-13T11:33:08.462;536844492938468506;371;761;-531
2021-11-13T11:33:08.482;536844492958177365;371;755;-550
2021-11-13T11:33:08.502;536844492977886224;369;750;-572
2021-11-13T11:33:08.521;536844492997595083;380;759;-536
2021-11-13T11:33:08.541;536844493017303942;383;754;-538
2021-11-13T11:33:08.561;536844493037012801;372;771;-537
2021-11-13T11:33:08.581;536844493056721660;392;775;-527
2021-11-13T11:33:08.600;536844493076430519;409;774;-516
2021-11-13T11:33:08.620;536844493096139378;319;748;-517
2021-11-13T11:33:08.640;536844493115848237;370;754;-507
2021-11-13T11:33:08.659;536844493135557096;318;784;-519
2021-11-13T11:33:08.679;536844493155265955;303;789;-525
2021-11-13T11:33:08.699;536844493174974814;328;779;-506
2021-11-13T11:33:08.718;536844493194683673;369;785;-500
2021-11-13T11:33:08.738;536844493214392532;376;772;-499
2021-11-13T11:33:08.758;536844493234101391;310;802;-495
2021-11-13T11:33:08.778;536844493253810250;317;782;-510
2021-11-13T11:33:08.797;536844493273519109;301;802;-496
2021-11-13T11:33:08.817;536844493293227968;359;800;-492
2021-11-13T11:33:08.837;536844493312936827;384;784;-503
2021-11-13T11:33:08.856;536844493332645686;321;790;-492
2021-11-13T11:33:08.876;536844493352354545;341;807;-486
2021-11-13T11:33:08.896;536844493372063404;315;805;-495
2021-11-13T11:33:08.916;536844493391772263;262;798;-501
2021-11-13T11:33:08.935;536844493411481122;264;814;-508
2021-11-13T11:33:08.955;536844493431189981;258;817;-513
2021-11-13T11:33:08.975;536844493450898840;249;798;-515
