Phone timestamp;sensor timestamp [ns];X [mg];Y [mg];Z [mg]
2021-11-13T11:36:31.099;536844695567954047;52;971;-172
2021-11-13T11:36:31.118;536844695587661450;57;973;-123
2021-11-13T11:36:31.138;536844695607368853;63;977;-96
2021-11-13T11:36:31.158;536844695627076256;73;971;-73
2021-11-13T11:36:31.177;536844695646783659;58;977;-70
2021-11-13T11:36:31.197;536844695666491062;102;987;-62
2021-11-13T11:36:31.217;536844695686198465;104;977;-39
2021-11-13T11:36:31.236;536844695705905868;84;962;-50
2021-11-13T11:36:31.256;536844695725613271;108;979;-100
2021-11-13T11:36:31.276;536844695745320674;177;971;-162
2021-11-13T11:36:31.296;536844695765028077;149;980;-62
2021-11-13T11:36:31.315;536844695784735480;74;998;29
2021-11-13T11:36:31.335;536844695804442883;120;971;-70
2021-11-13T11:36:31.355;536844695824150286;115;980;-46
2021-11-13T11:36:31.374;536844695843857689;109;972;-27
2021-11-13T11:36:31.394;536844695863565092;116;971;-36
2021-11-13T11:36:31.414;536844695883272495;113;984;-51
2021-11-13T11:36:31.434;536844695902979898;113;984;-28
2021-11-13T11:36:31.453;536844695922687301;113;979;-25
2021-11-13T11:36:31.473;536844695942394704;109;977;-13
2021-11-13T11:36:31.493;536844695962102107;107;981;-14
2021-11-13T11:36:31.512;536844695981809510;94;980;-42
2021-11-13T11:36:31.532;536844696001516913;112;975;-60
2021-11-13T11:36:31.552;536844696021224316;114;979;-56
2021-11-13T11:36:31.571;536844696040931719;121;980;-56
2021-11-13T11:36:31.591;536844696060639122;115;975;-57
2021-11-13T11:36:31.611;536844696080346525;118;976;-40
2021-11-13T11:36:31.631;536844696100053928;119;981;-30
2021-11-13T11:36:31.650;536844696119761331;128;981;-23
2021-11-13T11:36:31.670;536844696139468734;119;981;-21
2021-11-13T11:36:31.690;536844696159176137;120;981;-31
2021-11-13T11:36:31.709;536844696178883540;122;979;-17
2021-11-13T11:36:31.729;536844696198590943;120;980;-11
2021-11-13T11:36:31.749;536844696218298346;120;980;-31
2021-11-13T11:36:31.769;536844696238005749;117;981;-37
2021-11-13T11:36:31.788;536844696257713152;108;973;-46
2021-11-13T11:36:31.808;536844696277420567;112;980;-36
2021-11-13T11:36:31.828;536844696297127970;109;978;-48
2021-11-13T11:36:31.847;536844696316835373;104;983;-43
2021-11-13T11:36:31.867;536844696336542776;107;977;-66
2021-11-13T11:36:31.887;536844696356250179;99;979;-91
2021-11-13T11:36:31.907;536844696375957582;104;982;-84
2021-11-13T11:36:31.926;536844696395664985;99;983;-80
2021-11-13T11:36:31.946;536844696415372388;89;981;-84
2021-11-13T11:36:31.966;536844696435079791;76;976;-96
2021-11-13T11:36:31.985;536844696454787194;73;974;-96
2021-11-13T11:36:32.005;536844696474494597;62;974;-109
2021-11-13T11:36:32.025;536844696494202000;41;979;-115
2021-11-13T11:36:32.044;536844696513909403;52;979;-95
2021-11-13T11:36:32.064;536844696533616806;47;973;-69
2021-11-13T11:36:32.084;536844696553324209;29;980;-67
2021-11-13T11:36:32.104;536844696573031612;36;977;-44
2021-11-13T11:36:32.123;536844696592739015;24;979;-83
2021-11-13T11:36:32.143;536844696612446418;47;984;-84
2021-11-13T11:36:32.163;536844696632153821;41;981;-85
2021-11-13T11:36:32.182;536844696651861224;35;979;-130
2021-11-13T11:36:32.202;536844696671568627;36;981;-127
2021-11-13T11:36:32.222;536844696691276030;20;979;-141
2021-11-13T11:36:32.242;536844696710983433;10;976;-155
2021-11-13T11:36:32.261;536844696730690836;10;976;-180
2021-11-13T11:36:32.281;536844696750398239;12;971;-190
2021-11-13T11:36:32.301;536844696770105642;8;976;-186
2021-11-13T11:36:32.320;536844696789813045;12;977;-179
2021-11-13T11:36:32.340;536844696809520448;-7;968;-179
2021-11-13T11:36:32.360;536844696829227851;-25;976;-183
2021-11-13T11:36:32.379;536844696848935254;-22;979;-179
2021-11-13T11:36:32.399;536844696868642657;-37;976;-168
2021-11-13T11:36:32.419;536844696888350060;-32;982;-144
2021-11-13T11:36:32.439;536844696908057463;-47;973;-136
2021-11-13T11:36:32.458;536844696927764866;-55;983;-121
2021-11-13T11:36:32.478;536844696947472269;-65;985;-106
2021-11-13T11:36:32.498;536844696967179672;-111;951;-131
2021-11-13T11:36:32.517;536844696986879813;-115;969;-139
2021-11-13T11:36:32.537;536844697006579934;-104;976;-137
2021-11-13T11:36:32.557;536844697026280055;-114;970;-174
2021-11-13T11:36:32.577;536844697045980176;-105;975;-198
2021-11-13T11:36:32.596;536844697065680297;-130;945;-249
2021-11-13T11:36:32.616;536844697085380418;-191;928;-253
2021-11-13T11:36:32.636;536844697105080539;-192;939;-230
2021-11-13T11:36:32.655;536844697124780660;-164;958;-199
2021-11-13T11:36:32.675;536844697144480781;-165;968;-204
2021-11-13T11:36:32.695;536844697164180902;-235;957;-233
2021-11-13T11:36:32.714;536844697183881023;-298;909;-244
2021-11-13T11:36:32.734;536844697203581144;-297;925;-193
2021-11-13T11:36:32.754;536844697223281265;-353;978;-115
2021-11-13T11:36:32.774;536844697242981386;-326;966;-150
2021-11-13T11:36:32.793;536844697262681507;-357;904;-210
2021-11-13T11:36:32.813;536844697282381628;-387;832;-313
2021-11-13T11:36:32.833;536844697302081749;-305;826;-396
2021-11-13T11:36:32.852;536844697321781870;-421;831;-404
2021-11-13T11:36:32.872;536844697341481991;-461;876;-346
2021-11-13T11:36:32.892;536844697361182112;-448;941;-299
2021-11-13T11:36:32.911;536844697380882233;-395;983;-218
2021-11-13T11:36:32.931;536844697400582354;-434;987;-123
2021-11-13T11:36:32.951;536844697420282475;-408;989;44
2021-11-13T11:36:32.971;536844697439982596;-386;959;99
2021-11-13T11:36:32.990;536844697459682717;-265;903;-159
2021-11-13T11:36:33.010;536844697479382838;1;864;-312
2021-11-13T11:36:33.030;536844697499082959;82;736;-434
2021-11-13T11:36:33.049;536844697518783080;80;696;-494
2021-11-13T11:36:33.069;536844697538483201;-30;775;-398
2021-11-13T11:36:33.089;536844697558183322;-250;898;-190
2021-11-13T11:36:33.108;536844697577883443;-640;1078;104
2021-11-13T11:36:33.128;536844697597583564;-747;1079;-10
2021-11-13T11:36:33.148;536844697617283685;-435;905;-308
2021-11-13T11:36:33.168;536844697636983806;-212;888;-386
2021-11-13T11:36:33.187;536844697656683927;-260;936;-294
2021-11-13T11:36:33.207;536844697676384048;-396;947;-217
2021-11-13T11:36:33.227;536844697696088562;-383;922;-169
2021-11-13T11:36:33.246;536844697715793052;-280;911;-161
2021-11-13T11:36:33.266;536844697735497542;-260;921;-173
2021-11-13T11:36:33.286;536844697755202032;-302;916;-209
2021-11-13T11:36:33.305;536844697774906522;-312;928;-205
2021-11-13T11:36:33.325;536844697794611012;-291;936;-185
2021-11-13T11:36:33.345;536844697814315502;-269;918;-184
2021-11-13T11:36:33.365;536844697834019992;-292;923;-206
2021-11-13T11:36:33.384;536844697853724482;-306;941;-229
2021-11-13T11:36:33.404;536844697873428972;-317;963;-231
2021-11-13T11:36:33.424;536844697893133462;-340;945;-228
2021-11-13T11:36:33.443;536844697912837952;-365;906;-253
2021-11-13T11:36:33.463;536844697932542442;-365;882;-247
2021-11-13T11:36:33.483;536844697952246932;-316;880;-231
2021-11-13T11:36:33.502;536844697971951422;-180;898;-242
2021-11-13T11:36:33.522;536844697991655912;-111;989;-140
2021-11-13T11:36:33.542;536844698011360402;-204;972;-124
2021-11-13T11:36:33.562;536844698031064892;-232;938;-120
2021-11-13T11:36:33.581;536844698050769382;-181;950;-114
2021-11-13T11:36:33.601;536844698070473872;-116;968;-121
2021-11-13T11:36:33.621;536844698090178362;-117;982;-159
2021-11-13T11:36:33.640;536844698109882852;-198;969;-218
2021-11-13T11:36:33.660;536844698129587342;-229;934;-247
2021-11-13T11:36:33.680;536844698149291832;-210;934;-243
2021-11-13T11:36:33.700;536844698168996322;-214;934;-229
2021-11-13T11:36:33.719;536844698188700812;-192;912;-249
2021-11-13T11:36:33.739;536844698208405302;-115;968;-177
2021-11-13T11:36:33.759;536844698228109792;-110;981;-172
2021-11-13T11:36:33.778;536844698247814282;-212;953;-168
2021-11-13T11:36:33.798;536844698267518772;-155;962;-231
2021-11-13T11:36:33.818;536844698287223262;-167;887;-291
2021-11-13T11:36:33.837;536844698306927752;-90;942;-261
2021-11-13T11:36:33.857;536844698326632242;-28;985;-209
2021-11-13T11:36:33.877;536844698346336732;-58;982;-196
2021-11-13T11:36:33.897;536844698366041222;-73;983;-186
2021-11-13T11:36:33.916;536844698385745712;-88;966;-223
2021-11-13T11:36:33.936;536844698405444385;-79;965;-225
2021-11-13T11:36:33.956;536844698425143050;-33;954;-245
2021-11-13T11:36:33.975;536844698444841715;-21;960;-193
2021-11-13T11:36:33.995;536844698464540380;-4;986;-167
2021-11-13T11:36:34.015;536844698484239045;-21;979;-158
2021-11-13T11:36:34.034;536844698503937710;-16;968;-208
2021-11-13T11:36:34.054;536844698523636375;50;985;-186
2021-11-13T11:36:34.074;536844698543335040;26;960;-191
2021-11-13T11:36:34.094;536844698563033705;28;982;-205
2021-11-13T11:36:34.113;536844698582732370;15;961;-177
2021-11-13T11:36:34.133;536844698602431035;26;960;-143
2021-11-13T11:36:34.153;536844698622129700;61;980;-131
2021-11-13T11:36:34.172;536844698641828365;80;985;-142
2021-11-13T11:36:34.192;536844698661527030;47;964;-176
2021-11-13T11:36:34.212;536844698681225695;54;965;-142
2021-11-13T11:36:34.231;536844698700924360;77;962;-128
2021-11-13T11:36:34.251;536844698720623025;104;979;-137
2021-11-13T11:36:34.271;536844698740321690;108;980;-114
2021-11-13T11:36:34.291;536844698760020355;104;974;-100
2021-11-13T11:36:34.310;536844698779719020;115;971;-110
2021-11-13T11:36:34.330;536844698799417685;121;957;-134
2021-11-13T11:36:34.350;536844698819116350;154;952;-136
2021-11-13T11:36:34.369;536844698838815015;140;962;-81
2021-11-13T11:36:34.389;536844698858513680;143;980;26
2021-11-13T11:36:34.409;536844698878212345;141;980;0
2021-11-13T11:36:34.428;536844698897911010;188;975;-22
2021-11-13T11:36:34.448;536844698917609675;149;989;49
2021-11-13T11:36:34.468;536844698937308340;192;976;41
2021-11-13T11:36:34.488;536844698957007005;184;982;2
2021-11-13T11:36:34.507;536844698976705670;169;987;9
2021-11-13T11:36:34.527;536844698996404335;139;981;23
2021-11-13T11:36:34.547;536844699016103000;127;977;19
2021-11-13T11:36:34.566;536844699035801665;132;970;34
2021-11-13T11:36:34.586;536844699055500330;126;976;15
2021-11-13T11:36:34.606;536844699075198995;144;981;-4
2021-11-13T11:36:34.625;536844699094897660;148;981;-23
2021-11-13T11:36:34.645;536844699114596333;149;965;-48
2021-11-13T11:36:34.665;536844699134294998;189;967;-53
2021-11-13T11:36:34.685;536844699153993663;178;975;-34
2021-11-13T11:36:34.704;536844699173692328;168;980;-25
2021-11-13T11:36:34.724;536844699193390993;169;977;-22
2021-11-13T11:36:34.744;536844699213089658;151;978;-1
2021-11-13T11:36:34.763;536844699232788323;153;976;-5
2021-11-13T11:36:34.783;536844699252486988;141;977;4
2021-11-13T11:36:34.803;536844699272185653;151;980;-4
2021-11-13T11:36:34.822;536844699291884318;166;979;-6
2021-11-13T11:36:34.842;536844699311582983;161;979;-14
2021-11-13T11:36:34.862;536844699331281648;164;985;-22
2021-11-13T11:36:34.882;536844699350980313;177;976;-10
2021-11-13T11:36:34.901;536844699370678978;158;977;-14
2021-11-13T11:36:34.921;536844699390377643;155;981;-1
2021-11-13T11:36:34.941;536844699410076308;118;985;16
2021-11-13T11:36:34.960;536844699429774973;127;980;9
2021-11-13T11:36:34.980;536844699449473638;125;980;14
2021-11-13T11:36:35.000;536844699469172303;119;972;11
2021-11-13T11:36:35.019;536844699488870968;121;972;-13
2021-11-13T11:36:35.039;536844699508569633;121;988;-30
2021-11-13T11:36:35.059;536844699528268298;114;980;-23
2021-11-13T11:36:35.079;536844699547966963;94;970;-44
2021-11-13T11:36:35.098;536844699567665628;95;977;-71
2021-11-13T11:36:35.118;536844699587364293;104;972;-77
2021-11-13T11:36:35.138;536844699607062958;101;979;-80
2021-11-13T11:36:35.157;536844699626761623;108;977;-94
2021-11-13T11:36:35.177;536844699646460288;109;979;-76
2021-11-13T11:36:35.197;536844699666158953;114;971;-70
2021-11-13T11:36:35.216;536844699685857618;82;979;-74
2021-11-13T11:36:35.236;536844699705556283;76;979;-50
2021-11-13T11:36:35.256;536844699725254948;59;983;-36
2021-11-13T11:36:35.275;536844699744953613;49;987;-41
2021-11-13T11:36:35.295;536844699764652278;72;990;-34
2021-11-13T11:36:35.315;536844699784350943;40;982;-32
2021-11-13T11:36:35.335;536844699804049608;45;966;-17
2021-11-13T11:36:35.354;536844699823755559;50;977;-7
2021-11-13T11:36:35.374;536844699843461506;30;986;-64
2021-11-13T11:36:35.394;536844699863167453;29;982;-86
2021-11-13T11:36:35.413;536844699882873400;30;969;-34
2021-11-13T11:36:35.433;536844699902579347;15;974;-4
2021-11-13T11:36:35.453;536844699922285294;-19;983;-16
2021-11-13T11:36:35.473;536844699941991241;-39;984;-54
2021-11-13T11:36:35.492;536844699961697188;-45;974;-58
2021-11-13T11:36:35.512;536844699981403135;-63;972;-73
2021-11-13T11:36:35.532;536844700001109082;-83;979;-70
2021-11-13T11:36:35.551;536844700020815029;-102;982;-89
2021-11-13T11:36:35.571;536844700040520976;-112;980;-104
2021-11-13T11:36:35.591;536844700060226923;-179;979;-80
2021-11-13T11:36:35.610;536844700079932870;-79;968;-73
2021-11-13T11:36:35.630;536844700099638817;-30;996;-204
2021-11-13T11:36:35.650;536844700119344764;-100;1041;-136
2021-11-13T11:36:35.670;536844700139050711;-152;1001;-117
2021-11-13T11:36:35.689;536844700158756658;-217;974;-198
2021-11-13T11:36:35.709;536844700178462605;-230;916;-311
2021-11-13T11:36:35.729;536844700198168552;-436;840;-403
2021-11-13T11:36:35.748;536844700217874499;-368;861;-161
2021-11-13T11:36:35.768;536844700237580446;-426;750;11
2021-11-13T11:36:35.788;536844700257286393;-433;785;-59
2021-11-13T11:36:35.808;536844700276992340;-281;816;-207
2021-11-13T11:36:35.827;536844700296698287;-209;1023;-556
2021-11-13T11:36:35.847;536844700316404234;-322;999;-364
2021-11-13T11:36:35.867;536844700336110181;-341;926;-45
2021-11-13T11:36:35.886;536844700355816128;-446;951;-64
2021-11-13T11:36:35.906;536844700375522075;-498;868;-189
2021-11-13T11:36:35.926;536844700395228022;-324;882;-261
2021-11-13T11:36:35.945;536844700414933969;-281;918;-263
2021-11-13T11:36:35.965;536844700434639916;-302;941;-197
2021-11-13T11:36:35.985;536844700454345863;-383;890;-229
2021-11-13T11:36:36.005;536844700474051810;-363;902;-251
2021-11-13T11:36:36.024;536844700493757757;-277;927;-250
2021-11-13T11:36:36.044;536844700513463704;-281;922;-259
2021-11-13T11:36:36.064;536844700533169682;-279;893;-228
2021-11-13T11:36:36.083;536844700552875628;-324;939;-231
2021-11-13T11:36:36.103;536844700572581574;-384;955;-241
2021-11-13T11:36:36.123;536844700592287520;-372;885;-286
2021-11-13T11:36:36.143;536844700611993466;-393;871;-275
2021-11-13T11:36:36.162;536844700631699412;-392;871;-195
2021-11-13T11:36:36.182;536844700651405358;-383;885;-107
2021-11-13T11:36:36.202;536844700671111304;-393;869;-198
2021-11-13T11:36:36.221;536844700690817250;-332;925;-274
2021-11-13T11:36:36.241;536844700710523196;-320;976;-134
2021-11-13T11:36:36.261;536844700730229142;-280;950;-46
2021-11-13T11:36:36.280;536844700749935088;-374;946;-44
2021-11-13T11:36:36.300;536844700769641034;-500;870;-135
2021-11-13T11:36:36.320;536844700789346980;-487;831;-152
2021-11-13T11:36:36.340;536844700809052926;-265;916;-307
2021-11-13T11:36:36.359;536844700828758872;-229;957;-334
2021-11-13T11:36:36.379;536844700848464818;-369;931;-226
2021-11-13T11:36:36.399;536844700868170764;-390;942;-140
2021-11-13T11:36:36.418;536844700887876710;-373;954;-165
2021-11-13T11:36:36.438;536844700907582656;-279;982;-151
2021-11-13T11:36:36.458;536844700927288602;-255;957;-100
2021-11-13T11:36:36.478;536844700946994548;-241;949;-57
2021-11-13T11:36:36.497;536844700966700494;-225;941;-77
2021-11-13T11:36:36.517;536844700986406440;-241;939;-76
2021-11-13T11:36:36.537;536844701006112386;-159;930;-53
2021-11-13T11:36:36.556;536844701025818332;-117;882;-93
2021-11-13T11:36:36.576;536844701045524278;-5;812;-256
2021-11-13T11:36:36.596;536844701065230224;-48;808;-438
2021-11-13T11:36:36.615;536844701084936170;-169;911;-409
2021-11-13T11:36:36.635;536844701104642116;-380;976;-313
2021-11-13T11:36:36.655;536844701124348062;-489;991;-251
2021-11-13T11:36:36.675;536844701144054008;-375;952;-161
2021-11-13T11:36:36.694;536844701163759954;-233;959;-74
2021-11-13T11:36:36.714;536844701183465900;-209;946;-122
2021-11-13T11:36:36.734;536844701203171846;-239;961;-244
2021-11-13T11:36:36.753;536844701222877792;-230;983;-276
2021-11-13T11:36:36.773;536844701242576469;-173;923;-205
2021-11-13T11:36:36.793;536844701262275134;-68;927;-123
2021-11-13T11:36:36.813;536844701281973799;-142;980;-151
2021-11-13T11:36:36.832;536844701301672464;-59;999;-157
2021-11-13T11:36:36.852;536844701321371129;-109;985;-188
2021-11-13T11:36:36.872;536844701341069794;-130;926;-207
2021-11-13T11:36:36.891;536844701360768459;-89;922;-213
2021-11-13T11:36:36.911;536844701380467124;-33;954;-197
2021-11-13T11:36:36.931;536844701400165789;-9;988;-165
2021-11-13T11:36:36.950;536844701419864454;-11;981;-164
2021-11-13T11:36:36.970;536844701439563119;-7;974;-205
2021-11-13T11:36:36.990;536844701459261784;29;974;-215
2021-11-13T11:36:37.010;536844701478960449;30;980;-173
2021-11-13T11:36:37.029;536844701498659114;49;971;-132
2021-11-13T11:36:37.049;536844701518357779;37;983;-115
2021-11-13T11:36:37.069;536844701538056444;38;989;-135
2021-11-13T11:36:37.088;536844701557755109;68;981;-137
2021-11-13T11:36:37.108;536844701577453774;66;983;-177
2021-11-13T11:36:37.128;536844701597152439;58;984;-189
2021-11-13T11:36:37.147;536844701616851104;1;957;-167
2021-11-13T11:36:37.167;536844701636549769;-8;963;-125
2021-11-13T11:36:37.187;536844701656248434;20;979;-113
2021-11-13T11:36:37.206;536844701675947099;15;982;-93
2021-11-13T11:36:37.226;536844701695645764;22;977;-103
2021-11-13T11:36:37.246;536844701715344429;9;980;-99
2021-11-13T11:36:37.266;536844701735043094;11;982;-93
2021-11-13T11:36:37.285;536844701754741759;33;978;-102
2021-11-13T11:36:37.305;536844701774440424;41;973;-100
2021-11-13T11:36:37.325;536844701794139089;70;970;-96
2021-11-13T11:36:37.344;536844701813837754;88;978;-53
2021-11-13T11:36:37.364;536844701833536419;64;982;-45
2021-11-13T11:36:37.384;536844701853235084;71;982;-28
2021-11-13T11:36:37.403;536844701872933749;36;977;-31
2021-11-13T11:36:37.423;536844701892632414;62;983;-9
2021-11-13T11:36:37.443;536844701912331079;97;978;-8
2021-11-13T11:36:37.463;536844701932029744;79;975;-39
2021-11-13T11:36:37.482;536844701951743002;97;986;-70
2021-11-13T11:36:37.502;536844701971456230;73;981;-78
2021-11-13T11:36:37.522;536844701991169458;83;977;-89
2021-11-13T11:36:37.541;536844702010882686;108;971;-117
2021-11-13T11:36:37.561;536844702030595914;114;972;-120
2021-11-13T11:36:37.581;536844702050309142;112;976;-88
2021-11-13T11:36:37.601;536844702070022370;118;972;-76
2021-11-13T11:36:37.620;536844702089735598;121;977;-35
2021-11-13T11:36:37.640;536844702109448826;121;980;-15
2021-11-13T11:36:37.660;536844702129162054;117;979;-4
2021-11-13T11:36:37.679;536844702148875282;114;980;-19
2021-11-13T11:36:37.699;536844702168588510;122;976;-56
2021-11-13T11:36:37.719;536844702188301738;129;973;-42
2021-11-13T11:36:37.739;536844702208014966;136;976;-58
2021-11-13T11:36:37.758;536844702227728194;165;981;-66
2021-11-13T11:36:37.778;536844702247441422;163;978;-42
2021-11-13T11:36:37.798;536844702267154650;131;980;-12
2021-11-13T11:36:37.817;536844702286867878;140;979;-59
2021-11-13T11:36:37.837;536844702306581106;130;974;-66
2021-11-13T11:36:37.857;536844702326294334;135;979;-44
2021-11-13T11:36:37.877;536844702346007562;134;980;-44
2021-11-13T11:36:37.896;536844702365720790;136;971;-40
2021-11-13T11:36:37.916;536844702385434018;134;978;-63
2021-11-13T11:36:37.936;536844702405147246;135;980;-30
2021-11-13T11:36:37.955;536844702424860474;143;978;-42
2021-11-13T11:36:37.975;536844702444573702;136;981;-58
2021-11-13T11:36:37.995;536844702464286930;132;984;-34
2021-11-13T11:36:38.015;536844702484000158;148;979;-32
2021-11-13T11:36:38.034;536844702503713386;135;977;-32
2021-11-13T11:36:38.054;536844702523426614;136;978;-38
2021-11-13T11:36:38.074;536844702543139842;132;977;-15
2021-11-13T11:36:38.093;536844702562853070;134;981;-33
2021-11-13T11:36:38.113;536844702582566298;129;977;-84
2021-11-13T11:36:38.133;536844702602279526;146;964;-88
2021-11-13T11:36:38.153;536844702621992754;139;979;-55
2021-11-13T11:36:38.172;536844702641705982;125;979;-72
2021-11-13T11:36:38.192;536844702661397379;122;980;-87
2021-11-13T11:36:38.212;536844702681088762;118;969;-94
2021-11-13T11:36:38.231;536844702700780145;105;965;-108
2021-11-13T11:36:38.251;536844702720471528;113;979;-83
2021-11-13T11:36:38.271;536844702740162911;102;976;-80
2021-11-13T11:36:38.290;536844702759854294;104;985;-78
2021-11-13T11:36:38.310;536844702779545677;86;979;-109
2021-11-13T11:36:38.330;536844702799237060;85;982;-97
2021-11-13T11:36:38.349;536844702818928443;85;987;-84
2021-11-13T11:36:38.369;536844702838619826;66;981;-97
2021-11-13T11:36:38.389;536844702858311209;60;971;-91
2021-11-13T11:36:38.409;536844702878002592;56;958;-94
2021-11-13T11:36:38.428;536844702897693975;50;969;-107
2021-11-13T11:36:38.448;536844702917385358;33;987;-87
2021-11-13T11:36:38.468;536844702937076741;44;1003;-79
2021-11-13T11:36:38.487;536844702956768124;32;950;-106
2021-11-13T11:36:38.507;536844702976459507;25;981;-73
2021-11-13T11:36:38.527;536844702996150890;2;984;-100
2021-11-13T11:36:38.546;536844703015842273;-39;984;-117
2021-11-13T11:36:38.566;536844703035533656;-25;987;-128
2021-11-13T11:36:38.586;536844703055225039;-47;966;-142
2021-11-13T11:36:38.605;536844703074916422;-62;969;-170
2021-11-13T11:36:38.625;536844703094607805;-69;976;-188
2021-11-13T11:36:38.645;536844703114299188;-95;962;-182
2021-11-13T11:36:38.665;536844703133990571;-117;960;-150
2021-11-13T11:36:38.684;536844703153681954;-154;960;-189
2021-11-13T11:36:38.704;536844703173373337;-169;939;-218
2021-11-13T11:36:38.724;536844703193064720;-126;970;-194
2021-11-13T11:36:38.743;536844703212756103;-143;967;-213
2021-11-13T11:36:38.763;536844703232447486;-196;932;-244
2021-11-13T11:36:38.783;536844703252138869;-196;929;-249
2021-11-13T11:36:38.802;536844703271830252;-234;907;-277
2021-11-13T11:36:38.822;536844703291521635;-276;881;-282
2021-11-13T11:36:38.842;536844703311213018;-290;899;-240
2021-11-13T11:36:38.861;536844703330904401;-350;923;-196
2021-11-13T11:36:38.881;536844703350595784;-383;886;-225
2021-11-13T11:36:38.901;536844703370307576;-401;879;-281
2021-11-13T11:36:38.921;536844703390019348;-400;859;-364
2021-11-13T11:36:38.940;536844703409731120;-368;876;-351
2021-11-13T11:36:38.960;536844703429442892;-341;893;-306
2021-11-13T11:36:38.980;536844703449154664;-362;893;-271
2021-11-13T11:36:38.999;536844703468866436;-353;901;-268
2021-11-13T11:36:39.019;536844703488578208;-369;877;-290
2021-11-13T11:36:39.039;536844703508289980;-369;882;-311
2021-11-13T11:36:39.059;536844703528001752;-378;880;-308
2021-11-13T11:36:39.078;536844703547713524;-359;880;-309
2021-11-13T11:36:39.098;536844703567425296;-324;900;-262
2021-11-13T11:36:39.118;536844703587137068;-316;904;-254
2021-11-13T11:36:39.137;536844703606848840;-310;907;-251
2021-11-13T11:36:39.157;536844703626560612;-374;890;-248
2021-11-13T11:36:39.177;536844703646272384;-317;916;-220
2021-11-13T11:36:39.197;536844703665984156;-338;921;-238
2021-11-13T11:36:39.216;536844703685695928;-377;953;-258
2021-11-13T11:36:39.236;536844703705407700;-288;896;-251
2021-11-13T11:36:39.256;536844703725119472;-224;910;-198
2021-11-13T11:36:39.275;536844703744831244;-297;898;-247
2021-11-13T11:36:39.295;536844703764543016;-258;888;-251
2021-11-13T11:36:39.315;536844703784254788;-259;893;-227
2021-11-13T11:36:39.335;536844703803966560;-174;937;-231
2021-11-13T11:36:39.354;536844703823678332;-221;940;-237
2021-11-13T11:36:39.374;536844703843390104;-185;942;-261
2021-11-13T11:36:39.394;536844703863101876;-215;945;-231
2021-11-13T11:36:39.413;536844703882813648;-202;921;-233
2021-11-13T11:36:39.433;536844703902525420;-159;950;-237
2021-11-13T11:36:39.453;536844703922237192;-130;953;-253
2021-11-13T11:36:39.472;536844703941948964;-132;921;-303
2021-11-13T11:36:39.492;536844703961660736;-91;953;-287
2021-11-13T11:36:39.512;536844703981372508;-49;973;-256
2021-11-13T11:36:39.532;536844704001084280;-78;962;-195
2021-11-13T11:36:39.551;536844704020796052;-106;960;-213
2021-11-13T11:36:39.571;536844704040507824;-131;917;-248
2021-11-13T11:36:39.591;536844704060219596;-7;979;-243
2021-11-13T11:36:39.610;536844704079927007;24;982;-230
2021-11-13T11:36:39.630;536844704099634410;-46;968;-229
2021-11-13T11:36:39.650;536844704119341813;1;983;-194
2021-11-13T11:36:39.670;536844704139049216;-36;957;-205
2021-11-13T11:36:39.689;536844704158756619;21;986;-181
2021-11-13T11:36:39.709;536844704178464022;-30;955;-215
2021-11-13T11:36:39.729;536844704198171425;-53;978;-199
2021-11-13T11:36:39.748;536844704217878828;-71;955;-206
2021-11-13T11:36:39.768;536844704237586231;-35;946;-235
2021-11-13T11:36:39.788;536844704257293634;12;972;-211
2021-11-13T11:36:39.808;536844704277001037;24;966;-219
2021-11-13T11:36:39.827;536844704296708440;7;963;-214
2021-11-13T11:36:39.847;536844704316415843;13;960;-220
2021-11-13T11:36:39.867;536844704336123246;51;964;-191
2021-11-13T11:36:39.886;536844704355830649;69;979;-193
2021-11-13T11:36:39.906;536844704375538052;47;967;-182
2021-11-13T11:36:39.926;536844704395245455;86;979;-161
2021-11-13T11:36:39.945;536844704414952858;65;973;-158
2021-11-13T11:36:39.965;536844704434660261;81;967;-170
2021-11-13T11:36:39.985;536844704454367664;98;970;-144
2021-11-13T11:36:40.005;536844704474075067;114;968;-152
2021-11-13T11:36:40.024;536844704493782470;116;980;-129
2021-11-13T11:36:40.044;536844704513489873;117;981;-109
2021-11-13T11:36:40.064;536844704533197276;115;982;-119
2021-11-13T11:36:40.083;536844704552904679;112;957;-129
2021-11-13T11:36:40.103;536844704572612082;113;972;-108
2021-11-13T11:36:40.123;536844704592319485;119;971;-83
2021-11-13T11:36:40.143;536844704612026888;117;975;-88
2021-11-13T11:36:40.162;536844704631734291;130;973;-97
2021-11-13T11:36:40.182;536844704651441694;158;962;-80
2021-11-13T11:36:40.202;536844704671149097;176;980;-77
2021-11-13T11:36:40.221;536844704690856500;186;961;-80
2021-11-13T11:36:40.241;536844704710563903;182;979;-39
2021-11-13T11:36:40.261;536844704730271306;171;951;-50
2021-11-13T11:36:40.281;536844704749978709;189;972;-48
2021-11-13T11:36:40.300;536844704769686112;195;982;-43
2021-11-13T11:36:40.320;536844704789399372;202;975;-13
2021-11-13T11:36:40.340;536844704809112600;176;987;7
2021-11-13T11:36:40.359;536844704828825828;183;974;14
2021-11-13T11:36:40.379;536844704848539056;184;984;19
2021-11-13T11:36:40.399;536844704868252284;193;979;-9
2021-11-13T11:36:40.419;536844704887965512;186;979;-13
2021-11-13T11:36:40.438;536844704907678740;181;978;-18
2021-11-13T11:36:40.458;536844704927391968;193;979;-20
2021-11-13T11:36:40.478;536844704947105196;188;982;-31
2021-11-13T11:36:40.497;536844704966818424;199;986;-11
2021-11-13T11:36:40.517;536844704986531652;173;968;9
2021-11-13T11:36:40.537;536844705006244880;163;978;-4
2021-11-13T11:36:40.557;536844705025958108;176;971;17
2021-11-13T11:36:40.576;536844705045671336;175;970;7
2021-11-13T11:36:40.596;536844705065384564;171;982;-7
2021-11-13T11:36:40.616;536844705085097792;167;971;9
2021-11-13T11:36:40.635;536844705104811020;171;953;7
2021-11-13T11:36:40.655;536844705124524248;160;972;12
2021-11-13T11:36:40.675;536844705144237476;165;977;0
2021-11-13T11:36:40.694;536844705163950704;135;983;-55
2021-11-13T11:36:40.714;536844705183663932;136;980;-34
2021-11-13T11:36:40.734;536844705203377160;126;971;-42
2021-11-13T11:36:40.754;536844705223090388;125;970;-62
2021-11-13T11:36:40.773;536844705242803616;123;985;-94
2021-11-13T11:36:40.793;536844705262516844;122;971;-68
2021-11-13T11:36:40.813;536844705282230072;108;963;-54
2021-11-13T11:36:40.832;536844705301943300;95;979;-88
2021-11-13T11:36:40.852;536844705321656528;95;982;-83
2021-11-13T11:36:40.872;536844705341369756;73;980;-63
2021-11-13T11:36:40.892;536844705361082984;74;982;-34
2021-11-13T11:36:40.911;536844705380796212;66;979;-52
2021-11-13T11:36:40.931;536844705400509440;80;986;-32
2021-11-13T11:36:40.951;536844705420222668;70;988;-11
2021-11-13T11:36:40.970;536844705439935896;58;976;-51
2021-11-13T11:36:40.990;536844705459649124;59;979;-78
2021-11-13T11:36:41.010;536844705479362352;55;983;-58
2021-11-13T11:36:41.030;536844705499075610;46;981;-84
2021-11-13T11:36:41.049;536844705518788838;27;980;-100
2021-11-13T11:36:41.069;536844705538502066;31;982;-97
2021-11-13T11:36:41.089;536844705558215294;23;978;-134
2021-11-13T11:36:41.108;536844705577928522;11;978;-157
2021-11-13T11:36:41.128;536844705597641750;6;971;-165
2021-11-13T11:36:41.148;536844705617354978;-11;977;-163
2021-11-13T11:36:41.168;536844705637068206;-14;983;-192
2021-11-13T11:36:41.187;536844705656781434;-23;973;-171
2021-11-13T11:36:41.207;536844705676494662;-23;965;-138
2021-11-13T11:36:41.227;536844705696207890;-63;980;-129
2021-11-13T11:36:41.246;536844705715921118;-86;981;-123
2021-11-13T11:36:41.266;536844705735634346;-106;970;-120
2021-11-13T11:36:41.286;536844705755347574;-113;974;-126
2021-11-13T11:36:41.306;536844705775060802;-116;975;-145
2021-11-13T11:36:41.325;536844705794774030;-118;960;-168
2021-11-13T11:36:41.345;536844705814487258;-123;950;-135
2021-11-13T11:36:41.365;536844705834200486;-143;948;-84
2021-11-13T11:36:41.384;536844705853913714;-191;974;-160
2021-11-13T11:36:41.404;536844705873626942;-209;946;-371
2021-11-13T11:36:41.424;536844705893340170;-183;919;-353
2021-11-13T11:36:41.444;536844705913053398;-312;820;-310
2021-11-13T11:36:41.463;536844705932766626;-342;898;-140
2021-11-13T11:36:41.483;536844705952479854;-439;908;-135
2021-11-13T11:36:41.503;536844705972193082;-501;844;-318
2021-11-13T11:36:41.522;536844705991906310;-414;825;-479
2021-11-13T11:36:41.542;536844706011619538;-323;858;-469
2021-11-13T11:36:41.562;536844706031332766;-321;878;-391
2021-11-13T11:36:41.582;536844706051045994;-348;913;-263
2021-11-13T11:36:41.601;536844706070759222;-337;937;-202
2021-11-13T11:36:41.621;536844706090472450;-260;932;-197
2021-11-13T11:36:41.641;536844706110185678;-246;944;-204
2021-11-13T11:36:41.660;536844706129898906;-310;907;-249
2021-11-13T11:36:41.680;536844706149612134;-339;889;-251
2021-11-13T11:36:41.700;536844706169325362;-305;891;-257
2021-11-13T11:36:41.720;536844706189038590;-305;905;-253
2021-11-13T11:36:41.739;536844706208744570;-324;897;-261
2021-11-13T11:36:41.759;536844706228450516;-314;906;-270
2021-11-13T11:36:41.779;536844706248156462;-332;899;-289
2021-11-13T11:36:41.798;536844706267862408;-325;896;-292
2021-11-13T11:36:41.818;536844706287568354;-292;917;-248
2021-11-13T11:36:41.838;536844706307274300;-294;934;-242
2021-11-13T11:36:41.858;536844706326980246;-294;938;-242
2021-11-13T11:36:41.877;536844706346686192;-303;927;-250
2021-11-13T11:36:41.897;536844706366392138;-277;930;-233
2021-11-13T11:36:41.917;536844706386098084;-349;883;-246
2021-11-13T11:36:41.936;536844706405804030;-369;867;-263
2021-11-13T11:36:41.956;536844706425509976;-293;903;-253
2021-11-13T11:36:41.976;536844706445215922;-283;906;-297
2021-11-13T11:36:41.995;536844706464921868;-254;908;-313
2021-11-13T11:36:42.015;536844706484627814;-255;914;-271
2021-11-13T11:36:42.035;536844706504333760;-244;907;-272
2021-11-13T11:36:42.055;536844706524039706;-211;902;-241
2021-11-13T11:36:42.074;536844706543745652;-155;939;-237
2021-11-13T11:36:42.094;536844706563451598;-118;956;-232
2021-11-13T11:36:42.114;536844706583157544;-111;965;-279
2021-11-13T11:36:42.133;536844706602863490;-131;930;-288
2021-11-13T11:36:42.153;536844706622569436;-121;928;-288
2021-11-13T11:36:42.173;536844706642275382;-137;903;-271
2021-11-13T11:36:42.193;536844706661981328;-51;945;-219
2021-11-13T11:36:42.212;536844706681687274;12;983;-172
2021-11-13T11:36:42.232;536844706701393220;-14;979;-184
2021-11-13T11:36:42.252;536844706721099166;-14;952;-204
2021-11-13T11:36:42.271;536844706740805112;91;995;-158
2021-11-13T11:36:42.291;536844706760511058;93;988;-147
2021-11-13T11:36:42.311;536844706780217004;47;978;-203
2021-11-13T11:36:42.330;536844706799922950;47;959;-210
2021-11-13T11:36:42.350;536844706819628896;17;960;-176
2021-11-13T11:36:42.370;536844706839334842;75;974;-134
2021-11-13T11:36:42.390;536844706859040788;111;981;-120
2021-11-13T11:36:42.409;536844706878746734;90;985;-111
2021-11-13T11:36:42.429;536844706898452680;41;966;-130
2021-11-13T11:36:42.449;536844706918164472;78;986;-119
2021-11-13T11:36:42.468;536844706937876244;97;971;-116
2021-11-13T11:36:42.488;536844706957588016;114;987;-122
2021-11-13T11:36:42.508;536844706977299788;96;968;-121
2021-11-13T11:36:42.528;536844706997011560;115;979;-130
2021-11-13T11:36:42.547;536844707016723332;106;976;-122
2021-11-13T11:36:42.567;536844707036435104;104;960;-122
2021-11-13T11:36:42.587;536844707056146876;122;973;-95
2021-11-13T11:36:42.606;536844707075858648;121;979;-64
2021-11-13T11:36:42.626;536844707095570420;116;978;-58
2021-11-13T11:36:42.646;536844707115282192;111;981;-41
2021-11-13T11:36:42.666;536844707134993964;93;972;-36
2021-11-13T11:36:42.685;536844707154705736;120;976;-31
2021-11-13T11:36:42.705;536844707174417508;127;981;-34
2021-11-13T11:36:42.725;536844707194129280;143;979;-49
2021-11-13T11:36:42.744;536844707213841052;121;981;-84
2021-11-13T11:36:42.764;536844707233552824;125;979;-82
2021-11-13T11:36:42.784;536844707253264596;134;964;-82
2021-11-13T11:36:42.804;536844707272976368;146;965;-85
2021-11-13T11:36:42.823;536844707292688140;153;984;-92
2021-11-13T11:36:42.843;536844707312399912;145;974;-43
2021-11-13T11:36:42.863;536844707332111684;137;974;-9
2021-11-13T11:36:42.882;536844707351823456;126;982;-9
2021-11-13T11:36:42.902;536844707371535228;120;975;-3
2021-11-13T11:36:42.922;536844707391247000;132;973;-8
2021-11-13T11:36:42.942;536844707410958772;141;983;-42
2021-11-13T11:36:42.961;536844707430670544;151;978;-39
2021-11-13T11:36:42.981;536844707450382316;154;970;-48
2021-11-13T11:36:43.001;536844707470094088;138;964;-40
2021-11-13T11:36:43.020;536844707489805860;147;975;-41
2021-11-13T11:36:43.040;536844707509517632;142;982;-52
2021-11-13T11:36:43.060;536844707529229404;166;979;-66
2021-11-13T11:36:43.079;536844707548941176;166;981;-66
2021-11-13T11:36:43.099;536844707568652948;176;978;-42
2021-11-13T11:36:43.119;536844707588364720;159;978;0
2021-11-13T11:36:43.139;536844707608076492;153;979;6
2021-11-13T11:36:43.158;536844707627782439;137;977;0
2021-11-13T11:36:43.178;536844707647488386;123;978;6
2021-11-13T11:36:43.198;536844707667194333;167;980;-17
2021-11-13T11:36:43.217;536844707686900280;144;984;-21
2021-11-13T11:36:43.237;536844707706606227;137;976;-22
2021-11-13T11:36:43.257;536844707726312174;131;981;-64
2021-11-13T11:36:43.277;536844707746018121;125;964;-73
2021-11-13T11:36:43.296;536844707765724068;126;956;-64
2021-11-13T11:36:43.316;536844707785430015;117;978;-79
2021-11-13T11:36:43.336;536844707805135962;120;983;-82
2021-11-13T11:36:43.355;536844707824841909;95;984;-68
2021-11-13T11:36:43.375;536844707844547856;78;972;-64
2021-11-13T11:36:43.395;536844707864253803;69;973;-110
2021-11-13T11:36:43.415;536844707883959750;81;978;-119
2021-11-13T11:36:43.434;536844707903665697;71;991;-117
2021-11-13T11:36:43.454;536844707923371644;45;975;-107
2021-11-13T11:36:43.474;536844707943077591;42;973;-103
2021-11-13T11:36:43.493;536844707962783538;22;984;-86
2021-11-13T11:36:43.513;536844707982489485;20;967;-81
2021-11-13T11:36:43.533;536844708002195432;17;984;-90
2021-11-13T11:36:43.552;536844708021901379;9;987;-109
2021-11-13T11:36:43.572;536844708041607326;-2;968;-121
2021-11-13T11:36:43.592;536844708061313273;-22;973;-147
2021-11-13T11:36:43.612;536844708081019220;-41;985;-140
2021-11-13T11:36:43.631;536844708100725167;-44;981;-138
2021-11-13T11:36:43.651;536844708120431114;-98;968;-178
2021-11-13T11:36:43.671;536844708140137061;-94;957;-196
2021-11-13T11:36:43.690;536844708159843008;-109;935;-191
2021-11-13T11:36:43.710;536844708179548955;-103;943;-175
2021-11-13T11:36:43.730;536844708199254902;-136;959;-199
2021-11-13T11:36:43.750;536844708218960849;-170;971;-208
2021-11-13T11:36:43.769;536844708238666796;-172;958;-239
2021-11-13T11:36:43.789;536844708258372743;-159;951;-219
2021-11-13T11:36:43.809;536844708278078690;-184;937;-213
2021-11-13T11:36:43.828;536844708297784637;-196;936;-213
2021-11-13T11:36:43.848;536844708317490584;-224;922;-223
2021-11-13T11:36:43.868;536844708337202372;-207;933;-223
2021-11-13T11:36:43.887;536844708356914144;-209;946;-223
2021-11-13T11:36:43.907;536844708376625916;-211;942;-222
2021-11-13T11:36:43.927;536844708396337688;-276;921;-208
2021-11-13T11:36:43.947;536844708416049460;-314;904;-221
2021-11-13T11:36:43.966;536844708435761232;-330;889;-248
2021-11-13T11:36:43.986;536844708455473004;-368;886;-255
2021-11-13T11:36:44.006;536844708475184776;-384;871;-289
2021-11-13T11:36:44.025;536844708494896548;-415;876;-269
2021-11-13T11:36:44.045;536844708514608320;-443;873;-294
2021-11-13T11:36:44.065;536844708534320092;-463;840;-368
2021-11-13T11:36:44.085;536844708554031864;-465;792;-445
2021-11-13T11:36:44.104;536844708573743636;-400;848;-395
2021-11-13T11:36:44.124;536844708593455408;-376;872;-372
2021-11-13T11:36:44.144;536844708613167180;-371;881;-319
2021-11-13T11:36:44.163;536844708632878952;-367;883;-293
2021-11-13T11:36:44.183;536844708652590724;-377;881;-282
2021-11-13T11:36:44.203;536844708672302496;-385;872;-286
2021-11-13T11:36:44.223;536844708692014268;-382;874;-291
2021-11-13T11:36:44.242;536844708711726040;-350;886;-294
2021-11-13T11:36:44.262;536844708731437812;-360;886;-277
2021-11-13T11:36:44.282;536844708751149584;-388;881;-291
2021-11-13T11:36:44.301;536844708770861356;-412;883;-310
2021-11-13T11:36:44.321;536844708790573128;-439;865;-347
2021-11-13T11:36:44.341;536844708810284900;-415;865;-321
2021-11-13T11:36:44.361;536844708829996672;-339;890;-231
2021-11-13T11:36:44.380;536844708849708444;-244;918;-170
2021-11-13T11:36:44.400;536844708869420216;-200;938;-139
2021-11-13T11:36:44.420;536844708889131988;-251;938;-180
2021-11-13T11:36:44.439;536844708908843760;-226;929;-241
2021-11-13T11:36:44.459;536844708928555532;-217;921;-188
2021-11-13T11:36:44.479;536844708948267304;-47;980;-131
2021-11-13T11:36:44.499;536844708967979076;-86;974;-193
2021-11-13T11:36:44.518;536844708987690848;-181;966;-236
2021-11-13T11:36:44.538;536844709007402620;-184;908;-217
2021-11-13T11:36:44.558;536844709027114392;-159;894;-257
2021-11-13T11:36:44.577;536844709046823277;-65;931;-226
2021-11-13T11:36:44.597;536844709066532136;-32;963;-189
2021-11-13T11:36:44.617;536844709086240995;19;984;-202
2021-11-13T11:36:44.636;536844709105949854;6;981;-191
2021-11-13T11:36:44.656;536844709125658713;-21;983;-172
2021-11-13T11:36:44.676;536844709145367572;-9;959;-183
2021-11-13T11:36:44.696;536844709165076431;50;963;-190
2021-11-13T11:36:44.715;536844709184785290;86;982;-179
2021-11-13T11:36:44.735;536844709204494149;97;992;-150
2021-11-13T11:36:44.755;536844709224203008;52;973;-113
2021-11-13T11:36:44.774;536844709243911867;23;984;-91
2021-11-13T11:36:44.794;536844709263620726;22;981;-101
2021-11-13T11:36:44.814;536844709283329585;100;982;-104
2021-11-13T11:36:44.834;536844709303038444;81;983;-122
2021-11-13T11:36:44.853;536844709322747303;56;978;-133
2021-11-13T11:36:44.873;536844709342456162;21;973;-146
2021-11-13T11:36:44.893;536844709362165021;24;939;-200
2021-11-13T11:36:44.912;536844709381873880;91;979;-134
2021-11-13T11:36:44.932;536844709401582739;128;978;-107
2021-11-13T11:36:44.952;536844709421291598;130;984;-122
2021-11-13T11:36:44.972;536844709441000457;104;983;-103
2021-11-13T11:36:44.991;536844709460709316;92;983;-99
2021-11-13T11:36:45.011;536844709480418175;77;964;-92
2021-11-13T11:36:45.031;536844709500127034;85;977;-63
2021-11-13T11:36:45.050;536844709519835893;100;951;-57
2021-11-13T11:36:45.070;536844709539544752;124;977;-42
2021-11-13T11:36:45.090;536844709559253611;119;977;-58
2021-11-13T11:36:45.110;536844709578962470;131;970;-86
2021-11-13T11:36:45.129;536844709598671329;145;972;-88
2021-11-13T11:36:45.149;536844709618380188;218;964;-72
2021-11-13T11:36:45.169;536844709638089047;207;972;-69
2021-11-13T11:36:45.188;536844709657797906;213;984;-40
2021-11-13T11:36:45.208;536844709677506765;198;984;-42
2021-11-13T11:36:45.228;536844709697215624;192;973;-23
2021-11-13T11:36:45.247;536844709716924483;193;965;-53
2021-11-13T11:36:45.267;536844709736633342;188;960;-21
2021-11-13T11:36:45.287;536844709756339322;182;981;28
2021-11-13T11:36:45.307;536844709776045268;210;982;-15
2021-11-13T11:36:45.326;536844709795751214;200;979;-1
2021-11-13T11:36:45.346;536844709815457160;202;977;-6
2021-11-13T11:36:45.366;536844709835163106;210;982;-11
2021-11-13T11:36:45.385;536844709854869052;210;972;-30
2021-11-13T11:36:45.405;536844709874574998;212;968;-20
2021-11-13T11:36:45.425;536844709894280944;192;974;18
2021-11-13T11:36:45.445;536844709913986890;193;979;3
2021-11-13T11:36:45.464;536844709933692836;203;964;-15
2021-11-13T11:36:45.484;536844709953398782;209;969;11
2021-11-13T11:36:45.504;536844709973104728;209;961;5
2021-11-13T11:36:45.523;536844709992810674;205;980;7
2021-11-13T11:36:45.543;536844710012516620;197;979;12
2021-11-13T11:36:45.563;536844710032222566;206;954;18
2021-11-13T11:36:45.582;536844710051928512;201;970;23
2021-11-13T11:36:45.602;536844710071634458;203;989;11
2021-11-13T11:36:45.622;536844710091340404;191;982;10
2021-11-13T11:36:45.642;536844710111046350;143;983;10
2021-11-13T11:36:45.661;536844710130752296;154;982;16
2021-11-13T11:36:45.681;536844710150458242;190;973;30
2021-11-13T11:36:45.701;536844710170164188;187;968;19
2021-11-13T11:36:45.720;536844710189870134;190;981;11
2021-11-13T11:36:45.740;536844710209576080;177;977;4
2021-11-13T11:36:45.760;536844710229282026;162;982;9
2021-11-13T11:36:45.780;536844710248987972;138;977;-15
2021-11-13T11:36:45.799;536844710268693918;135;979;-20
2021-11-13T11:36:45.819;536844710288399864;134;975;-47
2021-11-13T11:36:45.839;536844710308105810;131;974;-29
2021-11-13T11:36:45.858;536844710327811756;126;968;-42
2021-11-13T11:36:45.878;536844710347517702;120;976;-61
2021-11-13T11:36:45.898;536844710367223648;123;982;-95
2021-11-13T11:36:45.917;536844710386929594;119;973;-100
2021-11-13T11:36:45.937;536844710406635540;118;967;-101
2021-11-13T11:36:45.957;536844710426341486;103;976;-99
2021-11-13T11:36:45.977;536844710446047432;75;983;-126
2021-11-13T11:36:45.996;536844710465766498;91;985;-142
2021-11-13T11:36:46.016;536844710485485552;94;988;-119
2021-11-13T11:36:46.036;536844710505204606;50;966;-104
2021-11-13T11:36:46.055;536844710524923660;37;967;-111
2021-11-13T11:36:46.075;536844710544642714;32;949;-90
2021-11-13T11:36:46.095;536844710564361768;31;968;-88
2021-11-13T11:36:46.115;536844710584080822;1;981;-148
2021-11-13T11:36:46.134;536844710603799876;8;979;-143
2021-11-13T11:36:46.154;536844710623518930;18;985;-143
2021-11-13T11:36:46.174;536844710643237984;-23;968;-156
2021-11-13T11:36:46.194;536844710662957038;-32;967;-177
2021-11-13T11:36:46.213;536844710682676092;-35;978;-184
2021-11-13T11:36:46.233;536844710702395146;-56;955;-192
2021-11-13T11:36:46.253;536844710722114200;-70;964;-203
2021-11-13T11:36:46.272;536844710741833254;-84;983;-212
2021-11-13T11:36:46.292;536844710761552308;-82;958;-236
2021-11-13T11:36:46.312;536844710781271362;-120;935;-237
2021-11-13T11:36:46.332;536844710800990416;-155;945;-242
2021-11-13T11:36:46.351;536844710820709470;-151;950;-253
2021-11-13T11:36:46.371;536844710840428524;-193;924;-266
2021-11-13T11:36:46.391;536844710860147578;-154;949;-312
2021-11-13T11:36:46.410;536844710879866632;-208;900;-365
2021-11-13T11:36:46.430;536844710899585686;-263;871;-309
2021-11-13T11:36:46.450;536844710919304740;-256;901;-258
2021-11-13T11:36:46.470;536844710939023794;-302;890;-264
2021-11-13T11:36:46.489;536844710958742848;-196;969;-189
2021-11-13T11:36:46.509;536844710978461902;-292;995;-207
2021-11-13T11:36:46.529;536844710998180956;-448;916;-335
2021-11-13T11:36:46.548;536844711017900010;-327;923;-319
2021-11-13T11:36:46.568;536844711037619064;-271;883;-300
2021-11-13T11:36:46.588;536844711057338118;-231;893;-244
2021-11-13T11:36:46.608;536844711077057172;-273;917;-256
2021-11-13T11:36:46.627;536844711096776226;-445;818;-274
2021-11-13T11:36:46.647;536844711116495280;-339;780;-155
2021-11-13T11:36:46.667;536844711136214334;-146;927;-210
2021-11-13T11:36:46.686;536844711155933388;-193;958;-266
2021-11-13T11:36:46.706;536844711175648073;-142;925;-385
2021-11-13T11:36:46.726;536844711195362758;-235;995;-235
2021-11-13T11:36:46.746;536844711215077443;-386;943;-178
2021-11-13T11:36:46.765;536844711234792128;-350;904;-232
2021-11-13T11:36:46.785;536844711254506813;-366;889;-289
2021-11-13T11:36:46.805;536844711274221498;-342;868;-368
2021-11-13T11:36:46.824;536844711293936183;-218;866;-371
2021-11-13T11:36:46.844;536844711313650868;-259;919;-265
2021-11-13T11:36:46.864;536844711333365553;-274;967;-191
2021-11-13T11:36:46.884;536844711353080238;-306;950;-224
2021-11-13T11:36:46.903;536844711372794923;-370;905;-309
2021-11-13T11:36:46.923;536844711392509608;-360;874;-400
2021-11-13T11:36:46.943;536844711412224293;-354;877;-393
2021-11-13T11:36:46.962;536844711431938978;-377;891;-380
2021-11-13T11:36:46.982;536844711451653663;-400;909;-320
2021-11-13T11:36:47.002;536844711471368348;-442;935;-247
2021-11-13T11:36:47.022;536844711491083033;-388;954;-217
2021-11-13T11:36:47.041;536844711510797718;-294;951;-167
2021-11-13T11:36:47.061;536844711530512403;-349;939;-47
2021-11-13T11:36:47.081;536844711550227088;-261;944;-52
2021-11-13T11:36:47.100;536844711569941773;-122;876;-286
2021-11-13T11:36:47.120;536844711589656458;273;737;-524
2021-11-13T11:36:47.140;536844711609371143;318;679;-555
2021-11-13T11:36:47.160;536844711629085828;-11;759;-314
2021-11-13T11:36:47.179;536844711648800513;-610;1113;21
2021-11-13T11:36:47.199;536844711668515198;-774;1251;-111
2021-11-13T11:36:47.219;536844711688229883;-366;892;-196
2021-11-13T11:36:47.238;536844711707944568;-319;793;-375
2021-11-13T11:36:47.258;536844711727659253;-247;956;-374
2021-11-13T11:36:47.278;536844711747373938;-292;915;-294
2021-11-13T11:36:47.298;536844711767088623;-256;890;-261
2021-11-13T11:36:47.317;536844711786803308;-192;907;-259
2021-11-13T11:36:47.337;536844711806517993;-185;959;-221
2021-11-13T11:36:47.357;536844711826232678;-117;954;-215
2021-11-13T11:36:47.376;536844711845947363;-144;981;-154
2021-11-13T11:36:47.396;536844711865662048;-180;963;-164
2021-11-13T11:36:47.416;536844711885367999;-92;982;-189
2021-11-13T11:36:47.436;536844711905073946;-161;920;-248
2021-11-13T11:36:47.455;536844711924779893;-90;964;-265
2021-11-13T11:36:47.475;536844711944485840;-157;932;-253
2021-11-13T11:36:47.495;536844711964191787;-141;913;-256
2021-11-13T11:36:47.514;536844711983897734;-50;972;-248
2021-11-13T11:36:47.534;536844712003603681;-61;961;-263
2021-11-13T11:36:47.554;536844712023309628;-19;988;-237
2021-11-13T11:36:47.574;536844712043015575;-40;980;-203
2021-11-13T11:36:47.593;536844712062721522;-85;956;-192
2021-11-13T11:36:47.613;536844712082427469;-46;973;-214
2021-11-13T11:36:47.633;536844712102133416;-91;950;-202
2021-11-13T11:36:47.652;536844712121839363;-26;980;-224
2021-11-13T11:36:47.672;536844712141545310;-38;962;-207
2021-11-13T11:36:47.692;536844712161251257;-32;970;-192
2021-11-13T11:36:47.712;536844712180957204;-1;978;-210
2021-11-13T11:36:47.731;536844712200663151;-28;962;-177
2021-11-13T11:36:47.751;536844712220369098;18;982;-176
2021-11-13T11:36:47.771;536844712240075045;-24;971;-176
2021-11-13T11:36:47.790;536844712259780992;-2;969;-213
2021-11-13T11:36:47.810;536844712279486939;8;964;-167
2021-11-13T11:36:47.830;536844712299192886;52;978;-167
2021-11-13T11:36:47.849;536844712318898833;54;982;-132
2021-11-13T11:36:47.869;536844712338604780;46;981;-123
2021-11-13T11:36:47.889;536844712358310727;17;968;-133
2021-11-13T11:36:47.909;536844712378016674;43;968;-134
2021-11-13T11:36:47.928;536844712397722621;63;983;-144
2021-11-13T11:36:47.948;536844712417428568;95;981;-148
2021-11-13T11:36:47.968;536844712437134515;113;966;-132
2021-11-13T11:36:47.987;536844712456840462;109;941;-158
2021-11-13T11:36:48.007;536844712476546409;99;949;-108
2021-11-13T11:36:48.027;536844712496252356;117;968;-86
2021-11-13T11:36:48.047;536844712515958303;117;982;-35
2021-11-13T11:36:48.066;536844712535664250;113;982;-59
2021-11-13T11:36:48.086;536844712555370197;121;978;-79
2021-11-13T11:36:48.106;536844712575076144;135;974;-66
2021-11-13T11:36:48.125;536844712594789396;142;980;-95
2021-11-13T11:36:48.145;536844712614502624;157;962;-126
2021-11-13T11:36:48.165;536844712634215852;147;974;-55
2021-11-13T11:36:48.184;536844712653929080;128;984;-40
2021-11-13T11:36:48.204;536844712673642308;150;983;-87
2021-11-13T11:36:48.224;536844712693355536;166;964;-109
2021-11-13T11:36:48.244;536844712713068764;146;982;-12
2021-11-13T11:36:48.263;536844712732781992;141;979;-28
2021-11-13T11:36:48.283;536844712752495220;144;971;-75
2021-11-13T11:36:48.303;536844712772208448;133;966;-99
2021-11-13T11:36:48.322;536844712791921676;168;965;-131
2021-11-13T11:36:48.342;536844712811634904;199;967;-139
2021-11-13T11:36:48.362;536844712831348132;195;967;-108
2021-11-13T11:36:48.382;536844712851061360;154;970;-36
2021-11-13T11:36:48.401;536844712870774588;144;976;-17
2021-11-13T11:36:48.421;536844712890487816;156;965;-52
2021-11-13T11:36:48.441;536844712910201044;175;972;-17
2021-11-13T11:36:48.460;536844712929914272;166;981;-29
2021-11-13T11:36:48.480;536844712949627500;196;969;-61
2021-11-13T11:36:48.500;536844712969340728;176;980;-44
2021-11-13T11:36:48.520;536844712989053956;183;974;-26
2021-11-13T11:36:48.539;536844713008767184;194;973;-42
2021-11-13T11:36:48.559;536844713028480412;203;983;-69
2021-11-13T11:36:48.579;536844713048193640;200;993;-82
2021-11-13T11:36:48.598;536844713067906868;176;982;-86
2021-11-13T11:36:48.618;536844713087620096;143;975;-68
2021-11-13T11:36:48.638;536844713107333324;140;972;-42
2021-11-13T11:36:48.658;536844713127046552;123;972;-27
2021-11-13T11:36:48.677;536844713146759780;157;971;-40
2021-11-13T11:36:48.697;536844713166473008;144;976;-80
2021-11-13T11:36:48.717;536844713186186236;158;974;-73
2021-11-13T11:36:48.736;536844713205899464;152;972;-54
2021-11-13T11:36:48.756;536844713225612692;148;977;-42
2021-11-13T11:36:48.776;536844713245325920;126;967;-14
2021-11-13T11:36:48.796;536844713265039148;126;972;-25
2021-11-13T11:36:48.815;536844713284752376;137;983;-87
