Phone timestamp;sensor timestamp [ns];X [mg];Y [mg];Z [mg]
2021-11-13T11:34:33.855;536844475653251905;-139;-600;1063
2021-11-13T11:34:33.874;536844475673010280;-176;-580;1044
2021-11-13T11:34:33.894;536844475692768655;-145;-583;1042
2021-11-13T11:34:33.914;536844475712527030;-136;-589;1016
2021-11-13T11:34:33.934;536844475732285405;-133;-585;985
2021-11-13T11:34:33.953;536844475752043780;-152;-552;978
2021-11-13T11:34:33.973;536844475771802155;-159;-520;963
2021-11-13T11:34:33.993;536844475791560530;-133;-521;969
2021-11-13T11:34:34.013;536844475811318905;-128;-535;945
2021-11-13T11:34:34.032;536844475831077280;-143;-537;901
2021-11-13T11:34:34.052;536844475850835655;-192;-515;841
2021-11-13T11:34:34.072;536844475870594030;-205;-494;791
2021-11-13T11:34:34.092;536844475890352405;-194;-492;764
2021-11-13T11:34:34.111;536844475910110780;-157;-494;752
2021-11-13T11:34:34.131;536844475929869155;-152;-483;750
2021-11-13T11:34:34.151;536844475949627530;-182;-468;733
2021-11-13T11:34:34.171;536844475969385905;-200;-442;687
2021-11-13T11:34:34.190;536844475989144280;-214;-470;660
2021-11-13T11:34:34.210;536844476008902655;-202;-498;672
2021-11-13T11:34:34.230;536844476028661030;-203;-507;666
2021-11-13T11:34:34.250;536844476048419405;-193;-496;645
2021-11-13T11:34:34.269;536844476068177780;-189;-463;614
2021-11-13T11:34:34.289;536844476087936155;-206;-451;605
2021-11-13T11:34:34.309;536844476107694530;-233;-449;601
2021-11-13T11:34:34.329;536844476127452905;-240;-464;588
2021-11-13T11:34:34.348;536844476147211280;-228;-467;597
2021-11-13T11:34:34.368;536844476166969655;-214;-441;585
2021-11-13T11:34:34.388;536844476186728030;-171;-469;544
2021-11-13T11:34:34.408;536844476206486405;-218;-464;522
2021-11-13T11:34:34.427;536844476226244780;-211;-421;496
2021-11-13T11:34:34.447;536844476246003155;-223;-406;482
2021-11-13T11:34:34.467;536844476265761530;-240;-443;504
2021-11-13T11:34:34.487;536844476285519905;-239;-465;566
2021-11-13T11:34:34.507;536844476305278280;-258;-506;621
2021-11-13T11:34:34.526;536844476325036655;-306;-551;714
2021-11-13T11:34:34.546;536844476344795030;-338;-665;766
2021-11-13T11:34:34.566;536844476364553437;-344;-795;835
2021-11-13T11:34:34.586;536844476384311812;-361;-821;843
2021-11-13T11:34:34.605;536844476404070187;-367;-800;809
2021-11-13T11:34:34.625;536844476423828562;-350;-743;782
2021-11-13T11:34:34.645;536844476443586937;-369;-653;754
2021-11-13T11:34:34.665;536844476463345312;-327;-600;721
2021-11-13T11:34:34.684;536844476483103687;-312;-558;698
2021-11-13T11:34:34.704;536844476502862062;-291;-558;705
2021-11-13T11:34:34.724;536844476522620437;-285;-555;738
2021-11-13T11:34:34.744;536844476542378812;-302;-571;751
2021-11-13T11:34:34.763;536844476562137187;-316;-613;757
2021-11-13T11:34:34.783;536844476581895562;-289;-648;777
2021-11-13T11:34:34.803;536844476601653937;-285;-649;814
2021-11-13T11:34:34.823;536844476621412312;-272;-617;828
2021-11-13T11:34:34.842;536844476641170687;-276;-589;807
2021-11-13T11:34:34.862;536844476660929062;-274;-592;781
2021-11-13T11:34:34.882;536844476680687437;-278;-597;767
2021-11-13T11:34:34.902;536844476700445812;-297;-620;757
2021-11-13T11:34:34.921;536844476720204187;-290;-616;753
2021-11-13T11:34:34.941;536844476739962562;-274;-595;745
2021-11-13T11:34:34.961;536844476759720937;-256;-592;724
2021-11-13T11:34:34.981;536844476779479312;-281;-585;695
2021-11-13T11:34:35.000;536844476799237687;-271;-572;666
2021-11-13T11:34:35.020;536844476818996062;-240;-529;620
2021-11-13T11:34:35.040;536844476838754437;-165;-493;546
2021-11-13T11:34:35.060;536844476858512812;-134;-437;476
2021-11-13T11:34:35.080;536844476878271187;-139;-446;475
2021-11-13T11:34:35.099;536844476898029562;-188;-485;568
2021-11-13T11:34:35.119;536844476917787937;-258;-536;658
2021-11-13T11:34:35.139;536844476937546312;-238;-532;661
2021-11-13T11:34:35.159;536844476957304687;-142;-511;610
2021-11-13T11:34:35.178;536844476977063062;-152;-558;621
2021-11-13T11:34:35.198;536844476996821437;-207;-626;727
2021-11-13T11:34:35.218;536844477016579812;-250;-598;758
2021-11-13T11:34:35.238;536844477036338187;-204;-522;744
2021-11-13T11:34:35.257;536844477056096562;-107;-502;744
2021-11-13T11:34:35.277;536844477075854963;-171;-502;738
2021-11-13T11:34:35.297;536844477095613338;-251;-584;740
2021-11-13T11:34:35.317;536844477115371713;-235;-623;739
2021-11-13T11:34:35.336;536844477135130088;-178;-544;749
2021-11-13T11:34:35.356;536844477154888463;-130;-521;753
2021-11-13T11:34:35.376;536844477174646838;-132;-516;737
2021-11-13T11:34:35.396;536844477194405213;-166;-534;706
2021-11-13T11:34:35.415;536844477214163588;-204;-517;684
2021-11-13T11:34:35.435;536844477233921963;-225;-513;745
2021-11-13T11:34:35.455;536844477253680338;-226;-580;800
2021-11-13T11:34:35.475;536844477273438713;-181;-630;816
2021-11-13T11:34:35.494;536844477293197088;-135;-631;804
2021-11-13T11:34:35.514;536844477312955463;-182;-615;826
2021-11-13T11:34:35.534;536844477332713838;-245;-534;825
2021-11-13T11:34:35.554;536844477352472213;-230;-518;788
2021-11-13T11:34:35.573;536844477372230588;-209;-569;798
2021-11-13T11:34:35.593;536844477391988963;-190;-639;905
2021-11-13T11:34:35.613;536844477411747338;-239;-657;980
2021-11-13T11:34:35.633;536844477431505713;-209;-626;979
2021-11-13T11:34:35.653;536844477451264088;-173;-625;981
2021-11-13T11:34:35.672;536844477471022463;-205;-624;976
2021-11-13T11:34:35.692;536844477490780838;-215;-585;948
2021-11-13T11:34:35.712;536844477510539213;-187;-553;937
2021-11-13T11:34:35.732;536844477530297588;-152;-525;932
2021-11-13T11:34:35.751;536844477550055963;-214;-580;932
2021-11-13T11:34:35.771;536844477569814338;-243;-643;908
2021-11-13T11:34:35.791;536844477589572713;-213;-637;937
2021-11-13T11:34:35.811;536844477609331088;-216;-591;935
2021-11-13T11:34:35.830;536844477629089463;-180;-556;949
2021-11-13T11:34:35.850;536844477648847838;-245;-545;962
2021-11-13T11:34:35.870;536844477668606213;-228;-572;971
2021-11-13T11:34:35.890;536844477688364588;-236;-561;964
2021-11-13T11:34:35.909;536844477708122963;-221;-554;963
2021-11-13T11:34:35.929;536844477727881338;-200;-549;955
2021-11-13T11:34:35.949;536844477747639713;-217;-558;953
2021-11-13T11:34:35.969;536844477767398088;-231;-563;941
2021-11-13T11:34:35.988;536844477787160833;-234;-557;909
2021-11-13T11:34:36.008;536844477806923578;-204;-517;906
2021-11-13T11:34:36.028;536844477826686323;-155;-511;928
2021-11-13T11:34:36.048;536844477846449068;-224;-511;950
2021-11-13T11:34:36.067;536844477866211813;-223;-545;928
2021-11-13T11:34:36.087;536844477885974558;-225;-574;922
2021-11-13T11:34:36.107;536844477905737303;-205;-537;998
2021-11-13T11:34:36.127;536844477925500048;-200;-576;1021
2021-11-13T11:34:36.147;536844477945262793;-245;-600;1009
2021-11-13T11:34:36.166;536844477965025538;-218;-621;995
2021-11-13T11:34:36.186;536844477984788283;-234;-605;1011
2021-11-13T11:34:36.206;536844478004551028;-251;-613;1024
2021-11-13T11:34:36.226;536844478024313773;-244;-610;1038
2021-11-13T11:34:36.245;536844478044076518;-249;-618;1020
2021-11-13T11:34:36.265;536844478063839263;-235;-634;1047
2021-11-13T11:34:36.285;536844478083602008;-204;-626;1052
2021-11-13T11:34:36.305;536844478103364753;-206;-593;1049
2021-11-13T11:34:36.324;536844478123127498;-249;-620;1042
2021-11-13T11:34:36.344;536844478142890243;-248;-662;1049
2021-11-13T11:34:36.364;536844478162652988;-217;-675;1061
2021-11-13T11:34:36.384;536844478182415733;-202;-660;1121
2021-11-13T11:34:36.403;536844478202178478;-213;-611;1191
2021-11-13T11:34:36.423;536844478221941223;-228;-636;1150
2021-11-13T11:34:36.443;536844478241703968;-185;-653;1130
2021-11-13T11:34:36.463;536844478261466713;-247;-616;1131
2021-11-13T11:34:36.482;536844478281229458;-243;-623;1093
2021-11-13T11:34:36.502;536844478300992203;-229;-625;1044
2021-11-13T11:34:36.522;536844478320754948;-218;-622;1051
2021-11-13T11:34:36.542;536844478340517693;-201;-612;1045
2021-11-13T11:34:36.562;536844478360280438;-215;-606;1020
2021-11-13T11:34:36.581;536844478380043183;-187;-581;999
2021-11-13T11:34:36.601;536844478399805928;-219;-575;997
2021-11-13T11:34:36.621;536844478419568673;-214;-555;990
2021-11-13T11:34:36.641;536844478439331418;-198;-581;976
2021-11-13T11:34:36.660;536844478459094163;-219;-606;959
2021-11-13T11:34:36.680;536844478478856908;-218;-623;935
2021-11-13T11:34:36.700;536844478498625490;-236;-622;916
2021-11-13T11:34:36.720;536844478518394060;-240;-617;902
2021-11-13T11:34:36.739;536844478538162630;-213;-619;891
2021-11-13T11:34:36.759;536844478557931200;-214;-607;891
2021-11-13T11:34:36.779;536844478577699770;-187;-565;928
2021-11-13T11:34:36.799;536844478597468340;-218;-533;897
2021-11-13T11:34:36.818;536844478617236910;-219;-552;830
2021-11-13T11:34:36.838;536844478637005480;-222;-578;783
2021-11-13T11:34:36.858;536844478656774050;-241;-584;771
2021-11-13T11:34:36.878;536844478676542620;-209;-567;764
2021-11-13T11:34:36.898;536844478696311190;-187;-515;734
2021-11-13T11:34:36.917;536844478716079760;-188;-501;728
2021-11-13T11:34:36.937;536844478735848330;-202;-505;721
2021-11-13T11:34:36.957;536844478755616900;-200;-506;673
2021-11-13T11:34:36.977;536844478775385470;-193;-507;625
2021-11-13T11:34:36.996;536844478795154040;-196;-480;587
2021-11-13T11:34:37.016;536844478814922610;-208;-473;576
2021-11-13T11:34:37.036;536844478834691180;-222;-507;577
2021-11-13T11:34:37.056;536844478854459750;-208;-536;562
2021-11-13T11:34:37.075;536844478874228320;-209;-519;544
2021-11-13T11:34:37.095;536844478893996890;-184;-501;538
2021-11-13T11:34:37.115;536844478913765460;-196;-470;527
2021-11-13T11:34:37.135;536844478933534030;-193;-477;523
2021-11-13T11:34:37.155;536844478953302600;-199;-480;499
2021-11-13T11:34:37.174;536844478973071170;-154;-468;494
2021-11-13T11:34:37.194;536844478992839740;-158;-448;502
2021-11-13T11:34:37.214;536844479012608310;-186;-473;540
2021-11-13T11:34:37.234;536844479032376880;-237;-499;583
2021-11-13T11:34:37.253;536844479052145450;-250;-540;634
2021-11-13T11:34:37.273;536844479071914020;-253;-573;675
2021-11-13T11:34:37.293;536844479091682590;-251;-615;717
2021-11-13T11:34:37.313;536844479111451160;-252;-657;760
2021-11-13T11:34:37.332;536844479131219730;-255;-700;774
2021-11-13T11:34:37.352;536844479150988300;-298;-691;769
2021-11-13T11:34:37.372;536844479170756870;-296;-678;774
2021-11-13T11:34:37.392;536844479190525440;-307;-643;764
2021-11-13T11:34:37.412;536844479210283841;-254;-640;754
2021-11-13T11:34:37.431;536844479230042216;-243;-663;743
2021-11-13T11:34:37.451;536844479249800591;-246;-651;724
2021-11-13T11:34:37.471;536844479269558966;-247;-638;730
2021-11-13T11:34:37.491;536844479289317341;-256;-640;753
2021-11-13T11:34:37.510;536844479309075716;-259;-649;759
2021-11-13T11:34:37.530;536844479328834091;-266;-672;752
2021-11-13T11:34:37.550;536844479348592466;-260;-674;747
2021-11-13T11:34:37.570;536844479368350841;-260;-672;741
2021-11-13T11:34:37.589;536844479388109216;-272;-654;732
2021-11-13T11:34:37.609;536844479407867591;-264;-635;728
2021-11-13T11:34:37.629;536844479427625966;-265;-629;735
2021-11-13T11:34:37.649;536844479447384341;-284;-628;743
2021-11-13T11:34:37.668;536844479467142716;-303;-617;716
2021-11-13T11:34:37.688;536844479486901091;-268;-626;680
2021-11-13T11:34:37.708;536844479506659466;-253;-625;672
2021-11-13T11:34:37.728;536844479526417841;-253;-588;668
2021-11-13T11:34:37.747;536844479546176216;-253;-559;669
2021-11-13T11:34:37.767;536844479565934591;-251;-542;669
2021-11-13T11:34:37.787;536844479585692966;-242;-552;654
2021-11-13T11:34:37.807;536844479605451341;-215;-545;628
2021-11-13T11:34:37.826;536844479625209716;-207;-513;614
2021-11-13T11:34:37.846;536844479644968091;-203;-511;621
2021-11-13T11:34:37.866;536844479664726466;-227;-526;652
2021-11-13T11:34:37.886;536844479684484841;-256;-589;672
2021-11-13T11:34:37.905;536844479704243216;-254;-610;657
2021-11-13T11:34:37.925;536844479724001591;-146;-586;599
2021-11-13T11:34:37.945;536844479743759966;-115;-553;620
2021-11-13T11:34:37.965;536844479763518341;-142;-510;691
2021-11-13T11:34:37.985;536844479783276716;-247;-504;737
2021-11-13T11:34:38.004;536844479803035091;-261;-546;734
2021-11-13T11:34:38.024;536844479822793466;-195;-582;736
2021-11-13T11:34:38.044;536844479842551841;-129;-621;743
2021-11-13T11:34:38.064;536844479862310216;-177;-585;739
2021-11-13T11:34:38.083;536844479882068591;-219;-548;742
2021-11-13T11:34:38.103;536844479901826966;-263;-518;752
2021-11-13T11:34:38.123;536844479921591179;-255;-497;759
2021-11-13T11:34:38.143;536844479941355380;-202;-533;779
2021-11-13T11:34:38.162;536844479961119581;-207;-568;799
2021-11-13T11:34:38.182;536844479980883782;-202;-588;811
2021-11-13T11:34:38.202;536844480000647983;-229;-569;831
2021-11-13T11:34:38.222;536844480020412184;-208;-532;861
2021-11-13T11:34:38.241;536844480040176385;-235;-558;882
2021-11-13T11:34:38.261;536844480059940586;-218;-577;883
2021-11-13T11:34:38.281;536844480079704787;-188;-608;876
2021-11-13T11:34:38.301;536844480099468988;-190;-609;867
2021-11-13T11:34:38.320;536844480119233189;-154;-593;868
2021-11-13T11:34:38.340;536844480138997390;-170;-582;879
2021-11-13T11:34:38.360;536844480158761591;-199;-582;892
2021-11-13T11:34:38.380;536844480178525792;-195;-610;892
2021-11-13T11:34:38.400;536844480198289993;-134;-583;884
2021-11-13T11:34:38.419;536844480218054194;-150;-543;882
2021-11-13T11:34:38.439;536844480237818395;-151;-545;869
2021-11-13T11:34:38.459;536844480257582596;-178;-610;880
2021-11-13T11:34:38.479;536844480277346797;-199;-608;925
2021-11-13T11:34:38.498;536844480297110998;-174;-557;958
2021-11-13T11:34:38.518;536844480316875199;-138;-542;938
2021-11-13T11:34:38.538;536844480336639400;-105;-521;927
2021-11-13T11:34:38.558;536844480356403601;-184;-512;913
2021-11-13T11:34:38.577;536844480376167802;-194;-543;902
2021-11-13T11:34:38.597;536844480395932003;-214;-549;892
2021-11-13T11:34:38.617;536844480415696204;-162;-567;909
2021-11-13T11:34:38.637;536844480435460405;-162;-585;920
2021-11-13T11:34:38.656;536844480455224606;-161;-615;926
2021-11-13T11:34:38.676;536844480474988807;-131;-607;937
2021-11-13T11:34:38.696;536844480494753008;-180;-579;934
2021-11-13T11:34:38.716;536844480514517209;-198;-571;945
2021-11-13T11:34:38.736;536844480534281410;-157;-560;972
2021-11-13T11:34:38.755;536844480554045611;-133;-594;977
2021-11-13T11:34:38.775;536844480573809812;-149;-621;964
2021-11-13T11:34:38.795;536844480593574013;-149;-603;949
2021-11-13T11:34:38.815;536844480613338214;-160;-582;937
2021-11-13T11:34:38.834;536844480633099520;-193;-590;937
2021-11-13T11:34:38.854;536844480652860808;-193;-616;935
2021-11-13T11:34:38.874;536844480672622096;-153;-613;953
2021-11-13T11:34:38.894;536844480692383384;-147;-584;962
2021-11-13T11:34:38.913;536844480712144672;-181;-553;963
2021-11-13T11:34:38.933;536844480731905960;-220;-561;937
2021-11-13T11:34:38.953;536844480751667248;-209;-566;924
2021-11-13T11:34:38.973;536844480771428536;-188;-584;937
2021-11-13T11:34:38.992;536844480791189824;-164;-582;935
2021-11-13T11:34:39.012;536844480810951112;-163;-568;931
2021-11-13T11:34:39.032;536844480830712400;-174;-549;930
2021-11-13T11:34:39.052;536844480850473688;-192;-545;918
2021-11-13T11:34:39.071;536844480870234976;-180;-561;916
2021-11-13T11:34:39.091;536844480889996264;-164;-572;922
2021-11-13T11:34:39.111;536844480909757552;-142;-557;936
2021-11-13T11:34:39.131;536844480929518840;-156;-526;924
2021-11-13T11:34:39.151;536844480949280128;-180;-536;911
2021-11-13T11:34:39.170;536844480969041416;-180;-566;907
2021-11-13T11:34:39.190;536844480988802704;-160;-572;923
2021-11-13T11:34:39.210;536844481008563992;-164;-570;936
2021-11-13T11:34:39.230;536844481028325280;-172;-564;942
2021-11-13T11:34:39.249;536844481048086568;-182;-570;954
2021-11-13T11:34:39.269;536844481067847856;-204;-585;967
2021-11-13T11:34:39.289;536844481087609144;-207;-622;979
2021-11-13T11:34:39.309;536844481107370432;-208;-636;1004
2021-11-13T11:34:39.328;536844481127131720;-208;-644;1041
2021-11-13T11:34:39.348;536844481146893008;-179;-670;1088
2021-11-13T11:34:39.368;536844481166654296;-182;-703;1119
2021-11-13T11:34:39.388;536844481186415584;-220;-671;1124
2021-11-13T11:34:39.407;536844481206176872;-207;-677;1113
2021-11-13T11:34:39.427;536844481225938160;-208;-636;1099
2021-11-13T11:34:39.447;536844481245699448;-176;-609;1068
2021-11-13T11:34:39.467;536844481265460736;-178;-614;1025
2021-11-13T11:34:39.486;536844481285222024;-202;-616;1005
2021-11-13T11:34:39.506;536844481304983312;-232;-624;1005
2021-11-13T11:34:39.526;536844481324744600;-220;-625;1016
2021-11-13T11:34:39.546;536844481344498634;-214;-611;992
2021-11-13T11:34:39.566;536844481364252640;-198;-577;977
2021-11-13T11:34:39.585;536844481384006646;-187;-556;982
2021-11-13T11:34:39.605;536844481403760652;-192;-556;1000
2021-11-13T11:34:39.625;536844481423514658;-209;-589;1002
2021-11-13T11:34:39.645;536844481443268664;-198;-623;984
2021-11-13T11:34:39.664;536844481463022670;-152;-629;1003
2021-11-13T11:34:39.684;536844481482776676;-157;-637;995
2021-11-13T11:34:39.704;536844481502530682;-165;-639;983
2021-11-13T11:34:39.724;536844481522284688;-189;-636;967
2021-11-13T11:34:39.743;536844481542038694;-180;-587;973
2021-11-13T11:34:39.763;536844481561792700;-193;-545;967
2021-11-13T11:34:39.783;536844481581546706;-206;-554;918
2021-11-13T11:34:39.803;536844481601300712;-205;-570;877
2021-11-13T11:34:39.822;536844481621054718;-208;-577;837
2021-11-13T11:34:39.842;536844481640808724;-206;-535;800
2021-11-13T11:34:39.862;536844481660562730;-190;-504;769
2021-11-13T11:34:39.882;536844481680316736;-222;-497;754
2021-11-13T11:34:39.901;536844481700070742;-231;-493;731
2021-11-13T11:34:39.921;536844481719824748;-226;-499;698
2021-11-13T11:34:39.941;536844481739578754;-212;-510;682
2021-11-13T11:34:39.961;536844481759332760;-229;-512;667
2021-11-13T11:34:39.980;536844481779086766;-231;-513;633
2021-11-13T11:34:40.000;536844481798840772;-219;-502;598
2021-11-13T11:34:40.020;536844481818594778;-219;-486;575
2021-11-13T11:34:40.040;536844481838348784;-231;-485;578
2021-11-13T11:34:40.059;536844481858102790;-236;-508;598
2021-11-13T11:34:40.079;536844481877856796;-229;-517;584
2021-11-13T11:34:40.099;536844481897610802;-156;-504;541
2021-11-13T11:34:40.119;536844481917364808;-131;-475;519
2021-11-13T11:34:40.138;536844481937118814;-132;-448;510
2021-11-13T11:34:40.158;536844481956872820;-173;-456;503
2021-11-13T11:34:40.178;536844481976626826;-206;-443;523
2021-11-13T11:34:40.198;536844481996380832;-220;-442;508
2021-11-13T11:34:40.217;536844482016134838;-240;-468;523
2021-11-13T11:34:40.237;536844482035888844;-246;-519;583
2021-11-13T11:34:40.257;536844482055642872;-265;-568;641
2021-11-13T11:34:40.277;536844482075396878;-293;-609;690
2021-11-13T11:34:40.296;536844482095150884;-315;-657;735
2021-11-13T11:34:40.316;536844482114904890;-328;-740;767
2021-11-13T11:34:40.336;536844482134658896;-315;-766;776
2021-11-13T11:34:40.356;536844482154412902;-301;-762;763
2021-11-13T11:34:40.375;536844482174166908;-316;-735;741
2021-11-13T11:34:40.395;536844482193920914;-320;-675;710
2021-11-13T11:34:40.415;536844482213674920;-317;-628;695
2021-11-13T11:34:40.435;536844482233428926;-332;-625;670
2021-11-13T11:34:40.454;536844482253182932;-301;-618;681
2021-11-13T11:34:40.474;536844482272936938;-299;-630;687
2021-11-13T11:34:40.494;536844482292690944;-310;-657;712
2021-11-13T11:34:40.514;536844482312444950;-335;-689;726
2021-11-13T11:34:40.533;536844482332198956;-323;-711;750
2021-11-13T11:34:40.553;536844482351952962;-307;-700;763
2021-11-13T11:34:40.573;536844482371706968;-280;-690;759
2021-11-13T11:34:40.593;536844482391460974;-276;-688;752
2021-11-13T11:34:40.612;536844482411214980;-294;-659;742
2021-11-13T11:34:40.632;536844482430968986;-270;-646;733
2021-11-13T11:34:40.652;536844482450722992;-300;-640;729
2021-11-13T11:34:40.672;536844482470476998;-265;-641;740
2021-11-13T11:34:40.691;536844482490231004;-265;-667;739
2021-11-13T11:34:40.711;536844482509985010;-294;-691;740
2021-11-13T11:34:40.731;536844482529739016;-301;-685;747
2021-11-13T11:34:40.751;536844482549493022;-288;-662;750
2021-11-13T11:34:40.770;536844482569247028;-287;-670;744
2021-11-13T11:34:40.790;536844482589001034;-282;-688;733
2021-11-13T11:34:40.810;536844482608755040;-266;-672;731
2021-11-13T11:34:40.830;536844482628509046;-275;-655;734
2021-11-13T11:34:40.850;536844482648263052;-280;-646;723
2021-11-13T11:34:40.869;536844482668017058;-268;-652;727
2021-11-13T11:34:40.889;536844482687771064;-284;-680;729
2021-11-13T11:34:40.909;536844482707525070;-293;-674;729
2021-11-13T11:34:40.929;536844482727279076;-287;-674;712
2021-11-13T11:34:40.948;536844482747033082;-271;-665;698
2021-11-13T11:34:40.968;536844482766795829;-272;-630;666
2021-11-13T11:34:40.988;536844482786558574;-267;-605;608
2021-11-13T11:34:41.008;536844482806321319;-283;-574;559
2021-11-13T11:34:41.027;536844482826084064;-231;-570;529
2021-11-13T11:34:41.047;536844482845846809;-213;-526;509
2021-11-13T11:34:41.067;536844482865609554;-146;-483;517
2021-11-13T11:34:41.087;536844482885372299;-163;-428;520
2021-11-13T11:34:41.106;536844482905135044;-162;-395;531
2021-11-13T11:34:41.126;536844482924897789;-153;-390;541
2021-11-13T11:34:41.146;536844482944660534;-144;-416;545
2021-11-13T11:34:41.166;536844482964423279;-146;-446;580
2021-11-13T11:34:41.185;536844482984186024;-178;-482;626
2021-11-13T11:34:41.205;536844483003948769;-190;-505;670
2021-11-13T11:34:41.225;536844483023711514;-202;-502;705
2021-11-13T11:34:41.245;536844483043474259;-194;-518;747
2021-11-13T11:34:41.264;536844483063237004;-207;-572;736
2021-11-13T11:34:41.284;536844483082999749;-147;-571;731
2021-11-13T11:34:41.304;536844483102762494;-149;-523;742
2021-11-13T11:34:41.324;536844483122525239;-234;-501;797
2021-11-13T11:34:41.344;536844483142287984;-265;-543;814
2021-11-13T11:34:41.363;536844483162050729;-226;-628;795
2021-11-13T11:34:41.383;536844483181813474;-160;-693;773
2021-11-13T11:34:41.403;536844483201576219;-199;-636;821
2021-11-13T11:34:41.423;536844483221338964;-245;-591;858
2021-11-13T11:34:41.442;536844483241101709;-253;-595;851
2021-11-13T11:34:41.462;536844483260864454;-225;-656;841
2021-11-13T11:34:41.482;536844483280627199;-252;-658;850
2021-11-13T11:34:41.502;536844483300389944;-239;-680;884
2021-11-13T11:34:41.521;536844483320152689;-262;-642;927
2021-11-13T11:34:41.541;536844483339915434;-265;-661;914
2021-11-13T11:34:41.561;536844483359678179;-203;-684;901
2021-11-13T11:34:41.581;536844483379440924;-219;-658;905
2021-11-13T11:34:41.600;536844483399203669;-253;-619;888
2021-11-13T11:34:41.620;536844483418966414;-240;-571;869
2021-11-13T11:34:41.640;536844483438729159;-205;-611;855
2021-11-13T11:34:41.660;536844483458491904;-236;-681;870
2021-11-13T11:34:41.679;536844483478251742;-246;-728;907
2021-11-13T11:34:41.699;536844483498011574;-229;-718;910
2021-11-13T11:34:41.719;536844483517771406;-210;-663;922
2021-11-13T11:34:41.739;536844483537531238;-226;-631;906
2021-11-13T11:34:41.759;536844483557291070;-247;-649;892
2021-11-13T11:34:41.778;536844483577050902;-233;-669;908
2021-11-13T11:34:41.798;536844483596810734;-250;-682;891
2021-11-13T11:34:41.818;536844483616570566;-238;-635;875
2021-11-13T11:34:41.838;536844483636330398;-241;-627;848
2021-11-13T11:34:41.857;536844483656090230;-198;-657;867
2021-11-13T11:34:41.877;536844483675850062;-192;-637;912
2021-11-13T11:34:41.897;536844483695609894;-228;-622;906
2021-11-13T11:34:41.917;536844483715369726;-201;-584;864
2021-11-13T11:34:41.936;536844483735129558;-174;-573;861
2021-11-13T11:34:41.956;536844483754889390;-191;-603;868
2021-11-13T11:34:41.976;536844483774649222;-214;-633;875
2021-11-13T11:34:41.996;536844483794409054;-198;-666;887
2021-11-13T11:34:42.015;536844483814168886;-199;-640;898
2021-11-13T11:34:42.035;536844483833928718;-199;-627;893
2021-11-13T11:34:42.055;536844483853688550;-161;-626;879
2021-11-13T11:34:42.075;536844483873448382;-170;-625;865
2021-11-13T11:34:42.094;536844483893208214;-171;-571;865
2021-11-13T11:34:42.114;536844483912968046;-153;-570;871
2021-11-13T11:34:42.134;536844483932727878;-159;-574;906
2021-11-13T11:34:42.154;536844483952487710;-146;-593;901
2021-11-13T11:34:42.173;536844483972247542;-182;-619;872
2021-11-13T11:34:42.193;536844483992007374;-183;-614;868
2021-11-13T11:34:42.213;536844484011767206;-194;-614;885
2021-11-13T11:34:42.233;536844484031527038;-161;-617;922
2021-11-13T11:34:42.253;536844484051286870;-192;-631;966
2021-11-13T11:34:42.272;536844484071046702;-203;-618;991
2021-11-13T11:34:42.292;536844484090806534;-198;-560;995
2021-11-13T11:34:42.312;536844484110566366;-210;-573;980
2021-11-13T11:34:42.332;536844484130326198;-206;-645;986
2021-11-13T11:34:42.351;536844484150086030;-210;-688;1014
2021-11-13T11:34:42.371;536844484169845862;-203;-731;1049
2021-11-13T11:34:42.391;536844484189611541;-218;-713;1084
2021-11-13T11:34:42.411;536844484209377198;-229;-698;1116
2021-11-13T11:34:42.430;536844484229142855;-199;-709;1163
2021-11-13T11:34:42.450;536844484248908512;-186;-738;1209
2021-11-13T11:34:42.470;536844484268674169;-242;-754;1207
2021-11-13T11:34:42.490;536844484288439826;-227;-755;1153
2021-11-13T11:34:42.509;536844484308205483;-224;-715;1116
2021-11-13T11:34:42.529;536844484327971140;-223;-719;1092
2021-11-13T11:34:42.549;536844484347736797;-223;-726;1060
2021-11-13T11:34:42.569;536844484367502454;-208;-708;1032
2021-11-13T11:34:42.589;536844484387268111;-218;-653;1015
2021-11-13T11:34:42.608;536844484407033768;-217;-630;983
2021-11-13T11:34:42.628;536844484426799425;-223;-638;971
2021-11-13T11:34:42.648;536844484446565082;-249;-644;947
2021-11-13T11:34:42.668;536844484466330739;-245;-634;932
2021-11-13T11:34:42.687;536844484486096396;-212;-626;932
2021-11-13T11:34:42.707;536844484505862053;-238;-625;923
2021-11-13T11:34:42.727;536844484525627710;-256;-624;901
2021-11-13T11:34:42.747;536844484545393367;-253;-636;875
2021-11-13T11:34:42.766;536844484565159024;-255;-631;857
2021-11-13T11:34:42.786;536844484584924681;-253;-639;849
2021-11-13T11:34:42.806;536844484604690338;-253;-643;827
2021-11-13T11:34:42.826;536844484624455995;-252;-642;808
2021-11-13T11:34:42.845;536844484644221652;-248;-650;801
2021-11-13T11:34:42.865;536844484663987309;-248;-662;809
2021-11-13T11:34:42.885;536844484683752966;-252;-640;801
2021-11-13T11:34:42.905;536844484703518623;-250;-622;777
2021-11-13T11:34:42.925;536844484723284280;-257;-584;758
2021-11-13T11:34:42.944;536844484743049937;-256;-571;738
2021-11-13T11:34:42.964;536844484762815594;-251;-548;718
2021-11-13T11:34:42.984;536844484782581251;-253;-518;687
2021-11-13T11:34:43.004;536844484802346908;-255;-540;678
2021-11-13T11:34:43.023;536844484822112565;-260;-563;658
2021-11-13T11:34:43.043;536844484841878222;-253;-589;641
2021-11-13T11:34:43.063;536844484861643879;-259;-565;620
2021-11-13T11:34:43.083;536844484881409536;-261;-546;610
2021-11-13T11:34:43.102;536844484901166471;-265;-525;601
2021-11-13T11:34:43.122;536844484920923390;-256;-521;604
2021-11-13T11:34:43.142;536844484940680309;-251;-529;614
2021-11-13T11:34:43.162;536844484960437228;-254;-542;611
2021-11-13T11:34:43.181;536844484980194147;-268;-553;631
2021-11-13T11:34:43.201;536844484999951066;-258;-555;629
2021-11-13T11:34:43.221;536844485019707985;-255;-552;604
2021-11-13T11:34:43.241;536844485039464904;-251;-523;583
2021-11-13T11:34:43.260;536844485059221823;-254;-528;570
2021-11-13T11:34:43.280;536844485078978742;-263;-546;581
2021-11-13T11:34:43.300;536844485098735661;-257;-533;571
2021-11-13T11:34:43.320;536844485118492580;-239;-513;538
2021-11-13T11:34:43.339;536844485138249499;-207;-508;522
2021-11-13T11:34:43.359;536844485158006418;-210;-500;513
2021-11-13T11:34:43.379;536844485177763337;-234;-504;541
2021-11-13T11:34:43.399;536844485197520256;-265;-562;576
2021-11-13T11:34:43.419;536844485217277175;-269;-603;625
2021-11-13T11:34:43.438;536844485237034094;-277;-636;675
2021-11-13T11:34:43.458;536844485256791013;-294;-706;705
2021-11-13T11:34:43.478;536844485276547932;-301;-756;742
2021-11-13T11:34:43.498;536844485296304851;-267;-770;753
2021-11-13T11:34:43.517;536844485316061770;-256;-743;718
2021-11-13T11:34:43.537;536844485335818689;-254;-677;683
2021-11-13T11:34:43.557;536844485355575608;-259;-605;658
2021-11-13T11:34:43.577;536844485375332527;-287;-581;659
2021-11-13T11:34:43.596;536844485395089446;-301;-620;677
2021-11-13T11:34:43.616;536844485414846365;-278;-652;696
2021-11-13T11:34:43.636;536844485434603284;-299;-701;734
2021-11-13T11:34:43.656;536844485454360203;-299;-738;747
2021-11-13T11:34:43.675;536844485474117122;-301;-748;762
2021-11-13T11:34:43.695;536844485493874041;-278;-738;776
2021-11-13T11:34:43.715;536844485513630960;-289;-698;761
2021-11-13T11:34:43.735;536844485533387879;-287;-638;747
2021-11-13T11:34:43.754;536844485553144798;-280;-600;733
2021-11-13T11:34:43.774;536844485572901717;-262;-620;726
2021-11-13T11:34:43.794;536844485592658636;-250;-651;729
2021-11-13T11:34:43.814;536844485612427218;-254;-674;733
2021-11-13T11:34:43.833;536844485632195788;-256;-695;735
2021-11-13T11:34:43.853;536844485651964358;-264;-700;746
2021-11-13T11:34:43.873;536844485671732928;-282;-689;758
2021-11-13T11:34:43.893;536844485691501498;-285;-696;746
2021-11-13T11:34:43.913;536844485711270068;-267;-704;729
2021-11-13T11:34:43.932;536844485731038638;-294;-700;717
2021-11-13T11:34:43.952;536844485750807208;-290;-675;717
2021-11-13T11:34:43.972;536844485770575778;-277;-669;708
2021-11-13T11:34:43.992;536844485790344348;-270;-660;679
2021-11-13T11:34:44.011;536844485810112918;-264;-643;667
2021-11-13T11:34:44.031;536844485829881488;-258;-638;669
2021-11-13T11:34:44.051;536844485849650058;-257;-628;652
2021-11-13T11:34:44.071;536844485869418628;-237;-604;602
2021-11-13T11:34:44.090;536844485889187198;-204;-540;562
2021-11-13T11:34:44.110;536844485908955768;-164;-497;543
2021-11-13T11:34:44.130;536844485928724338;-176;-489;527
2021-11-13T11:34:44.150;536844485948492908;-238;-503;540
2021-11-13T11:34:44.170;536844485968261478;-225;-494;505
2021-11-13T11:34:44.189;536844485988030048;-164;-429;512
2021-11-13T11:34:44.209;536844486007798618;-159;-486;565
2021-11-13T11:34:44.229;536844486027567188;-249;-531;615
2021-11-13T11:34:44.249;536844486047335758;-219;-577;584
2021-11-13T11:34:44.268;536844486067104328;-140;-506;610
2021-11-13T11:34:44.288;536844486086872898;-157;-435;705
2021-11-13T11:34:44.308;536844486106641468;-273;-511;765
2021-11-13T11:34:44.328;536844486126410038;-312;-642;734
2021-11-13T11:34:44.347;536844486146178608;-213;-718;704
2021-11-13T11:34:44.367;536844486165947178;-139;-657;732
2021-11-13T11:34:44.387;536844486185715748;-219;-571;750
2021-11-13T11:34:44.407;536844486205484318;-239;-588;723
2021-11-13T11:34:44.427;536844486225252888;-262;-591;708
2021-11-13T11:34:44.446;536844486245021458;-227;-611;746
2021-11-13T11:34:44.466;536844486264790028;-199;-598;787
2021-11-13T11:34:44.486;536844486284558598;-181;-611;824
2021-11-13T11:34:44.506;536844486304327168;-217;-627;828
2021-11-13T11:34:44.525;536844486324081200;-242;-631;810
2021-11-13T11:34:44.545;536844486343835206;-252;-615;794
2021-11-13T11:34:44.565;536844486363589212;-248;-599;776
2021-11-13T11:34:44.585;536844486383343218;-225;-634;808
2021-11-13T11:34:44.604;536844486403097224;-201;-709;841
2021-11-13T11:34:44.624;536844486422851230;-220;-729;873
2021-11-13T11:34:44.644;536844486442605236;-212;-663;899
2021-11-13T11:34:44.664;536844486462359242;-221;-597;888
2021-11-13T11:34:44.683;536844486482113248;-202;-607;887
2021-11-13T11:34:44.703;536844486501867254;-210;-652;889
2021-11-13T11:34:44.723;536844486521621260;-207;-672;890
2021-11-13T11:34:44.743;536844486541375266;-231;-630;888
2021-11-13T11:34:44.762;536844486561129272;-230;-632;886
2021-11-13T11:34:44.782;536844486580883278;-231;-649;892
2021-11-13T11:34:44.802;536844486600637284;-218;-645;890
2021-11-13T11:34:44.822;536844486620391290;-213;-623;872
2021-11-13T11:34:44.841;536844486640145296;-210;-615;865
2021-11-13T11:34:44.861;536844486659899302;-237;-621;880
2021-11-13T11:34:44.881;536844486679653308;-238;-635;906
2021-11-13T11:34:44.901;536844486699407314;-213;-650;934
2021-11-13T11:34:44.920;536844486719161320;-208;-627;947
2021-11-13T11:34:44.940;536844486738915326;-216;-619;948
2021-11-13T11:34:44.960;536844486758669332;-221;-602;925
2021-11-13T11:34:44.980;536844486778423338;-217;-582;917
2021-11-13T11:34:44.999;536844486798177344;-197;-623;920
2021-11-13T11:34:45.019;536844486817931350;-196;-615;923
2021-11-13T11:34:45.039;536844486837685356;-236;-622;913
2021-11-13T11:34:45.059;536844486857439362;-234;-633;919
2021-11-13T11:34:45.078;536844486877193368;-195;-660;953
2021-11-13T11:34:45.098;536844486896947374;-217;-686;981
2021-11-13T11:34:45.118;536844486916701380;-222;-675;977
2021-11-13T11:34:45.138;536844486936455386;-218;-647;981
2021-11-13T11:34:45.157;536844486956209392;-206;-632;980
2021-11-13T11:34:45.177;536844486975963398;-173;-626;992
2021-11-13T11:34:45.197;536844486995717404;-191;-615;990
2021-11-13T11:34:45.217;536844487015471410;-221;-603;989
2021-11-13T11:34:45.236;536844487035226877;-266;-642;978
2021-11-13T11:34:45.256;536844487054982340;-258;-692;970
2021-11-13T11:34:45.276;536844487074737803;-214;-707;984
2021-11-13T11:34:45.296;536844487094493266;-209;-705;1013
2021-11-13T11:34:45.315;536844487114248729;-243;-676;1039
2021-11-13T11:34:45.335;536844487134004192;-260;-662;1049
2021-11-13T11:34:45.355;536844487153759655;-254;-682;1069
2021-11-13T11:34:45.375;536844487173515118;-242;-689;1091
2021-11-13T11:34:45.395;536844487193270581;-236;-705;1093
2021-11-13T11:34:45.414;536844487213026044;-248;-711;1085
2021-11-13T11:34:45.434;536844487232781507;-253;-708;1068
2021-11-13T11:34:45.454;536844487252536970;-245;-709;1065
2021-11-13T11:34:45.474;536844487272292433;-242;-698;1038
2021-11-13T11:34:45.493;536844487292047896;-231;-685;1018
2021-11-13T11:34:45.513;536844487311803359;-207;-678;999
2021-11-13T11:34:45.533;536844487331558822;-200;-626;973
2021-11-13T11:34:45.553;536844487351314285;-219;-631;951
2021-11-13T11:34:45.572;536844487371069748;-243;-661;916
2021-11-13T11:34:45.592;536844487390825211;-220;-694;927
2021-11-13T11:34:45.612;536844487410580674;-228;-659;938
2021-11-13T11:34:45.632;536844487430336137;-241;-641;915
2021-11-13T11:34:45.651;536844487450091600;-244;-652;908
2021-11-13T11:34:45.671;536844487469847063;-242;-675;920
2021-11-13T11:34:45.691;536844487489602526;-239;-668;908
2021-11-13T11:34:45.711;536844487509357989;-242;-640;901
2021-11-13T11:34:45.730;536844487529113452;-257;-637;867
2021-11-13T11:34:45.750;536844487548868915;-262;-654;833
2021-11-13T11:34:45.770;536844487568624378;-253;-675;821
2021-11-13T11:34:45.790;536844487588379841;-254;-645;817
2021-11-13T11:34:45.809;536844487608135304;-250;-647;810
2021-11-13T11:34:45.829;536844487627890767;-249;-632;791
2021-11-13T11:34:45.849;536844487647646230;-244;-612;775
2021-11-13T11:34:45.869;536844487667401693;-247;-575;760
2021-11-13T11:34:45.888;536844487687157156;-247;-575;731
2021-11-13T11:34:45.908;536844487706912619;-228;-582;689
2021-11-13T11:34:45.928;536844487726668082;-208;-573;637
2021-11-13T11:34:45.948;536844487746426483;-208;-564;590
2021-11-13T11:34:45.967;536844487766184858;-181;-555;564
2021-11-13T11:34:45.987;536844487785943233;-201;-552;583
2021-11-13T11:34:46.007;536844487805701608;-219;-551;589
2021-11-13T11:34:46.027;536844487825459983;-208;-570;582
2021-11-13T11:34:46.046;536844487845218358;-187;-555;568
2021-11-13T11:34:46.066;536844487864976733;-198;-530;576
2021-11-13T11:34:46.086;536844487884735108;-219;-548;579
2021-11-13T11:34:46.106;536844487904493483;-227;-568;590
2021-11-13T11:34:46.125;536844487924251858;-224;-554;585
2021-11-13T11:34:46.145;536844487944010233;-180;-517;569
2021-11-13T11:34:46.165;536844487963768608;-199;-501;556
2021-11-13T11:34:46.185;536844487983526983;-216;-508;563
2021-11-13T11:34:46.205;536844488003285358;-249;-524;582
2021-11-13T11:34:46.224;536844488023043733;-244;-538;590
2021-11-13T11:34:46.244;536844488042802108;-210;-560;565
2021-11-13T11:34:46.264;536844488062560483;-194;-570;573
2021-11-13T11:34:46.284;536844488082318858;-208;-586;565
2021-11-13T11:34:46.303;536844488102077233;-246;-590;599
2021-11-13T11:34:46.323;536844488121835608;-266;-627;668
2021-11-13T11:34:46.343;536844488141593983;-290;-647;715
2021-11-13T11:34:46.363;536844488161352358;-300;-683;734
2021-11-13T11:34:46.382;536844488181110733;-294;-713;735
2021-11-13T11:34:46.402;536844488200869108;-309;-740;723
2021-11-13T11:34:46.422;536844488220627483;-289;-737;724
2021-11-13T11:34:46.442;536844488240385858;-274;-705;718
2021-11-13T11:34:46.461;536844488260144233;-277;-639;708
2021-11-13T11:34:46.481;536844488279902608;-304;-619;725
2021-11-13T11:34:46.501;536844488299660983;-276;-623;732
2021-11-13T11:34:46.521;536844488319419358;-283;-618;724
2021-11-13T11:34:46.540;536844488339177733;-257;-643;740
2021-11-13T11:34:46.560;536844488358936108;-279;-657;755
2021-11-13T11:34:46.580;536844488378694483;-283;-670;762
2021-11-13T11:34:46.600;536844488398452858;-295;-672;759
2021-11-13T11:34:46.619;536844488418211233;-276;-693;749
2021-11-13T11:34:46.639;536844488437969608;-285;-685;743
2021-11-13T11:34:46.659;536844488457730920;-265;-657;744
2021-11-13T11:34:46.679;536844488477492208;-281;-638;740
2021-11-13T11:34:46.699;536844488497253496;-275;-646;742
2021-11-13T11:34:46.718;536844488517014784;-282;-666;740
2021-11-13T11:34:46.738;536844488536776072;-276;-684;737
2021-11-13T11:34:46.758;536844488556537360;-274;-685;741
2021-11-13T11:34:46.778;536844488576298648;-292;-677;734
2021-11-13T11:34:46.797;536844488596059936;-292;-680;719
2021-11-13T11:34:46.817;536844488615821224;-288;-662;712
2021-11-13T11:34:46.837;536844488635582512;-261;-650;707
2021-11-13T11:34:46.857;536844488655343800;-253;-640;680
2021-11-13T11:34:46.876;536844488675105088;-252;-625;639
2021-11-13T11:34:46.896;536844488694866376;-270;-604;593
2021-11-13T11:34:46.916;536844488714627664;-301;-600;592
2021-11-13T11:34:46.936;536844488734388952;-261;-613;609
2021-11-13T11:34:46.955;536844488754150240;-221;-611;631
2021-11-13T11:34:46.975;536844488773911528;-189;-567;605
2021-11-13T11:34:46.995;536844488793672816;-165;-539;587
2021-11-13T11:34:47.015;536844488813434104;-207;-537;572
2021-11-13T11:34:47.034;536844488833195392;-239;-542;593
2021-11-13T11:34:47.054;536844488852956680;-231;-511;557
2021-11-13T11:34:47.074;536844488872717968;-157;-483;564
2021-11-13T11:34:47.094;536844488892479256;-155;-497;602
2021-11-13T11:34:47.113;536844488912240544;-237;-494;619
2021-11-13T11:34:47.133;536844488932001832;-237;-559;600
2021-11-13T11:34:47.153;536844488951763120;-163;-587;583
2021-11-13T11:34:47.173;536844488971524408;-139;-572;611
2021-11-13T11:34:47.193;536844488991285696;-205;-541;694
2021-11-13T11:34:47.212;536844489011046984;-288;-565;732
2021-11-13T11:34:47.232;536844489030808272;-276;-630;736
2021-11-13T11:34:47.252;536844489050569560;-170;-662;699
2021-11-13T11:34:47.272;536844489070330848;-123;-633;704
2021-11-13T11:34:47.291;536844489090092136;-184;-582;730
2021-11-13T11:34:47.311;536844489109853424;-271;-573;763
2021-11-13T11:34:47.331;536844489129614712;-283;-580;781
2021-11-13T11:34:47.351;536844489149376000;-216;-604;771
2021-11-13T11:34:47.370;536844489169124185;-166;-609;799
2021-11-13T11:34:47.390;536844489188872366;-209;-626;794
2021-11-13T11:34:47.410;536844489208620547;-273;-592;800
2021-11-13T11:34:47.430;536844489228368728;-257;-586;820
2021-11-13T11:34:47.449;536844489248116909;-245;-609;865
2021-11-13T11:34:47.469;536844489267865090;-217;-647;907
2021-11-13T11:34:47.489;536844489287613271;-201;-653;917
2021-11-13T11:34:47.509;536844489307361452;-178;-598;900
2021-11-13T11:34:47.528;536844489327109633;-211;-573;880
2021-11-13T11:34:47.548;536844489346857814;-223;-607;883
2021-11-13T11:34:47.568;536844489366605995;-213;-700;862
2021-11-13T11:34:47.588;536844489386354176;-185;-701;877
2021-11-13T11:34:47.607;536844489406102357;-212;-656;880
2021-11-13T11:34:47.627;536844489425850538;-217;-639;873
2021-11-13T11:34:47.647;536844489445598719;-225;-657;902
2021-11-13T11:34:47.667;536844489465346900;-241;-651;935
2021-11-13T11:34:47.686;536844489485095081;-226;-620;935
2021-11-13T11:34:47.706;536844489504843262;-221;-605;935
2021-11-13T11:34:47.726;536844489524591443;-237;-609;947
2021-11-13T11:34:47.746;536844489544339624;-244;-627;950
2021-11-13T11:34:47.765;536844489564087805;-225;-646;944
2021-11-13T11:34:47.785;536844489583835986;-205;-624;956
2021-11-13T11:34:47.805;536844489603584167;-242;-603;952
2021-11-13T11:34:47.825;536844489623332348;-231;-623;943
2021-11-13T11:34:47.844;536844489643080529;-195;-647;930
2021-11-13T11:34:47.864;536844489662828710;-146;-654;933
2021-11-13T11:34:47.884;536844489682576891;-198;-624;919
2021-11-13T11:34:47.904;536844489702325072;-210;-593;907
2021-11-13T11:34:47.923;536844489722073253;-207;-588;906
2021-11-13T11:34:47.943;536844489741821434;-208;-620;926
2021-11-13T11:34:47.963;536844489761569615;-196;-640;940
2021-11-13T11:34:47.983;536844489781317796;-206;-656;945
2021-11-13T11:34:48.002;536844489801065977;-216;-640;925
2021-11-13T11:34:48.022;536844489820814158;-229;-633;911
2021-11-13T11:34:48.042;536844489840562339;-214;-616;916
2021-11-13T11:34:48.062;536844489860310520;-195;-622;924
2021-11-13T11:34:48.081;536844489880068929;-203;-625;917
2021-11-13T11:34:48.101;536844489899827304;-196;-609;904
2021-11-13T11:34:48.121;536844489919585679;-214;-629;899
2021-11-13T11:34:48.141;536844489939344054;-212;-640;895
2021-11-13T11:34:48.160;536844489959102429;-193;-638;903
2021-11-13T11:34:48.180;536844489978860804;-211;-625;913
2021-11-13T11:34:48.200;536844489998619179;-209;-623;898
2021-11-13T11:34:48.220;536844490018377554;-207;-627;884
2021-11-13T11:34:48.239;536844490038135929;-196;-626;901
2021-11-13T11:34:48.259;536844490057894304;-202;-623;929
2021-11-13T11:34:48.279;536844490077652679;-218;-623;930
2021-11-13T11:34:48.299;536844490097411054;-213;-640;940
2021-11-13T11:34:48.318;536844490117169429;-215;-665;965
2021-11-13T11:34:48.338;536844490136927804;-227;-690;994
2021-11-13T11:34:48.358;536844490156686179;-235;-699;1013
2021-11-13T11:34:48.378;536844490176444554;-245;-696;1029
2021-11-13T11:34:48.397;536844490196202929;-236;-684;1054
2021-11-13T11:34:48.417;536844490215961304;-239;-675;1056
2021-11-13T11:34:48.437;536844490235719679;-204;-685;1045
2021-11-13T11:34:48.457;536844490255478054;-195;-678;1051
2021-11-13T11:34:48.476;536844490275236429;-211;-664;1088
2021-11-13T11:34:48.496;536844490294994804;-216;-665;1091
2021-11-13T11:34:48.516;536844490314753179;-219;-669;1063
2021-11-13T11:34:48.536;536844490334511554;-219;-636;1025
2021-11-13T11:34:48.556;536844490354269929;-204;-624;996
2021-11-13T11:34:48.575;536844490374028304;-209;-644;992
2021-11-13T11:34:48.595;536844490393786679;-217;-686;984
2021-11-13T11:34:48.615;536844490413545054;-201;-664;990
2021-11-13T11:34:48.635;536844490433303429;-202;-623;985
2021-11-13T11:34:48.654;536844490453061804;-201;-627;971
2021-11-13T11:34:48.674;536844490472820179;-211;-661;961
2021-11-13T11:34:48.694;536844490492578554;-207;-649;942
2021-11-13T11:34:48.714;536844490512336929;-213;-626;907
2021-11-13T11:34:48.733;536844490532095304;-204;-618;894
2021-11-13T11:34:48.753;536844490551853679;-209;-609;877
2021-11-13T11:34:48.773;536844490571612054;-223;-620;839
2021-11-13T11:34:48.793;536844490591370461;-218;-627;804
2021-11-13T11:34:48.812;536844490611128836;-237;-617;787
2021-11-13T11:34:48.832;536844490630887211;-225;-611;761
2021-11-13T11:34:48.852;536844490650645586;-236;-596;759
2021-11-13T11:34:48.872;536844490670403961;-241;-617;762
2021-11-13T11:34:48.891;536844490690162336;-223;-630;762
2021-11-13T11:34:48.911;536844490709920711;-201;-660;754
2021-11-13T11:34:48.931;536844490729679086;-210;-643;744
2021-11-13T11:34:48.951;536844490749437461;-220;-605;717
2021-11-13T11:34:48.970;536844490769195836;-248;-589;688
2021-11-13T11:34:48.990;536844490788954211;-243;-618;684
2021-11-13T11:34:49.010;536844490808712586;-222;-618;647
2021-11-13T11:34:49.030;536844490828470961;-221;-582;604
2021-11-13T11:34:49.049;536844490848229336;-222;-559;580
2021-11-13T11:34:49.069;536844490867987711;-249;-557;573
2021-11-13T11:34:49.089;536844490887746086;-265;-579;570
2021-11-13T11:34:49.109;536844490907504461;-259;-589;558
2021-11-13T11:34:49.129;536844490927262836;-251;-594;546
2021-11-13T11:34:49.148;536844490947021211;-249;-600;538
2021-11-13T11:34:49.168;536844490966779586;-254;-622;541
2021-11-13T11:34:49.188;536844490986537961;-242;-624;518
2021-11-13T11:34:49.208;536844491006296336;-233;-582;489
2021-11-13T11:34:49.227;536844491026054711;-213;-542;483
2021-11-13T11:34:49.247;536844491045813086;-220;-510;479
2021-11-13T11:34:49.267;536844491065571461;-224;-508;466
2021-11-13T11:34:49.287;536844491085329836;-206;-508;465
2021-11-13T11:34:49.306;536844491105088211;-202;-507;479
2021-11-13T11:34:49.326;536844491124846586;-240;-527;498
2021-11-13T11:34:49.346;536844491144604961;-290;-553;557
2021-11-13T11:34:49.366;536844491164363336;-319;-619;597
2021-11-13T11:34:49.385;536844491184121711;-332;-719;658
2021-11-13T11:34:49.405;536844491203880086;-324;-784;726
2021-11-13T11:34:49.425;536844491223638461;-373;-833;736
2021-11-13T11:34:49.445;536844491243396836;-364;-827;713
2021-11-13T11:34:49.464;536844491263155211;-330;-771;703
2021-11-13T11:34:49.484;536844491282913586;-321;-724;695
2021-11-13T11:34:49.504;536844491302671987;-304;-679;684
2021-11-13T11:34:49.524;536844491322430362;-303;-644;689
2021-11-13T11:34:49.543;536844491342188737;-282;-633;700
2021-11-13T11:34:49.563;536844491361947112;-299;-647;724
2021-11-13T11:34:49.583;536844491381705487;-300;-702;736
2021-11-13T11:34:49.603;536844491401463862;-307;-715;744
2021-11-13T11:34:49.622;536844491421222237;-302;-751;760
2021-11-13T11:34:49.642;536844491440980612;-279;-759;755
2021-11-13T11:34:49.662;536844491460738987;-276;-728;748
2021-11-13T11:34:49.682;536844491480497362;-301;-708;740
2021-11-13T11:34:49.702;536844491500255737;-314;-701;731
2021-11-13T11:34:49.721;536844491520014112;-266;-673;731
2021-11-13T11:34:49.741;536844491539772487;-248;-657;728
2021-11-13T11:34:49.761;536844491559530862;-256;-664;697
2021-11-13T11:34:49.781;536844491579289237;-260;-679;691
2021-11-13T11:34:49.800;536844491599047612;-274;-677;683
2021-11-13T11:34:49.820;536844491618805987;-253;-670;677
2021-11-13T11:34:49.840;536844491638564362;-250;-662;649
2021-11-13T11:34:49.860;536844491658322737;-249;-643;638
2021-11-13T11:34:49.879;536844491678081112;-262;-631;626
2021-11-13T11:34:49.899;536844491697839487;-231;-628;623
2021-11-13T11:34:49.919;536844491717597862;-204;-628;631
2021-11-13T11:34:49.939;536844491737356237;-191;-625;659
2021-11-13T11:34:49.958;536844491757114612;-213;-620;651
2021-11-13T11:34:49.978;536844491776872987;-230;-583;610
2021-11-13T11:34:49.998;536844491796631362;-217;-568;597
2021-11-13T11:34:50.018;536844491816389737;-196;-568;633
2021-11-13T11:34:50.037;536844491836148112;-211;-592;693
2021-11-13T11:34:50.057;536844491855906487;-223;-624;700
2021-11-13T11:34:50.077;536844491875664862;-187;-602;680
2021-11-13T11:34:50.097;536844491895423237;-139;-589;715
2021-11-13T11:34:50.116;536844491915181612;-199;-591;746
2021-11-13T11:34:50.136;536844491934939987;-232;-599;716
2021-11-13T11:34:50.156;536844491954698362;-196;-585;649
2021-11-13T11:34:50.176;536844491974456737;-119;-521;597
2021-11-13T11:34:50.195;536844491994215112;-100;-474;607
2021-11-13T11:34:50.215;536844492013966210;-167;-499;652
2021-11-13T11:34:50.235;536844492033717304;-245;-534;677
2021-11-13T11:34:50.255;536844492053468398;-231;-583;679
2021-11-13T11:34:50.274;536844492073219492;-135;-581;698
2021-11-13T11:34:50.294;536844492092970586;-122;-554;705
2021-11-13T11:34:50.314;536844492112721680;-141;-536;690
2021-11-13T11:34:50.334;536844492132472774;-242;-508;694
2021-11-13T11:34:50.353;536844492152223868;-294;-533;766
2021-11-13T11:34:50.373;536844492171974962;-275;-576;818
2021-11-13T11:34:50.393;536844492191726056;-191;-605;876
2021-11-13T11:34:50.413;536844492211477150;-136;-644;874
2021-11-13T11:34:50.432;536844492231228244;-175;-630;841
2021-11-13T11:34:50.452;536844492250979338;-245;-593;785
2021-11-13T11:34:50.472;536844492270730432;-277;-556;808
2021-11-13T11:34:50.492;536844492290481526;-256;-574;860
2021-11-13T11:34:50.511;536844492310232620;-227;-614;873
2021-11-13T11:34:50.531;536844492329983714;-137;-649;850
2021-11-13T11:34:50.551;536844492349734808;-196;-622;830
2021-11-13T11:34:50.571;536844492369485902;-247;-544;836
2021-11-13T11:34:50.590;536844492389236996;-224;-515;845
2021-11-13T11:34:50.610;536844492408988090;-155;-536;870
2021-11-13T11:34:50.630;536844492428739184;-178;-559;891
2021-11-13T11:34:50.650;536844492448490278;-204;-563;901
2021-11-13T11:34:50.669;536844492468241372;-213;-599;880
2021-11-13T11:34:50.689;536844492487992466;-203;-599;877
2021-11-13T11:34:50.709;536844492507743560;-213;-601;888
2021-11-13T11:34:50.729;536844492527494654;-209;-637;880
2021-11-13T11:34:50.748;536844492547245748;-174;-657;885
2021-11-13T11:34:50.768;536844492566996842;-180;-631;896
2021-11-13T11:34:50.788;536844492586747936;-185;-566;904
2021-11-13T11:34:50.808;536844492606499030;-198;-576;897
2021-11-13T11:34:50.827;536844492626250124;-173;-609;891
2021-11-13T11:34:50.847;536844492646001218;-170;-625;895
2021-11-13T11:34:50.867;536844492665752312;-157;-606;921
2021-11-13T11:34:50.887;536844492685503406;-182;-593;914
2021-11-13T11:34:50.907;536844492705254500;-241;-570;887
2021-11-13T11:34:50.926;536844492725005627;-227;-611;862
2021-11-13T11:34:50.946;536844492744756720;-164;-677;887
2021-11-13T11:34:50.966;536844492764507813;-181;-705;941
2021-11-13T11:34:50.986;536844492784258906;-200;-618;938
2021-11-13T11:34:51.005;536844492804009999;-219;-580;905
2021-11-13T11:34:51.025;536844492823761092;-235;-581;892
2021-11-13T11:34:51.045;536844492843512185;-188;-651;932
2021-11-13T11:34:51.065;536844492863263278;-175;-697;963
2021-11-13T11:34:51.084;536844492883014371;-199;-696;953
2021-11-13T11:34:51.104;536844492902765464;-238;-672;929
2021-11-13T11:34:51.124;536844492922516557;-237;-643;915
2021-11-13T11:34:51.144;536844492942267650;-186;-644;934
2021-11-13T11:34:51.163;536844492962018743;-167;-644;950
2021-11-13T11:34:51.183;536844492981769836;-180;-633;934
2021-11-13T11:34:51.203;536844493001520929;-193;-621;886
2021-11-13T11:34:51.223;536844493021272022;-200;-599;894
2021-11-13T11:34:51.242;536844493041023115;-205;-624;952
2021-11-13T11:34:51.262;536844493060774208;-216;-639;975
2021-11-13T11:34:51.282;536844493080525301;-204;-674;950
2021-11-13T11:34:51.302;536844493100276394;-214;-662;940
2021-11-13T11:34:51.321;536844493120027487;-229;-657;955
2021-11-13T11:34:51.341;536844493139778580;-238;-692;974
2021-11-13T11:34:51.361;536844493159529673;-231;-724;990
2021-11-13T11:34:51.381;536844493179280766;-209;-731;996
2021-11-13T11:34:51.400;536844493199031859;-212;-709;1009
2021-11-13T11:34:51.420;536844493218782952;-201;-708;1024
2021-11-13T11:34:51.440;536844493238534045;-220;-717;1039
2021-11-13T11:34:51.460;536844493258285138;-230;-757;1078
2021-11-13T11:34:51.479;536844493278036231;-220;-737;1100
2021-11-13T11:34:51.499;536844493297787324;-203;-704;1110
2021-11-13T11:34:51.519;536844493317538417;-192;-656;1143
2021-11-13T11:34:51.539;536844493337289510;-208;-619;1143
2021-11-13T11:34:51.558;536844493357040603;-212;-637;1089
2021-11-13T11:34:51.578;536844493376791696;-168;-688;998
2021-11-13T11:34:51.598;536844493396542789;-165;-645;984
2021-11-13T11:34:51.618;536844493416293882;-232;-610;972
