Phone timestamp;sensor timestamp [ns];X [mg];Y [mg];Z [mg]
2021-11-13T11:31:31.360;536844395914651629;376;768;-506
2021-11-13T11:31:31.379;536844395934350294;372;770;-512
2021-11-13T11:31:31.399;536844395954048959;306;768;-542
2021-11-13T11:31:31.419;536844395973747624;289;756;-580
2021-11-13T11:31:31.438;536844395993446289;288;764;-567
2021-11-13T11:31:31.458;536844396013144954;287;770;-562
2021-11-13T11:31:31.478;536844396032843619;248;773;-573
2021-11-13T11:31:31.497;536844396052542284;297;763;-588
2021-11-13T11:31:31.517;536844396072240949;299;755;-578
2021-11-13T11:31:31.537;536844396091939614;272;780;-552
2021-11-13T11:31:31.556;536844396111638279;310;775;-542
2021-11-13T11:31:31.576;536844396131336944;280;780;-553
2021-11-13T11:31:31.596;536844396151035609;216;782;-565
2021-11-13T11:31:31.616;536844396170734274;231;786;-553
2021-11-13T11:31:31.635;536844396190432939;195;805;-537
2021-11-13T11:31:31.655;536844396210131604;231;798;-551
2021-11-13T11:31:31.675;536844396229830269;295;791;-553
2021-11-13T11:31:31.694;536844396249528934;234;803;-540
2021-11-13T11:31:31.714;536844396269227599;221;812;-521
2021-11-13T11:31:31.734;536844396288926264;208;826;-510
2021-11-13T11:31:31.753;536844396308624929;216;857;-475
2021-11-13T11:31:31.773;536844396328323594;268;854;-484
2021-11-13T11:31:31.793;536844396348022259;228;849;-474
2021-11-13T11:31:31.813;536844396367720924;177;841;-488
2021-11-13T11:31:31.832;536844396387419589;265;855;-490
2021-11-13T11:31:31.852;536844396407118254;180;865;-467
2021-11-13T11:31:31.872;536844396426816919;119;865;-463
2021-11-13T11:31:31.891;536844396446515584;85;847;-456
2021-11-13T11:31:31.911;536844396466214249;172;860;-498
2021-11-13T11:31:31.931;536844396485912914;198;892;-455
2021-11-13T11:31:31.950;536844396505611579;82;886;-435
2021-11-13T11:31:31.970;536844396525310244;56;879;-436
2021-11-13T11:31:31.990;536844396545008909;58;875;-418
2021-11-13T11:31:32.010;536844396564707574;-13;866;-447
2021-11-13T11:31:32.029;536844396584406239;84;873;-468
2021-11-13T11:31:32.049;536844396604104904;119;931;-426
2021-11-13T11:31:32.069;536844396623803581;23;901;-366
2021-11-13T11:31:32.088;536844396643502246;-101;906;-306
2021-11-13T11:31:32.108;536844396663200911;-202;906;-266
2021-11-13T11:31:32.128;536844396682899576;-354;896;-273
2021-11-13T11:31:32.147;536844396702598241;-376;875;-340
2021-11-13T11:31:32.167;536844396722296906;-321;875;-440
2021-11-13T11:31:32.187;536844396741995571;-178;891;-430
2021-11-13T11:31:32.207;536844396761694236;-37;934;-400
2021-11-13T11:31:32.226;536844396781392901;18;935;-393
2021-11-13T11:31:32.246;536844396801091566;26;929;-389
2021-11-13T11:31:32.266;536844396820790231;15;904;-372
2021-11-13T11:31:32.285;536844396840488896;28;917;-344
2021-11-13T11:31:32.305;536844396860187561;10;942;-330
2021-11-13T11:31:32.325;536844396879886226;-42;919;-354
2021-11-13T11:31:32.344;536844396899584891;-46;925;-377
2021-11-13T11:31:32.364;536844396919283556;-51;917;-382
2021-11-13T11:31:32.384;536844396938982221;-21;926;-381
2021-11-13T11:31:32.404;536844396958680886;-25;935;-384
2021-11-13T11:31:32.423;536844396978379551;-48;920;-383
2021-11-13T11:31:32.443;536844396998078216;-43;918;-385
2021-11-13T11:31:32.463;536844397017776881;-26;925;-381
2021-11-13T11:31:32.482;536844397037475546;-22;915;-381
2021-11-13T11:31:32.502;536844397057174211;-18;922;-373
2021-11-13T11:31:32.522;536844397076872876;-21;918;-378
2021-11-13T11:31:32.541;536844397096571541;-4;918;-376
2021-11-13T11:31:32.561;536844397116270206;-4;922;-383
2021-11-13T11:31:32.581;536844397135968871;-14;917;-385
2021-11-13T11:31:32.601;536844397155667536;-10;920;-386
2021-11-13T11:31:32.620;536844397175366201;-11;917;-380
2021-11-13T11:31:32.640;536844397195064866;-11;920;-387
2021-11-13T11:31:32.660;536844397214763531;0;918;-381
2021-11-13T11:31:32.679;536844397234462196;-11;913;-382
2021-11-13T11:31:32.699;536844397254160861;-13;924;-374
2021-11-13T11:31:32.719;536844397273859526;-20;919;-376
2021-11-13T11:31:32.738;536844397293558191;-13;918;-381
2021-11-13T11:31:32.758;536844397313256856;-9;918;-380
2021-11-13T11:31:32.778;536844397332962834;-10;918;-381
2021-11-13T11:31:32.798;536844397352668780;6;917;-382
2021-11-13T11:31:32.817;536844397372374726;5;916;-385
2021-11-13T11:31:32.837;536844397392080672;6;915;-380
2021-11-13T11:31:32.857;536844397411786618;1;918;-376
2021-11-13T11:31:32.876;536844397431492564;-12;924;-376
2021-11-13T11:31:32.896;536844397451198510;-16;916;-371
2021-11-13T11:31:32.916;536844397470904456;-11;925;-378
2021-11-13T11:31:32.935;536844397490610402;-16;921;-378
2021-11-13T11:31:32.955;536844397510316348;-18;915;-378
2021-11-13T11:31:32.975;536844397530022294;-14;924;-380
2021-11-13T11:31:32.995;536844397549728240;-24;926;-379
2021-11-13T11:31:33.014;536844397569434186;-46;916;-382
2021-11-13T11:31:33.034;536844397589140132;-53;920;-377
2021-11-13T11:31:33.054;536844397608846078;-57;928;-356
2021-11-13T11:31:33.073;536844397628552024;-63;924;-346
2021-11-13T11:31:33.093;536844397648257970;-38;926;-367
2021-11-13T11:31:33.113;536844397667963916;-14;914;-377
2021-11-13T11:31:33.133;536844397687669862;45;914;-375
2021-11-13T11:31:33.152;536844397707375808;18;911;-374
2021-11-13T11:31:33.172;536844397727081754;31;881;-389
2021-11-13T11:31:33.192;536844397746787700;120;876;-388
2021-11-13T11:31:33.211;536844397766493646;208;913;-370
2021-11-13T11:31:33.231;536844397786199592;151;924;-381
2021-11-13T11:31:33.251;536844397805905538;47;883;-453
2021-11-13T11:31:33.270;536844397825611484;52;868;-438
2021-11-13T11:31:33.290;536844397845317430;122;854;-287
2021-11-13T11:31:33.310;536844397865023376;151;846;-475
2021-11-13T11:31:33.330;536844397884729322;233;853;-538
2021-11-13T11:31:33.349;536844397904435268;181;839;-532
2021-11-13T11:31:33.369;536844397924141214;188;822;-516
2021-11-13T11:31:33.389;536844397943847160;233;853;-485
2021-11-13T11:31:33.408;536844397963553106;175;781;-511
2021-11-13T11:31:33.428;536844397983259052;220;825;-547
2021-11-13T11:31:33.448;536844398002964998;176;803;-495
2021-11-13T11:31:33.468;536844398022670944;303;799;-584
2021-11-13T11:31:33.487;536844398042362347;307;784;-549
2021-11-13T11:31:33.507;536844398062053730;274;799;-592
2021-11-13T11:31:33.527;536844398081745113;393;831;-484
2021-11-13T11:31:33.546;536844398101436496;249;790;-502
2021-11-13T11:31:33.566;536844398121127879;315;779;-547
2021-11-13T11:31:33.586;536844398140819262;136;738;-637
2021-11-13T11:31:33.605;536844398160510645;272;762;-598
2021-11-13T11:31:33.625;536844398180202028;374;754;-579
2021-11-13T11:31:33.645;536844398199893411;362;784;-573
2021-11-13T11:31:33.664;536844398219584794;323;762;-555
2021-11-13T11:31:33.684;536844398239276177;225;766;-548
2021-11-13T11:31:33.704;536844398258967560;249;749;-610
2021-11-13T11:31:33.724;536844398278658943;295;760;-609
2021-11-13T11:31:33.743;536844398298350326;333;754;-595
2021-11-13T11:31:33.763;536844398318041709;302;751;-574
2021-11-13T11:31:33.783;536844398337733092;244;743;-585
2021-11-13T11:31:33.802;536844398357424475;258;779;-567
2021-11-13T11:31:33.822;536844398377115858;366;753;-558
2021-11-13T11:31:33.842;536844398396807241;380;762;-549
2021-11-13T11:31:33.861;536844398416498624;347;751;-531
2021-11-13T11:31:33.881;536844398436190007;314;768;-542
2021-11-13T11:31:33.901;536844398455881390;342;751;-557
2021-11-13T11:31:33.920;536844398475572773;367;753;-574
2021-11-13T11:31:33.940;536844398495264156;340;748;-586
2021-11-13T11:31:33.960;536844398514955539;399;753;-568
2021-11-13T11:31:33.979;536844398534646922;362;755;-523
2021-11-13T11:31:33.999;536844398554338305;343;757;-548
2021-11-13T11:31:34.019;536844398574029688;360;753;-555
2021-11-13T11:31:34.039;536844398593721071;338;748;-567
2021-11-13T11:31:34.058;536844398613412454;366;752;-585
2021-11-13T11:31:34.078;536844398633103837;344;750;-561
2021-11-13T11:31:34.098;536844398652795220;356;762;-522
2021-11-13T11:31:34.117;536844398672486603;347;758;-539
2021-11-13T11:31:34.137;536844398692177986;354;755;-537
2021-11-13T11:31:34.157;536844398711869369;378;756;-543
2021-11-13T11:31:34.176;536844398731560752;372;750;-540
2021-11-13T11:31:34.196;536844398751266730;355;754;-543
2021-11-13T11:31:34.216;536844398770972676;324;759;-548
2021-11-13T11:31:34.236;536844398790678622;346;756;-549
2021-11-13T11:31:34.255;536844398810384568;350;749;-546
2021-11-13T11:31:34.275;536844398830090514;363;753;-558
2021-11-13T11:31:34.295;536844398849796460;363;753;-549
2021-11-13T11:31:34.314;536844398869502406;369;751;-557
2021-11-13T11:31:34.334;536844398889208352;355;750;-564
2021-11-13T11:31:34.354;536844398908914298;377;750;-573
2021-11-13T11:31:34.373;536844398928620244;371;754;-549
2021-11-13T11:31:34.393;536844398948326190;397;754;-524
2021-11-13T11:31:34.413;536844398968032136;376;754;-534
2021-11-13T11:31:34.433;536844398987738082;392;760;-509
2021-11-13T11:31:34.452;536844399007444028;392;774;-498
2021-11-13T11:31:34.472;536844399027149974;412;767;-509
2021-11-13T11:31:34.492;536844399046855920;367;762;-506
2021-11-13T11:31:34.511;536844399066561866;367;766;-511
2021-11-13T11:31:34.531;536844399086267812;369;759;-531
2021-11-13T11:31:34.551;536844399105973758;352;755;-562
2021-11-13T11:31:34.571;536844399125679704;348;755;-562
2021-11-13T11:31:34.590;536844399145385650;362;751;-557
2021-11-13T11:31:34.610;536844399165091596;329;760;-561
2021-11-13T11:31:34.630;536844399184797542;313;753;-593
2021-11-13T11:31:34.649;536844399204503488;295;755;-587
2021-11-13T11:31:34.669;536844399224209434;313;761;-559
2021-11-13T11:31:34.689;536844399243915380;337;769;-533
2021-11-13T11:31:34.708;536844399263621326;283;790;-527
2021-11-13T11:31:34.728;536844399283327272;292;783;-538
2021-11-13T11:31:34.748;536844399303033218;295;780;-535
2021-11-13T11:31:34.768;536844399322739164;296;781;-517
2021-11-13T11:31:34.787;536844399342445110;296;793;-523
2021-11-13T11:31:34.807;536844399362151056;243;817;-511
2021-11-13T11:31:34.827;536844399381857002;297;799;-547
2021-11-13T11:31:34.846;536844399401562948;366;771;-544
2021-11-13T11:31:34.866;536844399421268894;224;818;-516
2021-11-13T11:31:34.886;536844399440974840;247;819;-520
2021-11-13T11:31:34.906;536844399460673517;250;799;-518
2021-11-13T11:31:34.925;536844399480372182;237;823;-500
2021-11-13T11:31:34.945;536844399500070847;233;850;-500
2021-11-13T11:31:34.965;536844399519769512;253;829;-497
2021-11-13T11:31:34.984;536844399539468177;150;831;-489
2021-11-13T11:31:35.004;536844399559166842;170;857;-488
2021-11-13T11:31:35.024;536844399578865507;147;851;-487
2021-11-13T11:31:35.043;536844399598564172;151;853;-468
2021-11-13T11:31:35.063;536844399618262837;211;866;-485
2021-11-13T11:31:35.083;536844399637961502;171;883;-453
2021-11-13T11:31:35.103;536844399657660167;57;874;-458
2021-11-13T11:31:35.122;536844399677358832;42;866;-439
2021-11-13T11:31:35.142;536844399697057497;58;866;-406
2021-11-13T11:31:35.162;536844399716756162;66;890;-374
2021-11-13T11:31:35.181;536844399736454827;39;892;-386
2021-11-13T11:31:35.201;536844399756153492;53;911;-401
2021-11-13T11:31:35.221;536844399775852157;-2;906;-351
2021-11-13T11:31:35.240;536844399795550822;-114;888;-330
2021-11-13T11:31:35.260;536844399815249487;-135;893;-338
2021-11-13T11:31:35.280;536844399834948152;-78;931;-387
2021-11-13T11:31:35.299;536844399854646817;-89;930;-392
2021-11-13T11:31:35.319;536844399874345482;-12;930;-397
2021-11-13T11:31:35.339;536844399894044147;-25;910;-405
2021-11-13T11:31:35.359;536844399913742812;-58;916;-415
2021-11-13T11:31:35.378;536844399933441477;-42;925;-371
2021-11-13T11:31:35.398;536844399953140142;-24;929;-330
2021-11-13T11:31:35.418;536844399972838807;-23;952;-308
2021-11-13T11:31:35.437;536844399992537472;-73;934;-330
2021-11-13T11:31:35.457;536844400012236137;-131;894;-370
2021-11-13T11:31:35.477;536844400031934802;-87;905;-371
2021-11-13T11:31:35.496;536844400051633467;-63;910;-390
2021-11-13T11:31:35.516;536844400071332132;-34;921;-390
2021-11-13T11:31:35.536;536844400091030797;-51;934;-388
2021-11-13T11:31:35.556;536844400110729462;-44;928;-374
2021-11-13T11:31:35.575;536844400130428127;-42;922;-359
2021-11-13T11:31:35.595;536844400150126792;-19;932;-356
2021-11-13T11:31:35.615;536844400169824001;-27;932;-371
2021-11-13T11:31:35.634;536844400189521210;-42;919;-381
2021-11-13T11:31:35.654;536844400209218419;-48;921;-387
2021-11-13T11:31:35.674;536844400228915628;-52;920;-387
2021-11-13T11:31:35.693;536844400248612837;-35;927;-382
2021-11-13T11:31:35.713;536844400268310046;-39;927;-377
2021-11-13T11:31:35.733;536844400288007255;-57;921;-369
2021-11-13T11:31:35.753;536844400307704464;-54;924;-374
2021-11-13T11:31:35.772;536844400327401673;-41;926;-379
2021-11-13T11:31:35.792;536844400347098882;-33;924;-384
2021-11-13T11:31:35.812;536844400366796091;-43;917;-389
2021-11-13T11:31:35.831;536844400386493300;-46;921;-382
2021-11-13T11:31:35.851;536844400406190509;-50;923;-376
2021-11-13T11:31:35.871;536844400425887718;-54;923;-383
2021-11-13T11:31:35.890;536844400445584927;-32;924;-377
2021-11-13T11:31:35.910;536844400465282136;-42;920;-383
2021-11-13T11:31:35.930;536844400484979345;-69;923;-388
2021-11-13T11:31:35.950;536844400504676554;-106;905;-371
2021-11-13T11:31:35.969;536844400524373763;-147;910;-360
2021-11-13T11:31:35.989;536844400544070972;-129;908;-378
2021-11-13T11:31:36.009;536844400563768181;-12;925;-363
2021-11-13T11:31:36.028;536844400583465390;14;907;-379
2021-11-13T11:31:36.048;536844400603162599;12;912;-386
2021-11-13T11:31:36.068;536844400622859808;16;920;-371
2021-11-13T11:31:36.087;536844400642557017;-21;914;-363
2021-11-13T11:31:36.107;536844400662254226;-5;886;-390
2021-11-13T11:31:36.127;536844400681951435;147;926;-367
2021-11-13T11:31:36.146;536844400701648644;219;950;-350
2021-11-13T11:31:36.166;536844400721345853;117;891;-385
2021-11-13T11:31:36.186;536844400741043062;-47;881;-433
2021-11-13T11:31:36.206;536844400760740271;-27;905;-415
2021-11-13T11:31:36.225;536844400780437480;-2;811;-412
2021-11-13T11:31:36.245;536844400800134689;191;863;-440
2021-11-13T11:31:36.265;536844400819831898;291;919;-526
2021-11-13T11:31:36.284;536844400839529107;147;862;-535
2021-11-13T11:31:36.304;536844400859226316;72;916;-352
2021-11-13T11:31:36.324;536844400878927925;-60;773;-472
2021-11-13T11:31:36.343;536844400898629502;105;839;-533
2021-11-13T11:31:36.363;536844400918331079;365;837;-560
2021-11-13T11:31:36.383;536844400938032656;248;874;-484
2021-11-13T11:31:36.403;536844400957734233;81;813;-518
2021-11-13T11:31:36.422;536844400977435810;-5;792;-462
2021-11-13T11:31:36.442;536844400997137387;295;821;-516
2021-11-13T11:31:36.462;536844401016838964;458;798;-581
2021-11-13T11:31:36.481;536844401036540541;367;828;-570
2021-11-13T11:31:36.501;536844401056242118;293;801;-510
2021-11-13T11:31:36.521;536844401075943695;9;835;-502
2021-11-13T11:31:36.540;536844401095645272;199;837;-523
2021-11-13T11:31:36.560;536844401115346849;349;781;-567
2021-11-13T11:31:36.580;536844401135048426;342;770;-566
2021-11-13T11:31:36.600;536844401154750003;63;782;-531
2021-11-13T11:31:36.619;536844401174451580;95;834;-567
2021-11-13T11:31:36.639;536844401194153157;251;770;-591
2021-11-13T11:31:36.659;536844401213854734;278;778;-586
2021-11-13T11:31:36.678;536844401233556311;335;766;-573
2021-11-13T11:31:36.698;536844401253257888;257;776;-559
2021-11-13T11:31:36.718;536844401272959465;277;772;-539
2021-11-13T11:31:36.738;536844401292661042;219;771;-548
2021-11-13T11:31:36.757;536844401312362619;258;770;-604
2021-11-13T11:31:36.777;536844401332064196;294;746;-576
2021-11-13T11:31:36.797;536844401351765773;361;778;-578
2021-11-13T11:31:36.816;536844401371467350;275;754;-588
2021-11-13T11:31:36.836;536844401391168927;296;763;-544
2021-11-13T11:31:36.856;536844401410870504;240;763;-595
2021-11-13T11:31:36.875;536844401430572081;332;753;-550
2021-11-13T11:31:36.895;536844401450273658;307;761;-591
2021-11-13T11:31:36.915;536844401469975235;352;755;-548
2021-11-13T11:31:36.935;536844401489676812;437;760;-531
2021-11-13T11:31:36.954;536844401509378389;353;753;-539
2021-11-13T11:31:36.974;536844401529079966;352;761;-548
2021-11-13T11:31:36.994;536844401548781543;285;754;-580
2021-11-13T11:31:37.013;536844401568483120;309;753;-576
2021-11-13T11:31:37.033;536844401588180360;317;751;-549
2021-11-13T11:31:37.053;536844401607877568;332;758;-575
2021-11-13T11:31:37.072;536844401627574776;310;741;-591
2021-11-13T11:31:37.092;536844401647271984;284;748;-608
2021-11-13T11:31:37.112;536844401666969192;289;742;-593
2021-11-13T11:31:37.132;536844401686666400;277;759;-575
2021-11-13T11:31:37.151;536844401706363608;345;762;-550
2021-11-13T11:31:37.171;536844401726060816;347;758;-544
2021-11-13T11:31:37.191;536844401745758024;341;750;-568
2021-11-13T11:31:37.210;536844401765455232;280;751;-579
2021-11-13T11:31:37.230;536844401785152440;269;751;-575
2021-11-13T11:31:37.250;536844401804849648;289;756;-578
2021-11-13T11:31:37.269;536844401824546856;304;744;-577
2021-11-13T11:31:37.289;536844401844244064;317;756;-557
2021-11-13T11:31:37.309;536844401863941272;338;757;-550
2021-11-13T11:31:37.328;536844401883638480;383;758;-553
2021-11-13T11:31:37.348;536844401903335688;363;753;-541
2021-11-13T11:31:37.368;536844401923032896;356;758;-557
2021-11-13T11:31:37.388;536844401942730104;395;752;-544
2021-11-13T11:31:37.407;536844401962427312;355;757;-553
2021-11-13T11:31:37.427;536844401982124520;344;763;-544
2021-11-13T11:31:37.447;536844402001821728;377;759;-522
2021-11-13T11:31:37.466;536844402021518936;369;759;-533
2021-11-13T11:31:37.486;536844402041216144;359;763;-537
2021-11-13T11:31:37.506;536844402060913352;321;763;-532
2021-11-13T11:31:37.525;536844402080610560;313;773;-516
2021-11-13T11:31:37.545;536844402100307768;279;764;-558
2021-11-13T11:31:37.565;536844402120004976;365;758;-526
2021-11-13T11:31:37.585;536844402139702184;312;771;-538
2021-11-13T11:31:37.604;536844402159399392;329;761;-552
2021-11-13T11:31:37.624;536844402179096600;357;765;-533
2021-11-13T11:31:37.644;536844402198793808;354;768;-522
2021-11-13T11:31:37.663;536844402218491016;377;771;-517
2021-11-13T11:31:37.683;536844402238188224;314;766;-536
2021-11-13T11:31:37.703;536844402257885432;355;773;-527
2021-11-13T11:31:37.722;536844402277582640;327;778;-515
2021-11-13T11:31:37.742;536844402297274039;338;773;-544
2021-11-13T11:31:37.762;536844402316965422;370;768;-537
2021-11-13T11:31:37.782;536844402336656805;290;794;-541
2021-11-13T11:31:37.801;536844402356348188;322;775;-552
2021-11-13T11:31:37.821;536844402376039571;267;786;-522
2021-11-13T11:31:37.841;536844402395730954;279;795;-529
2021-11-13T11:31:37.860;536844402415422337;345;778;-564
2021-11-13T11:31:37.880;536844402435113720;270;771;-545
2021-11-13T11:31:37.900;536844402454805103;258;800;-524
2021-11-13T11:31:37.919;536844402474496486;262;821;-507
2021-11-13T11:31:37.939;536844402494187869;273;802;-510
2021-11-13T11:31:37.959;536844402513879252;275;807;-501
2021-11-13T11:31:37.978;536844402533570635;269;833;-484
2021-11-13T11:31:37.998;536844402553262018;240;817;-491
2021-11-13T11:31:38.018;536844402572953401;185;838;-506
2021-11-13T11:31:38.037;536844402592644784;222;851;-500
2021-11-13T11:31:38.057;536844402612336167;205;840;-483
2021-11-13T11:31:38.077;536844402632027550;118;863;-480
2021-11-13T11:31:38.097;536844402651718933;116;862;-500
2021-11-13T11:31:38.116;536844402671410316;109;851;-506
2021-11-13T11:31:38.136;536844402691101699;113;857;-467
2021-11-13T11:31:38.156;536844402710793082;138;866;-460
2021-11-13T11:31:38.175;536844402730484465;90;878;-440
2021-11-13T11:31:38.195;536844402750175848;95;882;-448
2021-11-13T11:31:38.215;536844402769867231;81;893;-396
2021-11-13T11:31:38.234;536844402789558614;61;895;-381
2021-11-13T11:31:38.254;536844402809249997;-39;907;-375
2021-11-13T11:31:38.274;536844402828941380;-77;896;-341
2021-11-13T11:31:38.293;536844402848632763;-58;894;-379
2021-11-13T11:31:38.313;536844402868324146;-14;947;-316
2021-11-13T11:31:38.333;536844402888015529;-31;943;-301
2021-11-13T11:31:38.353;536844402907706912;-78;945;-293
2021-11-13T11:31:38.372;536844402927398295;-90;931;-315
2021-11-13T11:31:38.392;536844402947089678;-86;942;-323
2021-11-13T11:31:38.412;536844402966781061;-100;946;-315
2021-11-13T11:31:38.431;536844402986472444;-108;927;-329
2021-11-13T11:31:38.451;536844403006178391;-145;928;-325
2021-11-13T11:31:38.471;536844403025884338;-191;910;-327
2021-11-13T11:31:38.490;536844403045590285;-128;921;-322
2021-11-13T11:31:38.510;536844403065296232;-54;948;-344
2021-11-13T11:31:38.530;536844403085002179;-29;949;-324
2021-11-13T11:31:38.550;536844403104708126;-46;942;-315
2021-11-13T11:31:38.569;536844403124414073;-103;926;-326
2021-11-13T11:31:38.589;536844403144120020;-146;914;-335
2021-11-13T11:31:38.609;536844403163825967;-88;931;-321
2021-11-13T11:31:38.628;536844403183531914;-73;936;-319
2021-11-13T11:31:38.648;536844403203237861;-56;936;-329
2021-11-13T11:31:38.668;536844403222943808;-37;940;-337
2021-11-13T11:31:38.687;536844403242649755;-30;945;-338
2021-11-13T11:31:38.707;536844403262355702;-28;941;-339
2021-11-13T11:31:38.727;536844403282061649;-35;943;-339
2021-11-13T11:31:38.747;536844403301767596;-47;940;-334
2021-11-13T11:31:38.766;536844403321473543;-59;932;-350
2021-11-13T11:31:38.786;536844403341179490;-63;935;-344
2021-11-13T11:31:38.806;536844403360885437;-58;936;-340
2021-11-13T11:31:38.825;536844403380591384;-63;936;-333
2021-11-13T11:31:38.845;536844403400297331;-62;937;-337
2021-11-13T11:31:38.865;536844403420003278;-73;927;-339
2021-11-13T11:31:38.885;536844403439709225;-85;924;-349
2021-11-13T11:31:38.904;536844403459415172;-61;932;-354
2021-11-13T11:31:38.924;536844403479121119;-46;935;-350
2021-11-13T11:31:38.944;536844403498827066;-47;931;-350
2021-11-13T11:31:38.963;536844403518533013;-78;921;-354
2021-11-13T11:31:38.983;536844403538238960;-85;916;-356
2021-11-13T11:31:39.003;536844403557944907;-82;930;-363
2021-11-13T11:31:39.022;536844403577650854;-52;929;-365
2021-11-13T11:31:39.042;536844403597356801;-73;931;-361
2021-11-13T11:31:39.062;536844403617062748;-111;920;-356
2021-11-13T11:31:39.082;536844403636768695;-130;911;-351
2021-11-13T11:31:39.101;536844403656474642;-129;923;-355
2021-11-13T11:31:39.121;536844403676180589;-78;900;-389
2021-11-13T11:31:39.141;536844403695886536;62;939;-373
2021-11-13T11:31:39.160;536844403715577939;36;923;-352
2021-11-13T11:31:39.180;536844403735269322;39;867;-384
2021-11-13T11:31:39.200;536844403754960705;172;914;-358
2021-11-13T11:31:39.220;536844403774652088;246;932;-353
2021-11-13T11:31:39.239;536844403794343471;125;943;-400
2021-11-13T11:31:39.259;536844403814034854;1;906;-415
2021-11-13T11:31:39.279;536844403833726237;23;876;-405
2021-11-13T11:31:39.298;536844403853417620;55;866;-393
2021-11-13T11:31:39.318;536844403873109003;192;868;-433
2021-11-13T11:31:39.338;536844403892800386;168;895;-483
2021-11-13T11:31:39.357;536844403912491769;-35;820;-497
2021-11-13T11:31:39.377;536844403932183152;67;888;-468
2021-11-13T11:31:39.397;536844403951874535;20;793;-524
2021-11-13T11:31:39.416;536844403971565918;202;816;-504
2021-11-13T11:31:39.436;536844403991257301;395;881;-515
2021-11-13T11:31:39.456;536844404010948684;247;869;-516
2021-11-13T11:31:39.475;536844404030640067;112;817;-526
2021-11-13T11:31:39.495;536844404050331450;-51;761;-530
2021-11-13T11:31:39.515;536844404070022833;147;814;-551
2021-11-13T11:31:39.535;536844404089714216;338;806;-562
2021-11-13T11:31:39.554;536844404109405599;240;827;-487
2021-11-13T11:31:39.574;536844404129096982;356;843;-533
2021-11-13T11:31:39.594;536844404148788365;236;778;-499
2021-11-13T11:31:39.613;536844404168479748;164;807;-555
2021-11-13T11:31:39.633;536844404188171131;339;770;-594
2021-11-13T11:31:39.653;536844404207862514;242;789;-589
2021-11-13T11:31:39.672;536844404227553897;276;787;-598
2021-11-13T11:31:39.692;536844404247245280;136;768;-550
2021-11-13T11:31:39.712;536844404266936663;211;777;-567
2021-11-13T11:31:39.731;536844404286628046;292;806;-500
2021-11-13T11:31:39.751;536844404306319429;345;795;-513
2021-11-13T11:31:39.771;536844404326010812;348;766;-523
2021-11-13T11:31:39.791;536844404345702195;273;770;-584
2021-11-13T11:31:39.810;536844404365393578;310;776;-517
2021-11-13T11:31:39.830;536844404385084961;308;792;-495
2021-11-13T11:31:39.850;536844404404776344;358;778;-528
2021-11-13T11:31:39.869;536844404424475013;297;772;-543
2021-11-13T11:31:39.889;536844404444173678;353;761;-540
2021-11-13T11:31:39.909;536844404463872343;324;781;-526
2021-11-13T11:31:39.928;536844404483571008;365;764;-545
2021-11-13T11:31:39.948;536844404503269673;351;752;-573
2021-11-13T11:31:39.968;536844404522968338;287;757;-612
2021-11-13T11:31:39.988;536844404542667003;292;752;-581
2021-11-13T11:31:40.007;536844404562365668;362;771;-530
2021-11-13T11:31:40.027;536844404582064333;374;757;-541
2021-11-13T11:31:40.047;536844404601762998;296;755;-542
2021-11-13T11:31:40.066;536844404621461663;304;759;-562
2021-11-13T11:31:40.086;536844404641160328;302;766;-570
2021-11-13T11:31:40.106;536844404660858993;354;760;-555
2021-11-13T11:31:40.125;536844404680557658;429;757;-500
2021-11-13T11:31:40.145;536844404700256323;350;764;-514
2021-11-13T11:31:40.165;536844404719954988;340;760;-518
2021-11-13T11:31:40.185;536844404739653653;333;763;-515
2021-11-13T11:31:40.204;536844404759352318;367;778;-524
2021-11-13T11:31:40.224;536844404779050983;369;754;-540
2021-11-13T11:31:40.244;536844404798749648;403;749;-538
2021-11-13T11:31:40.263;536844404818448313;364;760;-543
2021-11-13T11:31:40.283;536844404838146978;348;755;-574
2021-11-13T11:31:40.303;536844404857845643;348;757;-523
2021-11-13T11:31:40.322;536844404877544308;336;767;-506
2021-11-13T11:31:40.342;536844404897242973;354;769;-525
2021-11-13T11:31:40.362;536844404916941638;360;763;-538
2021-11-13T11:31:40.381;536844404936640303;379;756;-547
2021-11-13T11:31:40.401;536844404956338968;384;763;-520
2021-11-13T11:31:40.421;536844404976037633;384;757;-523
2021-11-13T11:31:40.441;536844404995736298;358;772;-539
2021-11-13T11:31:40.460;536844405015434963;372;780;-501
2021-11-13T11:31:40.480;536844405035133628;375;770;-512
2021-11-13T11:31:40.500;536844405054832293;389;773;-503
2021-11-13T11:31:40.519;536844405074530958;378;766;-511
2021-11-13T11:31:40.539;536844405094229623;380;772;-508
2021-11-13T11:31:40.559;536844405113928288;324;772;-514
2021-11-13T11:31:40.578;536844405133624064;301;784;-500
2021-11-13T11:31:40.598;536844405153319816;290;781;-533
2021-11-13T11:31:40.618;536844405173015568;273;785;-527
2021-11-13T11:31:40.638;536844405192711320;287;792;-526
2021-11-13T11:31:40.657;536844405212407072;347;767;-515
2021-11-13T11:31:40.677;536844405232102824;304;786;-490
2021-11-13T11:31:40.697;536844405251798576;337;808;-469
2021-11-13T11:31:40.716;536844405271494328;303;809;-495
2021-11-13T11:31:40.736;536844405291190080;290;791;-514
2021-11-13T11:31:40.756;536844405310885832;312;798;-500
2021-11-13T11:31:40.775;536844405330581584;291;800;-498
2021-11-13T11:31:40.795;536844405350277336;252;798;-511
2021-11-13T11:31:40.815;536844405369973088;255;808;-499
2021-11-13T11:31:40.835;536844405389668840;223;828;-491
2021-11-13T11:31:40.854;536844405409364592;247;835;-491
2021-11-13T11:31:40.874;536844405429060344;484;795;-533
2021-11-13T11:31:40.894;536844405448756096;410;759;-508
2021-11-13T11:31:40.913;536844405468451848;321;814;-500
2021-11-13T11:31:40.933;536844405488147600;203;842;-494
2021-11-13T11:31:40.953;536844405507843352;189;853;-463
2021-11-13T11:31:40.972;536844405527539104;211;864;-474
2021-11-13T11:31:40.992;536844405547234856;216;823;-511
2021-11-13T11:31:41.012;536844405566930608;437;794;-513
2021-11-13T11:31:41.031;536844405586626360;313;820;-525
2021-11-13T11:31:41.051;536844405606322112;172;838;-489
2021-11-13T11:31:41.071;536844405626017864;212;872;-428
2021-11-13T11:31:41.091;536844405645713616;126;879;-403
2021-11-13T11:31:41.110;536844405665409368;229;865;-460
2021-11-13T11:31:41.130;536844405685105120;406;817;-498
2021-11-13T11:31:41.150;536844405704800872;126;859;-485
2021-11-13T11:31:41.169;536844405724496624;67;874;-479
2021-11-13T11:31:41.189;536844405744192376;200;867;-464
2021-11-13T11:31:41.209;536844405763888128;173;882;-415
2021-11-13T11:31:41.228;536844405783583880;229;890;-417
2021-11-13T11:31:41.248;536844405803279632;150;886;-410
2021-11-13T11:31:41.268;536844405822975384;104;894;-410
2021-11-13T11:31:41.288;536844405842669680;46;857;-452
2021-11-13T11:31:41.307;536844405862363976;106;909;-439
2021-11-13T11:31:41.327;536844405882058272;227;914;-398
2021-11-13T11:31:41.347;536844405901752568;81;911;-348
2021-11-13T11:31:41.366;536844405921446864;-50;920;-286
2021-11-13T11:31:41.386;536844405941141160;-96;894;-301
2021-11-13T11:31:41.406;536844405960835456;-10;903;-324
2021-11-13T11:31:41.425;536844405980529752;25;977;-227
2021-11-13T11:31:41.445;536844406000224048;16;943;-240
2021-11-13T11:31:41.465;536844406019918344;-12;966;-264
2021-11-13T11:31:41.484;536844406039612640;-30;961;-265
2021-11-13T11:31:41.504;536844406059306936;-94;944;-287
2021-11-13T11:31:41.524;536844406079001232;-41;947;-294
2021-11-13T11:31:41.544;536844406098695528;-19;955;-276
2021-11-13T11:31:41.563;536844406118389824;-81;929;-335
2021-11-13T11:31:41.583;536844406138084120;-85;945;-298
2021-11-13T11:31:41.603;536844406157778416;-28;966;-263
2021-11-13T11:31:41.622;536844406177472712;-21;971;-246
2021-11-13T11:31:41.642;536844406197167008;-91;942;-261
2021-11-13T11:31:41.662;536844406216861304;-160;915;-297
2021-11-13T11:31:41.681;536844406236555600;-145;916;-323
2021-11-13T11:31:41.701;536844406256249896;-105;923;-336
2021-11-13T11:31:41.721;536844406275944192;-51;944;-334
2021-11-13T11:31:41.740;536844406295638488;-73;937;-338
2021-11-13T11:31:41.760;536844406315332784;-66;940;-341
2021-11-13T11:31:41.780;536844406335027080;-50;948;-328
2021-11-13T11:31:41.800;536844406354721376;-55;941;-333
2021-11-13T11:31:41.819;536844406374415672;-55;935;-332
2021-11-13T11:31:41.839;536844406394109968;-94;923;-339
2021-11-13T11:31:41.859;536844406413804264;-82;926;-349
2021-11-13T11:31:41.878;536844406433498560;-63;933;-348
2021-11-13T11:31:41.898;536844406453192856;-55;934;-363
2021-11-13T11:31:41.918;536844406472887152;-42;940;-348
2021-11-13T11:31:41.937;536844406492581448;-42;943;-343
2021-11-13T11:31:41.957;536844406512275744;-52;934;-349
2021-11-13T11:31:41.977;536844406531970040;-58;930;-351
2021-11-13T11:31:41.997;536844406551664348;-63;929;-362
2021-11-13T11:31:42.016;536844406571358644;-54;930;-358
2021-11-13T11:31:42.036;536844406591052940;-43;930;-354
2021-11-13T11:31:42.056;536844406610747236;-25;933;-354
2021-11-13T11:31:42.075;536844406630441532;-15;927;-356
2021-11-13T11:31:42.095;536844406650135828;-17;931;-361
2021-11-13T11:31:42.115;536844406669830124;-35;928;-362
2021-11-13T11:31:42.134;536844406689524420;-26;929;-362
2021-11-13T11:31:42.154;536844406709218716;-12;936;-360
2021-11-13T11:31:42.174;536844406728913012;-18;926;-364
2021-11-13T11:31:42.193;536844406748607308;-24;930;-365
2021-11-13T11:31:42.213;536844406768301604;-41;930;-351
2021-11-13T11:31:42.233;536844406787995900;-56;938;-351
2021-11-13T11:31:42.253;536844406807690196;-70;931;-362
2021-11-13T11:31:42.272;536844406827384492;-68;929;-360
2021-11-13T11:31:42.292;536844406847078788;-60;919;-378
2021-11-13T11:31:42.312;536844406866773084;8;907;-369
2021-11-13T11:31:42.331;536844406886467380;23;906;-341
2021-11-13T11:31:42.351;536844406906161676;30;907;-372
2021-11-13T11:31:42.371;536844406925855972;33;903;-367
2021-11-13T11:31:42.390;536844406945550268;60;874;-358
2021-11-13T11:31:42.410;536844406965244564;193;911;-381
2021-11-13T11:31:42.430;536844406984938860;82;908;-398
2021-11-13T11:31:42.449;536844407004633156;130;935;-396
2021-11-13T11:31:42.469;536844407024327452;-11;837;-415
2021-11-13T11:31:42.489;536844407044021748;79;836;-490
2021-11-13T11:31:42.509;536844407063716044;139;898;-481
2021-11-13T11:31:42.528;536844407083410340;221;870;-514
2021-11-13T11:31:42.548;536844407103104636;68;837;-484
2021-11-13T11:31:42.568;536844407122798932;36;823;-487
2021-11-13T11:31:42.587;536844407142493228;229;854;-497
2021-11-13T11:31:42.607;536844407162187524;275;870;-468
2021-11-13T11:31:42.627;536844407181881820;337;878;-527
2021-11-13T11:31:42.646;536844407201576116;187;843;-478
2021-11-13T11:31:42.666;536844407221270412;-73;809;-537
2021-11-13T11:31:42.686;536844407240964708;28;791;-532
2021-11-13T11:31:42.706;536844407260659012;159;799;-559
2021-11-13T11:31:42.725;536844407280353308;299;826;-579
2021-11-13T11:31:42.745;536844407300047604;178;804;-550
2021-11-13T11:31:42.765;536844407319741900;98;797;-578
2021-11-13T11:31:42.784;536844407339436196;109;767;-563
2021-11-13T11:31:42.804;536844407359130492;269;835;-520
2021-11-13T11:31:42.824;536844407378824788;334;796;-534
2021-11-13T11:31:42.843;536844407398519084;290;787;-543
2021-11-13T11:31:42.863;536844407418213380;288;789;-562
2021-11-13T11:31:42.883;536844407437907676;168;775;-520
2021-11-13T11:31:42.902;536844407457601972;241;789;-540
2021-11-13T11:31:42.922;536844407477296268;318;788;-509
2021-11-13T11:31:42.942;536844407496990564;303;779;-554
2021-11-13T11:31:42.962;536844407516684860;310;767;-534
2021-11-13T11:31:42.981;536844407536379156;264;765;-599
2021-11-13T11:31:43.001;536844407556073452;335;759;-561
2021-11-13T11:31:43.021;536844407575767748;343;768;-534
2021-11-13T11:31:43.040;536844407595462044;301;765;-588
2021-11-13T11:31:43.060;536844407615156340;339;760;-548
2021-11-13T11:31:43.080;536844407634850636;309;760;-561
2021-11-13T11:31:43.099;536844407654544932;339;746;-593
2021-11-13T11:31:43.119;536844407674239228;326;755;-553
2021-11-13T11:31:43.139;536844407693933524;344;768;-560
2021-11-13T11:31:43.158;536844407713627820;371;746;-538
2021-11-13T11:31:43.178;536844407733322116;302;758;-595
2021-11-13T11:31:43.198;536844407753016412;374;750;-555
2021-11-13T11:31:43.218;536844407772710708;349;748;-594
2021-11-13T11:31:43.237;536844407792405004;312;751;-572
2021-11-13T11:31:43.257;536844407812099300;383;764;-522
2021-11-13T11:31:43.277;536844407831793596;332;755;-536
2021-11-13T11:31:43.296;536844407851487892;310;757;-547
2021-11-13T11:31:43.316;536844407871182188;415;746;-518
2021-11-13T11:31:43.336;536844407890876484;317;758;-546
2021-11-13T11:31:43.355;536844407910570780;340;765;-549
2021-11-13T11:31:43.375;536844407930265076;356;762;-544
2021-11-13T11:31:43.395;536844407949959372;406;747;-532
2021-11-13T11:31:43.415;536844407969659509;407;764;-490
2021-11-13T11:31:43.434;536844407989359630;378;776;-491
2021-11-13T11:31:43.454;536844408009059751;376;763;-512
2021-11-13T11:31:43.474;536844408028759872;374;763;-511
2021-11-13T11:31:43.493;536844408048459993;380;760;-527
2021-11-13T11:31:43.513;536844408068160114;387;755;-531
2021-11-13T11:31:43.533;536844408087860235;385;753;-513
2021-11-13T11:31:43.552;536844408107560356;385;761;-515
2021-11-13T11:31:43.572;536844408127260477;366;760;-545
2021-11-13T11:31:43.592;536844408146960598;385;750;-532
2021-11-13T11:31:43.612;536844408166660719;376;754;-530
2021-11-13T11:31:43.631;536844408186360840;381;755;-552
2021-11-13T11:31:43.651;536844408206060961;389;752;-529
2021-11-13T11:31:43.671;536844408225761082;382;760;-528
2021-11-13T11:31:43.690;536844408245461203;395;750;-536
2021-11-13T11:31:43.710;536844408265161324;406;752;-529
2021-11-13T11:31:43.730;536844408284861445;388;750;-534
2021-11-13T11:31:43.749;536844408304561566;378;769;-522
2021-11-13T11:31:43.769;536844408324261687;404;754;-544
2021-11-13T11:31:43.789;536844408343961808;367;758;-520
2021-11-13T11:31:43.809;536844408363661929;337;761;-522
2021-11-13T11:31:43.828;536844408383362050;311;768;-531
2021-11-13T11:31:43.848;536844408403062171;345;760;-516
2021-11-13T11:31:43.868;536844408422762292;349;763;-517
2021-11-13T11:31:43.887;536844408442462413;379;760;-504
2021-11-13T11:31:43.907;536844408462162534;384;770;-489
2021-11-13T11:31:43.927;536844408481862655;390;774;-495
2021-11-13T11:31:43.946;536844408501562776;385;777;-507
2021-11-13T11:31:43.966;536844408521262897;401;768;-501
2021-11-13T11:31:43.986;536844408540963018;364;773;-507
2021-11-13T11:31:44.006;536844408560663139;368;763;-515
2021-11-13T11:31:44.025;536844408580363260;375;767;-524
2021-11-13T11:31:44.045;536844408600063381;361;773;-532
2021-11-13T11:31:44.065;536844408619763502;395;772;-521
2021-11-13T11:31:44.084;536844408639463623;397;781;-507
2021-11-13T11:31:44.104;536844408659163744;358;747;-526
2021-11-13T11:31:44.124;536844408678855147;395;778;-497
2021-11-13T11:31:44.143;536844408698546530;397;786;-528
2021-11-13T11:31:44.163;536844408718237913;383;769;-511
2021-11-13T11:31:44.183;536844408737929296;343;786;-512
2021-11-13T11:31:44.202;536844408757620679;291;785;-515
2021-11-13T11:31:44.222;536844408777312062;268;767;-587
2021-11-13T11:31:44.242;536844408797003445;279;762;-580
2021-11-13T11:31:44.262;536844408816694828;253;791;-571
2021-11-13T11:31:44.281;536844408836386211;253;795;-519
2021-11-13T11:31:44.301;536844408856077594;243;795;-536
2021-11-13T11:31:44.321;536844408875768977;224;792;-533
2021-11-13T11:31:44.340;536844408895460360;239;792;-522
2021-11-13T11:31:44.360;536844408915151743;199;805;-537
2021-11-13T11:31:44.380;536844408934843126;223;821;-526
2021-11-13T11:31:44.399;536844408954534509;238;811;-523
2021-11-13T11:31:44.419;536844408974225892;231;829;-511
2021-11-13T11:31:44.439;536844408993917275;179;840;-493
2021-11-13T11:31:44.458;536844409013608658;118;843;-472
2021-11-13T11:31:44.478;536844409033300041;163;831;-493
2021-11-13T11:31:44.498;536844409052991424;193;857;-507
2021-11-13T11:31:44.518;536844409072682807;199;860;-512
2021-11-13T11:31:44.537;536844409092374190;110;864;-480
2021-11-13T11:31:44.557;536844409112065573;86;851;-489
2021-11-13T11:31:44.577;536844409131756956;61;854;-467
2021-11-13T11:31:44.596;536844409151448339;175;879;-480
2021-11-13T11:31:44.616;536844409171139722;127;906;-451
2021-11-13T11:31:44.636;536844409190831105;14;860;-443
2021-11-13T11:31:44.655;536844409210522488;78;890;-415
2021-11-13T11:31:44.675;536844409230213871;94;913;-356
2021-11-13T11:31:44.695;536844409249905254;-19;911;-310
2021-11-13T11:31:44.714;536844409269596637;-81;906;-255
2021-11-13T11:31:44.734;536844409289288020;-237;913;-269
2021-11-13T11:31:44.754;536844409308979403;-383;890;-266
2021-11-13T11:31:44.774;536844409328670786;-360;886;-369
2021-11-13T11:31:44.793;536844409348362169;-224;906;-417
2021-11-13T11:31:44.813;536844409368053552;-91;905;-438
2021-11-13T11:31:44.833;536844409387752225;-44;911;-431
2021-11-13T11:31:44.852;536844409407450890;-42;932;-396
2021-11-13T11:31:44.872;536844409427149555;-31;923;-384
2021-11-13T11:31:44.892;536844409446848220;20;902;-359
2021-11-13T11:31:44.911;536844409466546885;48;923;-362
2021-11-13T11:31:44.931;536844409486245550;2;929;-381
2021-11-13T11:31:44.951;536844409505944215;-28;926;-382
2021-11-13T11:31:44.970;536844409525642880;-42;917;-382
2021-11-13T11:31:44.990;536844409545341545;-38;923;-376
2021-11-13T11:31:45.010;536844409565040210;-71;918;-380
2021-11-13T11:31:45.030;536844409584738875;-62;920;-365
2021-11-13T11:31:45.049;536844409604437540;-45;938;-373
2021-11-13T11:31:45.069;536844409624136205;-23;926;-386
2021-11-13T11:31:45.089;536844409643834870;-7;921;-390
2021-11-13T11:31:45.108;536844409663533535;-24;917;-387
2021-11-13T11:31:45.128;536844409683232200;-34;924;-373
2021-11-13T11:31:45.148;536844409702930865;-39;924;-368
2021-11-13T11:31:45.167;536844409722629530;-25;926;-371
2021-11-13T11:31:45.187;536844409742328195;-31;924;-378
2021-11-13T11:31:45.207;536844409762026860;-30;921;-380
2021-11-13T11:31:45.227;536844409781725525;-36;925;-386
2021-11-13T11:31:45.246;536844409801424190;-38;926;-387
2021-11-13T11:31:45.266;536844409821122855;-33;925;-384
2021-11-13T11:31:45.286;536844409840821520;-42;921;-379
2021-11-13T11:31:45.305;536844409860520185;-42;921;-375
2021-11-13T11:31:45.325;536844409880218850;-28;925;-374
2021-11-13T11:31:45.345;536844409899917515;-16;928;-370
2021-11-13T11:31:45.364;536844409919616180;-19;926;-372
2021-11-13T11:31:45.384;536844409939314845;-30;933;-385
2021-11-13T11:31:45.404;536844409959013510;-31;918;-388
2021-11-13T11:31:45.424;536844409978712175;-3;926;-368
2021-11-13T11:31:45.443;536844409998410840;-9;929;-367
2021-11-13T11:31:45.463;536844410018109505;-12;923;-364
2021-11-13T11:31:45.483;536844410037808170;-47;925;-359
2021-11-13T11:31:45.502;536844410057506835;-82;915;-370
2021-11-13T11:31:45.522;536844410077205500;-74;915;-365
2021-11-13T11:31:45.542;536844410096902709;-106;915;-364
2021-11-13T11:31:45.561;536844410116599918;-100;939;-354
2021-11-13T11:31:45.581;536844410136297127;-91;936;-355
2021-11-13T11:31:45.601;536844410155994336;-42;931;-354
2021-11-13T11:31:45.621;536844410175691545;-3;934;-323
2021-11-13T11:31:45.640;536844410195388754;-50;914;-334
2021-11-13T11:31:45.660;536844410215085963;12;918;-334
2021-11-13T11:31:45.680;536844410234783172;-9;873;-377
2021-11-13T11:31:45.699;536844410254480381;149;885;-412
2021-11-13T11:31:45.719;536844410274177590;181;903;-404
2021-11-13T11:31:45.739;536844410293874799;44;896;-463
2021-11-13T11:31:45.758;536844410313572008;21;935;-356
2021-11-13T11:31:45.778;536844410333269217;-169;751;-314
2021-11-13T11:31:45.798;536844410352966426;157;880;-432
2021-11-13T11:31:45.818;536844410372663635;485;896;-485
2021-11-13T11:31:45.837;536844410392360844;245;800;-600
2021-11-13T11:31:45.857;536844410412058053;219;872;-568
2021-11-13T11:31:45.877;536844410431755262;121;817;-470
2021-11-13T11:31:45.896;536844410451452471;150;836;-475
2021-11-13T11:31:45.916;536844410471149680;274;863;-395
2021-11-13T11:31:45.936;536844410490846889;283;810;-553
2021-11-13T11:31:45.955;536844410510544098;367;844;-592
2021-11-13T11:31:45.975;536844410530241307;207;706;-488
2021-11-13T11:31:45.995;536844410549938516;221;855;-517
2021-11-13T11:31:46.014;536844410569635725;295;778;-478
2021-11-13T11:31:46.034;536844410589332934;269;805;-559
2021-11-13T11:31:46.054;536844410609030143;382;773;-611
2021-11-13T11:31:46.074;536844410628727352;187;754;-592
2021-11-13T11:31:46.093;536844410648424561;229;774;-612
2021-11-13T11:31:46.113;536844410668121770;282;733;-564
2021-11-13T11:31:46.133;536844410687818979;328;752;-637
2021-11-13T11:31:46.152;536844410707516188;290;733;-686
2021-11-13T11:31:46.172;536844410727213397;362;743;-559
2021-11-13T11:31:46.192;536844410746910606;311;750;-583
2021-11-13T11:31:46.211;536844410766607815;332;758;-558
2021-11-13T11:31:46.231;536844410786305024;346;747;-551
2021-11-13T11:31:46.251;536844410805997891;363;738;-609
2021-11-13T11:31:46.271;536844410825690730;267;709;-695
2021-11-13T11:31:46.290;536844410845383569;326;764;-533
2021-11-13T11:31:46.310;536844410865076408;403;762;-510
2021-11-13T11:31:46.330;536844410884769247;385;744;-537
2021-11-13T11:31:46.349;536844410904462086;405;759;-548
2021-11-13T11:31:46.369;536844410924154925;381;716;-544
2021-11-13T11:31:46.389;536844410943847764;296;732;-682
2021-11-13T11:31:46.408;536844410963540603;366;749;-551
2021-11-13T11:31:46.428;536844410983233442;379;740;-523
2021-11-13T11:31:46.448;536844411002926281;374;735;-563
2021-11-13T11:31:46.467;536844411022619120;341;732;-566
2021-11-13T11:31:46.487;536844411042311959;441;746;-566
2021-11-13T11:31:46.507;536844411062004798;457;723;-576
2021-11-13T11:31:46.527;536844411081697637;348;749;-578
2021-11-13T11:31:46.546;536844411101390476;406;749;-520
2021-11-13T11:31:46.566;536844411121083315;373;766;-490
2021-11-13T11:31:46.586;536844411140776154;346;762;-526
2021-11-13T11:31:46.605;536844411160468993;378;744;-552
2021-11-13T11:31:46.625;536844411180161832;402;729;-543
2021-11-13T11:31:46.645;536844411199854671;322;754;-554
2021-11-13T11:31:46.664;536844411219547510;375;752;-555
2021-11-13T11:31:46.684;536844411239240349;362;755;-530
2021-11-13T11:31:46.704;536844411258933188;371;747;-551
2021-11-13T11:31:46.723;536844411278626027;374;742;-561
2021-11-13T11:31:46.743;536844411298318866;372;750;-571
2021-11-13T11:31:46.763;536844411318011705;359;749;-579
2021-11-13T11:31:46.783;536844411337704544;362;745;-559
2021-11-13T11:31:46.802;536844411357397383;377;744;-556
2021-11-13T11:31:46.822;536844411377090222;383;745;-558
2021-11-13T11:31:46.842;536844411396783061;376;754;-543
2021-11-13T11:31:46.861;536844411416475900;397;751;-521
2021-11-13T11:31:46.881;536844411436168739;406;755;-505
2021-11-13T11:31:46.901;536844411455861578;386;754;-522
2021-11-13T11:31:46.920;536844411475554417;384;756;-539
2021-11-13T11:31:46.940;536844411495247256;381;755;-541
2021-11-13T11:31:46.960;536844411514934286;358;751;-535
2021-11-13T11:31:46.979;536844411534621300;343;754;-551
2021-11-13T11:31:46.999;536844411554308314;390;751;-534
2021-11-13T11:31:47.019;536844411573995328;382;752;-526
2021-11-13T11:31:47.039;536844411593682342;350;750;-557
2021-11-13T11:31:47.058;536844411613369356;354;761;-538
2021-11-13T11:31:47.078;536844411633056370;403;757;-508
2021-11-13T11:31:47.098;536844411652743384;430;773;-482
2021-11-13T11:31:47.117;536844411672430398;412;766;-496
2021-11-13T11:31:47.137;536844411692117412;385;781;-495
2021-11-13T11:31:47.157;536844411711804426;412;766;-494
2021-11-13T11:31:47.176;536844411731491440;382;773;-495
2021-11-13T11:31:47.196;536844411751178454;401;756;-509
2021-11-13T11:31:47.216;536844411770865468;372;762;-514
2021-11-13T11:31:47.235;536844411790552482;375;763;-533
2021-11-13T11:31:47.255;536844411810239496;375;764;-527
2021-11-13T11:31:47.275;536844411829926510;378;788;-524
2021-11-13T11:31:47.294;536844411849613524;306;761;-575
2021-11-13T11:31:47.314;536844411869300538;320;747;-573
2021-11-13T11:31:47.334;536844411888987552;376;788;-476
2021-11-13T11:31:47.354;536844411908674566;393;788;-472
2021-11-13T11:31:47.373;536844411928361580;373;779;-493
2021-11-13T11:31:47.393;536844411948048594;307;794;-511
2021-11-13T11:31:47.413;536844411967735608;363;785;-519
2021-11-13T11:31:47.432;536844411987422622;369;785;-497
2021-11-13T11:31:47.452;536844412007109636;338;785;-518
2021-11-13T11:31:47.472;536844412026796650;362;786;-536
2021-11-13T11:31:47.491;536844412046483664;305;798;-512
2021-11-13T11:31:47.511;536844412066170678;299;798;-518
2021-11-13T11:31:47.531;536844412085857692;267;799;-494
2021-11-13T11:31:47.550;536844412105544706;239;803;-505
2021-11-13T11:31:47.570;536844412125231720;263;817;-491
2021-11-13T11:31:47.590;536844412144918734;305;840;-495
2021-11-13T11:31:47.609;536844412164605748;268;842;-480
2021-11-13T11:31:47.629;536844412184292762;237;858;-464
2021-11-13T11:31:47.649;536844412203979776;224;859;-463
2021-11-13T11:31:47.669;536844412223675544;186;854;-446
2021-11-13T11:31:47.688;536844412243371296;232;851;-510
2021-11-13T11:31:47.708;536844412263067048;242;842;-504
2021-11-13T11:31:47.728;536844412282762800;154;848;-485
2021-11-13T11:31:47.747;536844412302458552;156;857;-475
2021-11-13T11:31:47.767;536844412322154304;160;870;-477
2021-11-13T11:31:47.787;536844412341850056;116;869;-470
2021-11-13T11:31:47.806;536844412361545808;79;878;-459
2021-11-13T11:31:47.826;536844412381241560;44;868;-459
2021-11-13T11:31:47.846;536844412400937312;53;877;-450
2021-11-13T11:31:47.865;536844412420633064;26;879;-442
2021-11-13T11:31:47.885;536844412440328816;13;877;-415
2021-11-13T11:31:47.905;536844412460024568;-5;901;-370
2021-11-13T11:31:47.925;536844412479720320;3;928;-288
2021-11-13T11:31:47.944;536844412499416072;-74;927;-313
2021-11-13T11:31:47.964;536844412519111824;-121;896;-371
2021-11-13T11:31:47.984;536844412538807576;-122;901;-383
2021-11-13T11:31:48.003;536844412558503328;-93;927;-379
2021-11-13T11:31:48.023;536844412578199080;-165;919;-380
2021-11-13T11:31:48.043;536844412597894832;-162;915;-360
2021-11-13T11:31:48.062;536844412617590584;-179;908;-343
2021-11-13T11:31:48.082;536844412637286336;-167;923;-328
2021-11-13T11:31:48.102;536844412656982088;-120;930;-353
2021-11-13T11:31:48.122;536844412676677840;-106;911;-383
2021-11-13T11:31:48.141;536844412696373592;-42;916;-378
2021-11-13T11:31:48.161;536844412716069344;-36;924;-357
2021-11-13T11:31:48.181;536844412735765096;-73;913;-353
2021-11-13T11:31:48.200;536844412755460848;-23;944;-354
2021-11-13T11:31:48.220;536844412775156600;22;945;-352
2021-11-13T11:31:48.240;536844412794852352;4;921;-367
2021-11-13T11:31:48.259;536844412814548104;-58;920;-372
2021-11-13T11:31:48.279;536844412834243856;-69;920;-340
2021-11-13T11:31:48.299;536844412853939608;-60;936;-350
2021-11-13T11:31:48.318;536844412873635360;-51;933;-374
2021-11-13T11:31:48.338;536844412893331112;-57;916;-386
2021-11-13T11:31:48.358;536844412913026864;-67;918;-375
2021-11-13T11:31:48.378;536844412932725533;-59;929;-336
2021-11-13T11:31:48.397;536844412952424198;-40;941;-329
2021-11-13T11:31:48.417;536844412972122863;-28;933;-358
2021-11-13T11:31:48.437;536844412991821528;-30;925;-367
2021-11-13T11:31:48.456;536844413011520193;-36;930;-375
2021-11-13T11:31:48.476;536844413031218858;-49;923;-375
2021-11-13T11:31:48.496;536844413050917523;-56;927;-367
2021-11-13T11:31:48.515;536844413070616188;-50;935;-355
2021-11-13T11:31:48.535;536844413090314853;-44;935;-364
2021-11-13T11:31:48.555;536844413110013518;-30;927;-376
2021-11-13T11:31:48.575;536844413129712183;-55;923;-382
2021-11-13T11:31:48.594;536844413149410848;-74;925;-349
2021-11-13T11:31:48.614;536844413169109513;-94;939;-345
2021-11-13T11:31:48.634;536844413188808178;-93;933;-360
2021-11-13T11:31:48.653;536844413208506843;-42;925;-358
2021-11-13T11:31:48.673;536844413228205508;13;924;-368
2021-11-13T11:31:48.693;536844413247904173;45;899;-371
2021-11-13T11:31:48.712;536844413267602838;57;904;-352
2021-11-13T11:31:48.732;536844413287301503;107;906;-317
2021-11-13T11:31:48.752;536844413307000168;98;914;-302
2021-11-13T11:31:48.772;536844413326698833;16;906;-379
2021-11-13T11:31:48.791;536844413346397498;30;884;-437
2021-11-13T11:31:48.811;536844413366096163;187;929;-410
2021-11-13T11:31:48.831;536844413385794828;133;948;-351
2021-11-13T11:31:48.850;536844413405493493;87;897;-393
2021-11-13T11:31:48.870;536844413425192158;62;913;-460
2021-11-13T11:31:48.890;536844413444890823;-20;792;-466
2021-11-13T11:31:48.909;536844413464589488;22;916;-452
2021-11-13T11:31:48.929;536844413484288153;-42;839;-455
2021-11-13T11:31:48.949;536844413503986818;219;765;-403
2021-11-13T11:31:48.969;536844413523685483;227;808;-396
2021-11-13T11:31:48.988;536844413543384148;176;870;-412
2021-11-13T11:31:49.008;536844413563082813;248;944;-625
2021-11-13T11:31:49.028;536844413582781478;264;844;-583
2021-11-13T11:31:49.047;536844413602480143;118;804;-655
2021-11-13T11:31:49.067;536844413622178808;25;748;-472
2021-11-13T11:31:49.087;536844413641870211;102;832;-460
2021-11-13T11:31:49.106;536844413661561594;295;805;-522
2021-11-13T11:31:49.126;536844413681252977;296;789;-571
2021-11-13T11:31:49.146;536844413700944360;364;796;-639
2021-11-13T11:31:49.165;536844413720635743;311;769;-573
2021-11-13T11:31:49.185;536844413740327126;172;777;-562
2021-11-13T11:31:49.205;536844413760018509;229;805;-518
2021-11-13T11:31:49.225;536844413779709892;291;799;-530
2021-11-13T11:31:49.244;536844413799401275;340;762;-624
2021-11-13T11:31:49.264;536844413819092658;230;754;-607
2021-11-13T11:31:49.284;536844413838784041;302;804;-553
2021-11-13T11:31:49.303;536844413858475424;329;766;-506
2021-11-13T11:31:49.323;536844413878166807;335;801;-508
2021-11-13T11:31:49.343;536844413897858190;382;787;-498
2021-11-13T11:31:49.362;536844413917549573;323;776;-504
2021-11-13T11:31:49.382;536844413937240956;299;791;-520
2021-11-13T11:31:49.402;536844413956932339;357;771;-515
2021-11-13T11:31:49.421;536844413976623722;367;774;-519
2021-11-13T11:31:49.441;536844413996315105;313;757;-555
2021-11-13T11:31:49.461;536844414016006488;277;755;-578
2021-11-13T11:31:49.481;536844414035697871;289;761;-572
2021-11-13T11:31:49.500;536844414055389254;332;758;-548
2021-11-13T11:31:49.520;536844414075080637;371;758;-593
2021-11-13T11:31:49.540;536844414094772020;375;749;-548
2021-11-13T11:31:49.559;536844414114463403;293;760;-579
2021-11-13T11:31:49.579;536844414134154786;316;755;-549
2021-11-13T11:31:49.599;536844414153846169;339;759;-557
2021-11-13T11:31:49.618;536844414173537552;374;757;-539
2021-11-13T11:31:49.638;536844414193228935;396;762;-511
2021-11-13T11:31:49.658;536844414212920318;411;757;-515
2021-11-13T11:31:49.677;536844414232611701;337;761;-520
2021-11-13T11:31:49.697;536844414252303084;355;763;-519
2021-11-13T11:31:49.717;536844414271994467;320;781;-502
2021-11-13T11:31:49.737;536844414291685850;376;757;-537
2021-11-13T11:31:49.756;536844414311377233;395;763;-510
2021-11-13T11:31:49.776;536844414331068616;345;781;-508
2021-11-13T11:31:49.796;536844414350771666;380;754;-503
2021-11-13T11:31:49.815;536844414370474700;337;773;-515
2021-11-13T11:31:49.835;536844414390177734;362;760;-549
2021-11-13T11:31:49.855;536844414409880768;388;752;-531
2021-11-13T11:31:49.874;536844414429583802;371;756;-531
2021-11-13T11:31:49.894;536844414449286836;334;764;-561
2021-11-13T11:31:49.914;536844414468989870;370;756;-541
2021-11-13T11:31:49.934;536844414488692904;385;760;-507
2021-11-13T11:31:49.953;536844414508395938;380;762;-528
2021-11-13T11:31:49.973;536844414528098972;385;758;-522
2021-11-13T11:31:49.993;536844414547802006;357;763;-512
2021-11-13T11:31:50.012;536844414567505040;344;766;-521
2021-11-13T11:31:50.032;536844414587208074;363;762;-527
2021-11-13T11:31:50.052;536844414606911108;346;786;-506
2021-11-13T11:31:50.071;536844414626614142;375;765;-504
2021-11-13T11:31:50.091;536844414646317176;399;758;-504
2021-11-13T11:31:50.111;536844414666020210;375;769;-508
2021-11-13T11:31:50.131;536844414685723244;383;768;-503
2021-11-13T11:31:50.150;536844414705426278;372;783;-499
2021-11-13T11:31:50.170;536844414725129312;387;768;-500
2021-11-13T11:31:50.190;536844414744832346;346;775;-513
2021-11-13T11:31:50.209;536844414764535380;340;774;-518
2021-11-13T11:31:50.229;536844414784238414;381;766;-524
2021-11-13T11:31:50.249;536844414803941448;334;778;-521
2021-11-13T11:31:50.268;536844414823644482;326;771;-546
2021-11-13T11:31:50.288;536844414843347516;322;760;-557
2021-11-13T11:31:50.308;536844414863050550;303;760;-562
2021-11-13T11:31:50.328;536844414882753584;338;765;-536
2021-11-13T11:31:50.347;536844414902456618;297;782;-527
2021-11-13T11:31:50.367;536844414922159652;271;779;-549
2021-11-13T11:31:50.387;536844414941862686;315;776;-519
2021-11-13T11:31:50.406;536844414961565720;288;802;-517
2021-11-13T11:31:50.426;536844414981268754;334;782;-522
2021-11-13T11:31:50.446;536844415000971788;281;789;-522
2021-11-13T11:31:50.466;536844415020674822;300;785;-527
2021-11-13T11:31:50.485;536844415040377856;240;785;-555
