Phone timestamp;sensor timestamp [ns];X [mg];Y [mg];Z [mg]
2021-11-13T11:37:27.101;536844648902364640;-143;240;1123
2021-11-13T11:37:27.120;536844648922101170;-139;239;1112
2021-11-13T11:37:27.140;536844648941837700;-130;241;1093
2021-11-13T11:37:27.160;536844648961574230;-138;236;1095
2021-11-13T11:37:27.179;536844648981310760;-154;228;1115
2021-11-13T11:37:27.199;536844649001047290;-141;220;1153
2021-11-13T11:37:27.219;536844649020783820;-131;223;1191
2021-11-13T11:37:27.239;536844649040520350;-138;242;1200
2021-11-13T11:37:27.258;536844649060256880;-182;239;1207
2021-11-13T11:37:27.278;536844649079993410;-194;231;1221
2021-11-13T11:37:27.298;536844649099729940;-190;224;1246
2021-11-13T11:37:27.318;536844649119466470;-190;235;1259
2021-11-13T11:37:27.337;536844649139203000;-205;241;1255
2021-11-13T11:37:27.357;536844649158939530;-202;247;1257
2021-11-13T11:37:27.377;536844649178676060;-201;238;1246
2021-11-13T11:37:27.397;536844649198412590;-192;244;1239
2021-11-13T11:37:27.416;536844649218149120;-181;249;1232
2021-11-13T11:37:27.436;536844649237885650;-167;240;1231
2021-11-13T11:37:27.456;536844649257622180;-163;234;1224
2021-11-13T11:37:27.475;536844649277358710;-159;239;1228
2021-11-13T11:37:27.495;536844649297095240;-142;260;1238
2021-11-13T11:37:27.515;536844649316831770;-146;273;1245
2021-11-13T11:37:27.535;536844649336568300;-169;260;1236
2021-11-13T11:37:27.554;536844649356304830;-174;239;1206
2021-11-13T11:37:27.574;536844649376041360;-151;228;1188
2021-11-13T11:37:27.594;536844649395777890;-141;239;1158
2021-11-13T11:37:27.614;536844649415514420;-132;240;1129
2021-11-13T11:37:27.633;536844649435250950;-130;252;1093
2021-11-13T11:37:27.653;536844649454987480;-100;268;1067
2021-11-13T11:37:27.673;536844649474724010;-83;279;1041
2021-11-13T11:37:27.693;536844649494460540;-84;285;1010
2021-11-13T11:37:27.712;536844649514197070;-78;280;994
2021-11-13T11:37:27.732;536844649533933600;-91;274;981
2021-11-13T11:37:27.752;536844649553670130;-83;258;975
2021-11-13T11:37:27.772;536844649573406660;-77;249;972
2021-11-13T11:37:27.791;536844649593143190;-71;248;961
2021-11-13T11:37:27.811;536844649612879740;-64;275;939
2021-11-13T11:37:27.831;536844649632616270;-54;293;912
2021-11-13T11:37:27.850;536844649652352800;-42;316;903
2021-11-13T11:37:27.870;536844649672089330;-39;330;879
2021-11-13T11:37:27.890;536844649691825860;-42;331;847
2021-11-13T11:37:27.910;536844649711562390;-40;325;813
2021-11-13T11:37:27.929;536844649731298920;-25;322;798
2021-11-13T11:37:27.949;536844649751035450;-17;331;795
2021-11-13T11:37:27.969;536844649770771980;3;319;790
2021-11-13T11:37:27.989;536844649790508510;13;302;778
2021-11-13T11:37:28.008;536844649810245040;11;333;763
2021-11-13T11:37:28.028;536844649829981570;19;366;762
2021-11-13T11:37:28.048;536844649849718100;9;367;756
2021-11-13T11:37:28.068;536844649869454630;17;340;755
2021-11-13T11:37:28.087;536844649889191160;42;322;743
2021-11-13T11:37:28.107;536844649908927690;48;326;722
2021-11-13T11:37:28.127;536844649928664220;57;342;718
2021-11-13T11:37:28.147;536844649948400750;58;319;738
2021-11-13T11:37:28.166;536844649968137280;56;316;734
2021-11-13T11:37:28.186;536844649987873810;50;338;728
2021-11-13T11:37:28.206;536844650007610340;79;375;716
2021-11-13T11:37:28.225;536844650027346870;45;373;691
2021-11-13T11:37:28.245;536844650047083400;54;376;721
2021-11-13T11:37:28.265;536844650066819930;47;368;750
2021-11-13T11:37:28.285;536844650086556460;66;343;772
2021-11-13T11:37:28.304;536844650106292990;70;360;776
2021-11-13T11:37:28.324;536844650126029520;88;375;787
2021-11-13T11:37:28.344;536844650145766050;89;380;816
2021-11-13T11:37:28.364;536844650165502580;79;378;817
2021-11-13T11:37:28.383;536844650185239110;87;375;831
2021-11-13T11:37:28.403;536844650204975640;104;387;825
2021-11-13T11:37:28.423;536844650224712170;114;420;816
2021-11-13T11:37:28.443;536844650244448700;111;418;791
2021-11-13T11:37:28.462;536844650264185230;102;407;784
2021-11-13T11:37:28.482;536844650283921760;104;407;810
2021-11-13T11:37:28.502;536844650303658290;139;420;867
2021-11-13T11:37:28.522;536844650323403580;184;459;920
2021-11-13T11:37:28.541;536844650343148848;191;500;929
2021-11-13T11:37:28.561;536844650362894116;164;529;912
2021-11-13T11:37:28.581;536844650382639384;137;503;895
2021-11-13T11:37:28.601;536844650402384652;107;470;894
2021-11-13T11:37:28.620;536844650422129920;99;425;889
2021-11-13T11:37:28.640;536844650441875188;105;382;880
2021-11-13T11:37:28.660;536844650461620456;116;383;876
2021-11-13T11:37:28.680;536844650481365724;107;394;866
2021-11-13T11:37:28.699;536844650501110992;119;412;854
2021-11-13T11:37:28.719;536844650520856260;137;447;852
2021-11-13T11:37:28.739;536844650540601528;156;475;841
2021-11-13T11:37:28.758;536844650560346796;142;475;852
2021-11-13T11:37:28.778;536844650580092064;133;456;872
2021-11-13T11:37:28.798;536844650599837332;114;436;887
2021-11-13T11:37:28.818;536844650619582600;104;428;902
2021-11-13T11:37:28.837;536844650639327868;104;442;907
2021-11-13T11:37:28.857;536844650659073136;100;448;896
2021-11-13T11:37:28.877;536844650678818404;95;430;883
2021-11-13T11:37:28.897;536844650698563672;97;408;873
2021-11-13T11:37:28.916;536844650718308940;133;385;884
2021-11-13T11:37:28.936;536844650738054208;161;416;911
2021-11-13T11:37:28.956;536844650757799476;173;476;890
2021-11-13T11:37:28.976;536844650777544744;168;492;840
2021-11-13T11:37:28.995;536844650797290012;131;482;791
2021-11-13T11:37:29.015;536844650817035280;110;461;763
2021-11-13T11:37:29.035;536844650836780548;112;445;718
2021-11-13T11:37:29.055;536844650856525816;118;412;717
2021-11-13T11:37:29.074;536844650876271084;136;391;743
2021-11-13T11:37:29.094;536844650896016352;114;387;812
2021-11-13T11:37:29.114;536844650915761620;89;489;751
2021-11-13T11:37:29.134;536844650935506888;215;394;687
2021-11-13T11:37:29.153;536844650955252156;93;376;597
2021-11-13T11:37:29.173;536844650974997424;49;312;596
2021-11-13T11:37:29.193;536844650994742692;93;304;604
2021-11-13T11:37:29.213;536844651014487960;115;302;644
2021-11-13T11:37:29.232;536844651034227411;125;332;691
2021-11-13T11:37:29.252;536844651053966854;104;369;678
2021-11-13T11:37:29.272;536844651073706297;77;332;717
2021-11-13T11:37:29.292;536844651093445740;21;281;713
2021-11-13T11:37:29.311;536844651113185183;4;259;739
2021-11-13T11:37:29.331;536844651132924626;25;263;760
2021-11-13T11:37:29.351;536844651152664069;-3;301;781
2021-11-13T11:37:29.371;536844651172403512;18;313;806
2021-11-13T11:37:29.390;536844651192142955;-46;398;746
2021-11-13T11:37:29.410;536844651211882398;-34;453;834
2021-11-13T11:37:29.430;536844651231621841;123;316;982
2021-11-13T11:37:29.449;536844651251361284;127;282;1065
2021-11-13T11:37:29.469;536844651271100727;197;362;1011
2021-11-13T11:37:29.489;536844651290840170;98;385;848
2021-11-13T11:37:29.509;536844651310579613;-45;303;868
2021-11-13T11:37:29.528;536844651330319056;-76;286;891
2021-11-13T11:37:29.548;536844651350058499;-53;304;947
2021-11-13T11:37:29.568;536844651369797942;-9;330;983
2021-11-13T11:37:29.588;536844651389537385;-56;318;985
2021-11-13T11:37:29.607;536844651409276828;-55;296;984
2021-11-13T11:37:29.627;536844651429016271;-50;301;983
2021-11-13T11:37:29.647;536844651448755714;-38;304;986
2021-11-13T11:37:29.667;536844651468495157;-49;294;994
2021-11-13T11:37:29.686;536844651488234600;-57;305;996
2021-11-13T11:37:29.706;536844651507974043;-42;342;1010
2021-11-13T11:37:29.726;536844651527713486;-44;364;1016
2021-11-13T11:37:29.746;536844651547452929;-50;358;1027
2021-11-13T11:37:29.765;536844651567192372;-64;332;1036
2021-11-13T11:37:29.785;536844651586931815;-75;318;1036
2021-11-13T11:37:29.805;536844651606671258;-85;322;1042
2021-11-13T11:37:29.825;536844651626410701;-82;340;1060
2021-11-13T11:37:29.844;536844651646150144;-100;321;1085
2021-11-13T11:37:29.864;536844651665889587;-122;308;1102
2021-11-13T11:37:29.884;536844651685629030;-120;326;1118
2021-11-13T11:37:29.904;536844651705368473;-125;333;1149
2021-11-13T11:37:29.923;536844651725107916;-131;327;1152
2021-11-13T11:37:29.943;536844651744847365;-136;312;1160
2021-11-13T11:37:29.963;536844651764586808;-147;300;1167
2021-11-13T11:37:29.982;536844651784326251;-160;287;1180
2021-11-13T11:37:30.002;536844651804065694;-142;304;1205
2021-11-13T11:37:30.022;536844651823805137;-132;354;1234
2021-11-13T11:37:30.042;536844651843544580;-126;386;1262
2021-11-13T11:37:30.061;536844651863284023;-122;411;1283
2021-11-13T11:37:30.081;536844651883023466;-126;400;1292
2021-11-13T11:37:30.101;536844651902762909;-130;379;1291
2021-11-13T11:37:30.121;536844651922502352;-135;364;1282
2021-11-13T11:37:30.140;536844651942241795;-152;331;1277
2021-11-13T11:37:30.160;536844651961981238;-167;305;1280
2021-11-13T11:37:30.180;536844651981720681;-175;290;1291
2021-11-13T11:37:30.200;536844652001460124;-180;294;1289
2021-11-13T11:37:30.219;536844652021199567;-167;297;1278
2021-11-13T11:37:30.239;536844652040939010;-144;314;1260
2021-11-13T11:37:30.259;536844652060678453;-132;338;1233
2021-11-13T11:37:30.279;536844652080417896;-137;344;1201
2021-11-13T11:37:30.298;536844652100157339;-149;335;1160
2021-11-13T11:37:30.318;536844652119896782;-153;319;1128
2021-11-13T11:37:30.338;536844652139636225;-152;307;1101
2021-11-13T11:37:30.358;536844652159375668;-146;305;1077
2021-11-13T11:37:30.377;536844652179115111;-141;319;1056
2021-11-13T11:37:30.397;536844652198854554;-128;342;1040
2021-11-13T11:37:30.417;536844652218593997;-127;353;1019
2021-11-13T11:37:30.436;536844652238333440;-122;343;994
2021-11-13T11:37:30.456;536844652258072883;-121;322;978
2021-11-13T11:37:30.476;536844652277812326;-101;301;973
2021-11-13T11:37:30.496;536844652297551769;-101;312;968
2021-11-13T11:37:30.515;536844652317291212;-102;341;960
2021-11-13T11:37:30.535;536844652337030655;-81;344;953
2021-11-13T11:37:30.555;536844652356770098;-98;325;933
2021-11-13T11:37:30.575;536844652376509541;-105;303;904
2021-11-13T11:37:30.594;536844652396248984;-90;302;898
2021-11-13T11:37:30.614;536844652415988427;-83;320;886
2021-11-13T11:37:30.634;536844652435727870;-76;336;863
2021-11-13T11:37:30.654;536844652455467321;-59;343;839
2021-11-13T11:37:30.673;536844652475206764;-34;361;810
2021-11-13T11:37:30.693;536844652494946207;-16;372;776
2021-11-13T11:37:30.713;536844652514685650;-12;379;744
2021-11-13T11:37:30.733;536844652534425093;4;371;725
2021-11-13T11:37:30.752;536844652554164536;5;367;693
2021-11-13T11:37:30.772;536844652573903979;11;354;677
2021-11-13T11:37:30.792;536844652593643422;22;320;661
2021-11-13T11:37:30.812;536844652613382865;7;301;652
2021-11-13T11:37:30.831;536844652633122308;28;293;633
2021-11-13T11:37:30.851;536844652652861751;37;286;625
2021-11-13T11:37:30.871;536844652672601194;33;257;616
2021-11-13T11:37:30.890;536844652692340637;43;260;622
2021-11-13T11:37:30.910;536844652712080080;62;304;635
2021-11-13T11:37:30.930;536844652731819523;84;327;632
2021-11-13T11:37:30.950;536844652751558966;96;318;642
2021-11-13T11:37:30.969;536844652771298409;101;333;656
2021-11-13T11:37:30.989;536844652791037852;105;359;696
2021-11-13T11:37:31.009;536844652810777295;116;385;742
2021-11-13T11:37:31.029;536844652830516738;113;417;768
2021-11-13T11:37:31.048;536844652850256181;119;441;807
2021-11-13T11:37:31.068;536844652869995624;136;443;841
2021-11-13T11:37:31.088;536844652889735067;127;429;861
2021-11-13T11:37:31.108;536844652909474510;114;429;869
2021-11-13T11:37:31.127;536844652929213953;120;437;872
2021-11-13T11:37:31.147;536844652948953396;107;434;865
2021-11-13T11:37:31.167;536844652968692839;100;416;872
2021-11-13T11:37:31.187;536844652988432282;117;419;888
2021-11-13T11:37:31.206;536844653008171725;118;424;894
2021-11-13T11:37:31.226;536844653027911168;126;426;890
2021-11-13T11:37:31.246;536844653047650611;133;413;888
2021-11-13T11:37:31.266;536844653067390054;129;391;888
2021-11-13T11:37:31.285;536844653087129497;127;392;891
2021-11-13T11:37:31.305;536844653106868940;143;433;899
2021-11-13T11:37:31.325;536844653126608383;165;439;906
2021-11-13T11:37:31.344;536844653146347826;136;426;909
2021-11-13T11:37:31.364;536844653166087277;130;423;905
2021-11-13T11:37:31.384;536844653185826720;127;399;884
2021-11-13T11:37:31.404;536844653205566163;131;382;879
2021-11-13T11:37:31.423;536844653225305606;135;381;870
2021-11-13T11:37:31.443;536844653245045049;144;393;846
2021-11-13T11:37:31.463;536844653264784492;146;388;814
2021-11-13T11:37:31.483;536844653284523935;126;377;786
2021-11-13T11:37:31.502;536844653304263378;116;371;757
2021-11-13T11:37:31.522;536844653324002821;113;360;720
2021-11-13T11:37:31.542;536844653343742264;104;340;673
2021-11-13T11:37:31.562;536844653363481707;100;322;634
2021-11-13T11:37:31.581;536844653383221150;95;305;607
2021-11-13T11:37:31.601;536844653402960593;57;268;610
2021-11-13T11:37:31.621;536844653422700036;28;232;632
2021-11-13T11:37:31.641;536844653442439479;0;232;657
2021-11-13T11:37:31.660;536844653462178922;-12;234;683
2021-11-13T11:37:31.680;536844653481918365;-26;241;726
2021-11-13T11:37:31.700;536844653501657808;-11;259;757
2021-11-13T11:37:31.720;536844653521397251;-10;255;766
2021-11-13T11:37:31.739;536844653541136694;3;257;798
2021-11-13T11:37:31.759;536844653560876137;32;267;835
2021-11-13T11:37:31.779;536844653580615580;61;321;859
2021-11-13T11:37:31.798;536844653600355023;76;382;833
2021-11-13T11:37:31.818;536844653620094466;51;374;806
2021-11-13T11:37:31.838;536844653639833909;56;317;807
2021-11-13T11:37:31.858;536844653659573352;29;253;857
2021-11-13T11:37:31.877;536844653679312795;14;245;904
2021-11-13T11:37:31.897;536844653699052238;23;303;930
2021-11-13T11:37:31.917;536844653718791681;10;370;948
2021-11-13T11:37:31.937;536844653738531124;-15;376;951
2021-11-13T11:37:31.956;536844653758270567;-42;338;971
2021-11-13T11:37:31.976;536844653778010010;-56;280;996
2021-11-13T11:37:31.996;536844653797749453;-50;269;1029
2021-11-13T11:37:32.016;536844653817488896;-45;285;1036
2021-11-13T11:37:32.035;536844653837228339;-64;309;1025
2021-11-13T11:37:32.055;536844653856967782;-66;301;1004
2021-11-13T11:37:32.075;536844653876699957;-64;279;1008
2021-11-13T11:37:32.095;536844653896432118;-69;255;1023
2021-11-13T11:37:32.114;536844653916164279;-71;277;1032
2021-11-13T11:37:32.134;536844653935896440;-63;299;1042
2021-11-13T11:37:32.154;536844653955628601;-82;311;1064
2021-11-13T11:37:32.173;536844653975360762;-115;316;1094
2021-11-13T11:37:32.193;536844653995092923;-134;300;1117
2021-11-13T11:37:32.213;536844654014825084;-166;274;1146
2021-11-13T11:37:32.233;536844654034557245;-164;264;1182
2021-11-13T11:37:32.252;536844654054289406;-161;289;1199
2021-11-13T11:37:32.272;536844654074021567;-170;324;1210
2021-11-13T11:37:32.292;536844654093753728;-169;301;1210
2021-11-13T11:37:32.312;536844654113485889;-174;299;1209
2021-11-13T11:37:32.331;536844654133218050;-183;317;1232
2021-11-13T11:37:32.351;536844654152950211;-193;345;1287
2021-11-13T11:37:32.371;536844654172682372;-180;367;1345
2021-11-13T11:37:32.391;536844654192414533;-169;375;1378
2021-11-13T11:37:32.410;536844654212146694;-174;374;1385
2021-11-13T11:37:32.430;536844654231878855;-193;368;1386
2021-11-13T11:37:32.450;536844654251611016;-206;348;1379
2021-11-13T11:37:32.469;536844654271343177;-209;300;1351
2021-11-13T11:37:32.489;536844654291075338;-209;276;1318
2021-11-13T11:37:32.509;536844654310807499;-202;268;1278
2021-11-13T11:37:32.529;536844654330539660;-172;279;1233
2021-11-13T11:37:32.548;536844654350271821;-154;295;1192
2021-11-13T11:37:32.568;536844654370003982;-148;311;1158
2021-11-13T11:37:32.588;536844654389736143;-151;318;1134
2021-11-13T11:37:32.608;536844654409468304;-164;324;1111
2021-11-13T11:37:32.627;536844654429200465;-160;294;1100
2021-11-13T11:37:32.647;536844654448932626;-162;280;1084
2021-11-13T11:37:32.667;536844654468664787;-163;274;1056
2021-11-13T11:37:32.687;536844654488396948;-152;283;1032
2021-11-13T11:37:32.706;536844654508129109;-140;290;1004
2021-11-13T11:37:32.726;536844654527861270;-131;294;997
2021-11-13T11:37:32.746;536844654547593431;-122;297;991
2021-11-13T11:37:32.765;536844654567325592;-110;291;991
2021-11-13T11:37:32.785;536844654587057769;-99;294;980
2021-11-13T11:37:32.805;536844654606789930;-98;291;973
2021-11-13T11:37:32.825;536844654626522091;-103;267;966
2021-11-13T11:37:32.844;536844654646254252;-101;255;960
2021-11-13T11:37:32.864;536844654665986413;-83;277;954
2021-11-13T11:37:32.884;536844654685718574;-71;301;947
2021-11-13T11:37:32.904;536844654705450735;-81;300;932
2021-11-13T11:37:32.923;536844654725182896;-83;293;909
2021-11-13T11:37:32.943;536844654744915057;-72;297;897
2021-11-13T11:37:32.963;536844654764647218;-79;289;885
2021-11-13T11:37:32.983;536844654784379379;-72;281;882
2021-11-13T11:37:33.002;536844654804111540;-40;300;885
2021-11-13T11:37:33.022;536844654823843701;-15;345;884
2021-11-13T11:37:33.042;536844654843575862;-9;362;870
2021-11-13T11:37:33.061;536844654863308023;-13;350;851
2021-11-13T11:37:33.081;536844654883040184;-4;321;835
2021-11-13T11:37:33.101;536844654902772345;-1;312;802
2021-11-13T11:37:33.121;536844654922504506;-2;312;778
2021-11-13T11:37:33.140;536844654942236667;9;309;766
2021-11-13T11:37:33.160;536844654961968828;9;292;773
2021-11-13T11:37:33.180;536844654981700989;13;286;766
2021-11-13T11:37:33.200;536844655001433150;12;288;732
2021-11-13T11:37:33.219;536844655021165311;16;274;686
2021-11-13T11:37:33.239;536844655040897472;39;276;652
2021-11-13T11:37:33.259;536844655060629633;52;272;621
2021-11-13T11:37:33.278;536844655080361794;84;262;615
2021-11-13T11:37:33.298;536844655100093955;105;264;611
2021-11-13T11:37:33.318;536844655119826116;112;292;613
2021-11-13T11:37:33.338;536844655139558277;117;298;625
2021-11-13T11:37:33.357;536844655159290438;145;327;680
2021-11-13T11:37:33.377;536844655179022599;174;379;737
2021-11-13T11:37:33.397;536844655198754760;188;430;793
2021-11-13T11:37:33.417;536844655218486921;196;454;860
2021-11-13T11:37:33.436;536844655238219082;185;465;904
2021-11-13T11:37:33.456;536844655257951243;165;462;927
2021-11-13T11:37:33.476;536844655277683404;131;421;914
2021-11-13T11:37:33.496;536844655297430158;99;363;882
2021-11-13T11:37:33.515;536844655317176882;95;335;851
2021-11-13T11:37:33.535;536844655336923606;114;360;826
2021-11-13T11:37:33.555;536844655356670330;146;380;819
2021-11-13T11:37:33.575;536844655376417054;177;418;810
2021-11-13T11:37:33.594;536844655396163778;187;457;806
2021-11-13T11:37:33.614;536844655415910502;182;468;782
2021-11-13T11:37:33.634;536844655435657226;169;454;753
2021-11-13T11:37:33.654;536844655455403950;153;434;714
2021-11-13T11:37:33.673;536844655475150674;146;394;679
2021-11-13T11:37:33.693;536844655494897398;142;371;645
2021-11-13T11:37:33.713;536844655514644122;110;339;614
2021-11-13T11:37:33.733;536844655534390846;92;298;590
2021-11-13T11:37:33.752;536844655554137570;74;269;595
2021-11-13T11:37:33.772;536844655573884294;52;237;607
2021-11-13T11:37:33.792;536844655593631018;47;235;636
2021-11-13T11:37:33.812;536844655613377742;58;265;668
2021-11-13T11:37:33.831;536844655633124466;83;312;666
2021-11-13T11:37:33.851;536844655652871190;51;303;660
2021-11-13T11:37:33.871;536844655672617914;47;287;691
2021-11-13T11:37:33.890;536844655692364638;59;283;754
2021-11-13T11:37:33.910;536844655712111362;68;301;803
2021-11-13T11:37:33.930;536844655731858086;56;349;832
2021-11-13T11:37:33.950;536844655751604810;58;369;858
2021-11-13T11:37:33.969;536844655771351534;76;355;894
2021-11-13T11:37:33.989;536844655791098258;53;326;951
2021-11-13T11:37:34.009;536844655810844982;33;327;985
2021-11-13T11:37:34.029;536844655830591706;42;353;993
2021-11-13T11:37:34.048;536844655850338430;36;355;984
2021-11-13T11:37:34.068;536844655870085154;28;358;983
2021-11-13T11:37:34.088;536844655889831878;3;356;996
2021-11-13T11:37:34.108;536844655909578602;-2;331;1026
2021-11-13T11:37:34.127;536844655929325326;-1;325;1051
2021-11-13T11:37:34.147;536844655949072050;-4;363;1046
2021-11-13T11:37:34.167;536844655968818774;-4;377;1022
2021-11-13T11:37:34.187;536844655988565498;14;385;1008
2021-11-13T11:37:34.206;536844656008302048;32;383;1008
2021-11-13T11:37:34.226;536844656028038578;37;381;1009
2021-11-13T11:37:34.246;536844656047775108;29;381;1001
2021-11-13T11:37:34.266;536844656067511638;23;376;993
2021-11-13T11:37:34.285;536844656087248168;11;365;988
2021-11-13T11:37:34.305;536844656106984698;0;353;998
2021-11-13T11:37:34.325;536844656126721228;-13;338;1023
2021-11-13T11:37:34.345;536844656146457758;-25;331;1056
2021-11-13T11:37:34.364;536844656166194288;-33;334;1085
2021-11-13T11:37:34.384;536844656185930818;-38;324;1104
2021-11-13T11:37:34.404;536844656205667348;-42;326;1114
2021-11-13T11:37:34.424;536844656225403878;-60;321;1120
2021-11-13T11:37:34.443;536844656245140408;-66;322;1128
2021-11-13T11:37:34.463;536844656264876938;-68;324;1146
2021-11-13T11:37:34.483;536844656284613468;-76;328;1168
2021-11-13T11:37:34.502;536844656304349998;-79;346;1204
2021-11-13T11:37:34.522;536844656324086528;-76;376;1229
2021-11-13T11:37:34.542;536844656343823058;-83;392;1242
2021-11-13T11:37:34.562;536844656363559588;-86;407;1253
2021-11-13T11:37:34.581;536844656383296118;-77;415;1269
2021-11-13T11:37:34.601;536844656403032648;-79;422;1275
2021-11-13T11:37:34.621;536844656422769178;-73;431;1281
2021-11-13T11:37:34.641;536844656442505708;-85;409;1275
2021-11-13T11:37:34.660;536844656462242238;-112;383;1266
2021-11-13T11:37:34.680;536844656481978768;-117;369;1253
2021-11-13T11:37:34.700;536844656501715298;-110;371;1235
2021-11-13T11:37:34.720;536844656521451828;-104;381;1203
2021-11-13T11:37:34.739;536844656541188358;-86;383;1181
2021-11-13T11:37:34.759;536844656560924888;-73;383;1136
2021-11-13T11:37:34.779;536844656580661418;-69;382;1101
2021-11-13T11:37:34.799;536844656600397948;-40;378;1070
2021-11-13T11:37:34.818;536844656620134478;-45;370;1026
2021-11-13T11:37:34.838;536844656639871008;-63;347;982
2021-11-13T11:37:34.858;536844656659607538;-59;315;960
2021-11-13T11:37:34.877;536844656679344068;-57;299;943
2021-11-13T11:37:34.897;536844656699080598;-55;311;938
2021-11-13T11:37:34.917;536844656718817148;-48;334;936
2021-11-13T11:37:34.937;536844656738553678;-38;332;938
2021-11-13T11:37:34.956;536844656758290208;-15;362;953
2021-11-13T11:37:34.976;536844656778026738;-16;366;951
2021-11-13T11:37:34.996;536844656797763268;-26;346;937
2021-11-13T11:37:35.016;536844656817499798;-32;313;923
2021-11-13T11:37:35.035;536844656837236328;-27;303;912
2021-11-13T11:37:35.055;536844656856972858;-11;319;918
2021-11-13T11:37:35.075;536844656876709388;-6;341;919
2021-11-13T11:37:35.095;536844656896445918;1;361;923
2021-11-13T11:37:35.114;536844656916182448;14;370;924
2021-11-13T11:37:35.134;536844656935918978;10;375;925
2021-11-13T11:37:35.154;536844656955655508;22;377;931
2021-11-13T11:37:35.174;536844656975392038;27;380;937
2021-11-13T11:37:35.193;536844656995128568;30;385;945
2021-11-13T11:37:35.213;536844657014865098;37;383;955
2021-11-13T11:37:35.233;536844657034601628;45;381;957
2021-11-13T11:37:35.252;536844657054338158;56;385;934
2021-11-13T11:37:35.272;536844657074074688;41;364;898
2021-11-13T11:37:35.292;536844657093811218;41;314;871
2021-11-13T11:37:35.312;536844657113547748;52;289;852
2021-11-13T11:37:35.331;536844657133284278;61;297;830
2021-11-13T11:37:35.351;536844657153020808;81;338;795
2021-11-13T11:37:35.371;536844657172757338;97;362;777
2021-11-13T11:37:35.391;536844657192493868;94;360;761
2021-11-13T11:37:35.410;536844657212230398;84;345;753
2021-11-13T11:37:35.430;536844657231966928;55;321;752
2021-11-13T11:37:35.450;536844657251703458;63;312;746
2021-11-13T11:37:35.470;536844657271439988;76;317;732
2021-11-13T11:37:35.489;536844657291176518;70;327;711
2021-11-13T11:37:35.509;536844657310913048;81;343;711
2021-11-13T11:37:35.529;536844657330649578;77;325;700
2021-11-13T11:37:35.549;536844657350386108;64;306;687
2021-11-13T11:37:35.568;536844657370122638;106;328;693
2021-11-13T11:37:35.588;536844657389859168;152;359;695
2021-11-13T11:37:35.608;536844657409595698;181;391;703
2021-11-13T11:37:35.627;536844657429335143;184;434;734
2021-11-13T11:37:35.647;536844657449074586;192;443;769
2021-11-13T11:37:35.667;536844657468814029;179;415;799
2021-11-13T11:37:35.687;536844657488553472;141;407;842
2021-11-13T11:37:35.706;536844657508292915;127;389;875
2021-11-13T11:37:35.726;536844657528032358;117;376;901
2021-11-13T11:37:35.746;536844657547771801;105;373;914
2021-11-13T11:37:35.766;536844657567511244;99;354;912
2021-11-13T11:37:35.785;536844657587250687;99;356;904
2021-11-13T11:37:35.805;536844657606990130;106;368;914
2021-11-13T11:37:35.825;536844657626729573;118;377;914
2021-11-13T11:37:35.845;536844657646469016;144;406;908
2021-11-13T11:37:35.864;536844657666208459;172;430;893
2021-11-13T11:37:35.884;536844657685947902;172;438;875
2021-11-13T11:37:35.904;536844657705687345;151;427;860
2021-11-13T11:37:35.924;536844657725426788;130;404;838
2021-11-13T11:37:35.943;536844657745166231;131;377;835
2021-11-13T11:37:35.963;536844657764905674;131;372;832
2021-11-13T11:37:35.983;536844657784645117;131;376;824
2021-11-13T11:37:36.003;536844657804384560;132;376;828
2021-11-13T11:37:36.022;536844657824124003;133;380;829
2021-11-13T11:37:36.042;536844657843863446;130;381;807
2021-11-13T11:37:36.062;536844657863602889;125;380;769
2021-11-13T11:37:36.081;536844657883342332;133;367;716
2021-11-13T11:37:36.101;536844657903081775;117;328;652
2021-11-13T11:37:36.121;536844657922821218;104;293;626
2021-11-13T11:37:36.141;536844657942560661;95;259;663
2021-11-13T11:37:36.160;536844657962300104;76;250;697
2021-11-13T11:37:36.180;536844657982039547;36;234;697
2021-11-13T11:37:36.200;536844658001778990;8;237;697
2021-11-13T11:37:36.220;536844658021518433;4;243;727
2021-11-13T11:37:36.239;536844658041257876;23;247;773
2021-11-13T11:37:36.259;536844658060997319;41;272;806
2021-11-13T11:37:36.279;536844658080736762;37;281;803
2021-11-13T11:37:36.299;536844658100476205;48;317;806
2021-11-13T11:37:36.318;536844658120215648;69;363;835
2021-11-13T11:37:36.338;536844658139950730;86;351;874
2021-11-13T11:37:36.358;536844658159685804;69;333;889
2021-11-13T11:37:36.378;536844658179420878;61;302;898
2021-11-13T11:37:36.397;536844658199155952;41;279;903
2021-11-13T11:37:36.417;536844658218891026;33;291;891
2021-11-13T11:37:36.437;536844658238626100;35;309;904
2021-11-13T11:37:36.456;536844658258361174;41;325;915
2021-11-13T11:37:36.476;536844658278096248;19;318;927
2021-11-13T11:37:36.496;536844658297831322;-1;312;945
2021-11-13T11:37:36.516;536844658317566396;-14;296;942
2021-11-13T11:37:36.535;536844658337301470;-30;304;958
2021-11-13T11:37:36.555;536844658357036544;-21;346;964
2021-11-13T11:37:36.575;536844658376771618;-25;364;961
2021-11-13T11:37:36.595;536844658396506692;-29;359;969
2021-11-13T11:37:36.614;536844658416241766;-24;352;988
2021-11-13T11:37:36.634;536844658435976840;-17;362;1000
2021-11-13T11:37:36.654;536844658455711914;-34;357;1000
2021-11-13T11:37:36.674;536844658475446988;-40;340;998
2021-11-13T11:37:36.693;536844658495182062;-57;309;999
2021-11-13T11:37:36.713;536844658514917136;-76;274;1013
2021-11-13T11:37:36.733;536844658534652210;-84;244;1041
2021-11-13T11:37:36.753;536844658554387284;-78;252;1066
2021-11-13T11:37:36.772;536844658574122358;-63;265;1100
2021-11-13T11:37:36.792;536844658593857432;-60;290;1103
2021-11-13T11:37:36.812;536844658613592506;-134;286;1097
2021-11-13T11:37:36.831;536844658633327580;-162;281;1087
2021-11-13T11:37:36.851;536844658653062654;-174;268;1100
2021-11-13T11:37:36.871;536844658672797728;-172;256;1114
2021-11-13T11:37:36.891;536844658692532802;-199;258;1119
2021-11-13T11:37:36.910;536844658712267876;-165;285;1125
2021-11-13T11:37:36.930;536844658732002950;-152;331;1160
2021-11-13T11:37:36.950;536844658751738024;-166;373;1185
2021-11-13T11:37:36.970;536844658771473098;-142;386;1206
2021-11-13T11:37:36.989;536844658791208172;-173;375;1234
2021-11-13T11:37:37.009;536844658810943246;-193;363;1251
2021-11-13T11:37:37.029;536844658830678320;-190;336;1273
2021-11-13T11:37:37.049;536844658850413400;-197;308;1276
2021-11-13T11:37:37.068;536844658870148474;-202;298;1283
2021-11-13T11:37:37.088;536844658889883548;-190;339;1292
2021-11-13T11:37:37.108;536844658909618622;-173;373;1274
2021-11-13T11:37:37.127;536844658929353696;-160;373;1247
2021-11-13T11:37:37.147;536844658949088770;-173;350;1208
2021-11-13T11:37:37.167;536844658968823844;-157;317;1182
2021-11-13T11:37:37.187;536844658988558918;-131;313;1151
2021-11-13T11:37:37.206;536844659008293992;-129;335;1119
2021-11-13T11:37:37.226;536844659028029066;-122;354;1101
2021-11-13T11:37:37.246;536844659047764140;-114;356;1104
2021-11-13T11:37:37.266;536844659067499214;-124;337;1105
2021-11-13T11:37:37.285;536844659087234288;-129;300;1090
2021-11-13T11:37:37.305;536844659106969362;-130;276;1065
2021-11-13T11:37:37.325;536844659126704436;-125;266;1045
2021-11-13T11:37:37.345;536844659146439510;-119;265;1030
2021-11-13T11:37:37.364;536844659166174584;-115;273;1013
2021-11-13T11:37:37.384;536844659185909658;-95;285;997
2021-11-13T11:37:37.404;536844659205644732;-84;294;994
2021-11-13T11:37:37.424;536844659225379806;-80;291;992
2021-11-13T11:37:37.443;536844659245114880;-63;299;991
2021-11-13T11:37:37.463;536844659264849954;-65;299;983
2021-11-13T11:37:37.483;536844659284585028;-70;302;977
2021-11-13T11:37:37.502;536844659304320102;-86;302;964
2021-11-13T11:37:37.522;536844659324055176;-78;304;966
2021-11-13T11:37:37.542;536844659343790250;-80;311;968
2021-11-13T11:37:37.562;536844659363525324;-83;322;969
2021-11-13T11:37:37.581;536844659383260398;-87;323;956
2021-11-13T11:37:37.601;536844659402995472;-94;321;942
2021-11-13T11:37:37.621;536844659422730546;-78;317;936
2021-11-13T11:37:37.641;536844659442465620;-68;319;923
2021-11-13T11:37:37.660;536844659462200694;-52;337;922
2021-11-13T11:37:37.680;536844659481935768;-24;369;911
2021-11-13T11:37:37.700;536844659501670842;-12;385;897
2021-11-13T11:37:37.720;536844659521405916;-7;378;885
2021-11-13T11:37:37.739;536844659541140990;-15;363;870
2021-11-13T11:37:37.759;536844659560876066;-15;348;843
2021-11-13T11:37:37.779;536844659580611140;-13;323;807
2021-11-13T11:37:37.798;536844659600346214;-1;291;781
2021-11-13T11:37:37.818;536844659620081288;32;287;756
2021-11-13T11:37:37.838;536844659639816362;52;320;731
2021-11-13T11:37:37.858;536844659659551436;69;348;694
2021-11-13T11:37:37.877;536844659679286510;86;344;649
2021-11-13T11:37:37.897;536844659699021584;99;326;597
2021-11-13T11:37:37.917;536844659718756658;89;305;547
2021-11-13T11:37:37.937;536844659738491732;77;282;519
2021-11-13T11:37:37.956;536844659758226806;71;242;524
2021-11-13T11:37:37.976;536844659777961880;51;223;557
2021-11-13T11:37:37.996;536844659797696954;63;232;608
2021-11-13T11:37:38.016;536844659817432028;94;283;680
2021-11-13T11:37:38.035;536844659837167102;109;370;763
2021-11-13T11:37:38.055;536844659856902176;125;434;841
2021-11-13T11:37:38.075;536844659876637250;147;471;910
2021-11-13T11:37:38.095;536844659896372324;152;516;956
2021-11-13T11:37:38.114;536844659916107398;147;529;964
2021-11-13T11:37:38.134;536844659935842472;128;495;944
2021-11-13T11:37:38.154;536844659955577546;114;436;903
2021-11-13T11:37:38.173;536844659975312620;101;361;849
2021-11-13T11:37:38.193;536844659995047694;104;305;815
2021-11-13T11:37:38.213;536844660014782768;116;322;826
2021-11-13T11:37:38.233;536844660034517842;139;368;835
2021-11-13T11:37:38.252;536844660054252916;156;389;851
2021-11-13T11:37:38.272;536844660073987990;170;424;874
2021-11-13T11:37:38.292;536844660093723064;177;433;879
2021-11-13T11:37:38.312;536844660113458138;147;415;858
2021-11-13T11:37:38.331;536844660133193212;130;381;822
2021-11-13T11:37:38.351;536844660152928286;116;336;780
2021-11-13T11:37:38.371;536844660172663360;113;302;741
2021-11-13T11:37:38.391;536844660192398434;111;294;688
2021-11-13T11:37:38.410;536844660212133508;111;280;625
2021-11-13T11:37:38.430;536844660231868582;103;260;578
2021-11-13T11:37:38.450;536844660251603656;73;253;538
2021-11-13T11:37:38.469;536844660271331464;60;233;554
2021-11-13T11:37:38.489;536844660291059256;53;219;582
2021-11-13T11:37:38.509;536844660310787048;72;258;624
2021-11-13T11:37:38.529;536844660330514840;101;330;676
2021-11-13T11:37:38.548;536844660350242632;86;365;734
2021-11-13T11:37:38.568;536844660369970424;42;347;760
2021-11-13T11:37:38.588;536844660389698216;23;337;797
2021-11-13T11:37:38.608;536844660409426008;16;313;848
2021-11-13T11:37:38.627;536844660429153800;20;285;881
2021-11-13T11:37:38.647;536844660448881592;40;279;930
2021-11-13T11:37:38.667;536844660468609384;52;291;943
2021-11-13T11:37:38.686;536844660488337176;58;325;941
2021-11-13T11:37:38.706;536844660508064968;57;369;919
2021-11-13T11:37:38.726;536844660527792760;51;370;911
2021-11-13T11:37:38.746;536844660547520552;31;341;953
2021-11-13T11:37:38.765;536844660567248344;33;295;977
2021-11-13T11:37:38.785;536844660586976136;13;258;993
2021-11-13T11:37:38.805;536844660606703928;-3;279;985
2021-11-13T11:37:38.825;536844660626431720;-8;302;983
2021-11-13T11:37:38.844;536844660646159512;-6;333;993
2021-11-13T11:37:38.864;536844660665887304;3;339;1006
2021-11-13T11:37:38.884;536844660685615096;8;334;1007
2021-11-13T11:37:38.903;536844660705342888;7;337;1004
2021-11-13T11:37:38.923;536844660725070680;0;355;1005
2021-11-13T11:37:38.943;536844660744798472;0;340;1012
2021-11-13T11:37:38.963;536844660764526264;-25;311;1013
2021-11-13T11:37:38.982;536844660784254056;-50;285;1021
2021-11-13T11:37:39.002;536844660803981848;-51;253;1048
2021-11-13T11:37:39.022;536844660823709640;-49;233;1067
2021-11-13T11:37:39.042;536844660843437432;-41;239;1077
2021-11-13T11:37:39.061;536844660863165224;-39;258;1074
2021-11-13T11:37:39.081;536844660882893016;-45;265;1078
2021-11-13T11:37:39.101;536844660902620808;-48;259;1086
2021-11-13T11:37:39.120;536844660922348600;-55;255;1088
2021-11-13T11:37:39.140;536844660942076392;-55;259;1089
2021-11-13T11:37:39.160;536844660961804184;-32;269;1098
2021-11-13T11:37:39.180;536844660981530520;-46;300;1105
2021-11-13T11:37:39.199;536844661001256856;-52;328;1120
2021-11-13T11:37:39.219;536844661020983192;-71;325;1154
2021-11-13T11:37:39.239;536844661040709528;-92;310;1200
2021-11-13T11:37:39.259;536844661060435864;-90;317;1243
2021-11-13T11:37:39.278;536844661080162200;-92;325;1275
2021-11-13T11:37:39.298;536844661099888536;-99;339;1296
2021-11-13T11:37:39.318;536844661119614872;-86;360;1312
2021-11-13T11:37:39.337;536844661139341208;-96;354;1305
2021-11-13T11:37:39.357;536844661159067544;-108;336;1289
2021-11-13T11:37:39.377;536844661178793880;-104;324;1281
2021-11-13T11:37:39.397;536844661198520216;-101;317;1266
2021-11-13T11:37:39.416;536844661218246552;-87;323;1253
2021-11-13T11:37:39.436;536844661237972888;-70;333;1229
2021-11-13T11:37:39.456;536844661257699224;-65;327;1200
2021-11-13T11:37:39.476;536844661277425560;-68;314;1171
2021-11-13T11:37:39.495;536844661297151896;-69;307;1157
2021-11-13T11:37:39.515;536844661316878232;-65;315;1160
2021-11-13T11:37:39.535;536844661336604568;-67;312;1147
2021-11-13T11:37:39.554;536844661356330904;-65;301;1138
2021-11-13T11:37:39.574;536844661376057240;-63;304;1116
2021-11-13T11:37:39.594;536844661395783576;-64;291;1097
2021-11-13T11:37:39.614;536844661415509912;-63;286;1070
2021-11-13T11:37:39.633;536844661435236248;-65;282;1043
2021-11-13T11:37:39.653;536844661454962584;-52;287;1024
2021-11-13T11:37:39.673;536844661474688920;-35;286;1017
2021-11-13T11:37:39.693;536844661494415256;-22;287;1001
2021-11-13T11:37:39.712;536844661514141592;-13;300;991
2021-11-13T11:37:39.732;536844661533867928;-22;294;975
2021-11-13T11:37:39.752;536844661553594264;-32;285;974
2021-11-13T11:37:39.771;536844661573320600;-25;280;975
2021-11-13T11:37:39.791;536844661593046936;-31;265;966
2021-11-13T11:37:39.811;536844661612773272;-19;264;957
2021-11-13T11:37:39.831;536844661632499608;-7;280;943
2021-11-13T11:37:39.850;536844661652225944;2;295;916
2021-11-13T11:37:39.870;536844661671952280;-3;284;880
2021-11-13T11:37:39.890;536844661691684457;4;288;857
2021-11-13T11:37:39.910;536844661711416618;20;285;855
2021-11-13T11:37:39.929;536844661731148779;41;300;861
2021-11-13T11:37:39.949;536844661750880940;49;335;855
2021-11-13T11:37:39.969;536844661770613101;70;364;852
2021-11-13T11:37:39.988;536844661790345262;78;367;846
2021-11-13T11:37:40.008;536844661810077423;71;343;842
2021-11-13T11:37:40.028;536844661829809584;53;314;850
2021-11-13T11:37:40.048;536844661849541745;49;291;836
2021-11-13T11:37:40.067;536844661869273906;43;258;813
2021-11-13T11:37:40.087;536844661889006067;45;248;798
2021-11-13T11:37:40.107;536844661908738228;58;250;778
2021-11-13T11:37:40.127;536844661928470389;54;259;749
2021-11-13T11:37:40.146;536844661948202550;76;273;741
2021-11-13T11:37:40.166;536844661967934711;97;281;732
2021-11-13T11:37:40.186;536844661987666872;110;293;715
2021-11-13T11:37:40.206;536844662007399033;117;296;681
2021-11-13T11:37:40.225;536844662027131194;103;282;639
2021-11-13T11:37:40.245;536844662046863355;97;279;635
2021-11-13T11:37:40.265;536844662066595516;95;269;643
2021-11-13T11:37:40.284;536844662086327677;100;270;652
2021-11-13T11:37:40.304;536844662106059838;112;307;681
2021-11-13T11:37:40.324;536844662125791999;123;350;747
2021-11-13T11:37:40.344;536844662145524160;140;363;839
2021-11-13T11:37:40.363;536844662165256321;167;389;929
2021-11-13T11:37:40.383;536844662184988482;197;474;972
2021-11-13T11:37:40.403;536844662204720643;217;535;963
2021-11-13T11:37:40.423;536844662224452804;203;533;914
2021-11-13T11:37:40.442;536844662244184965;162;447;876
2021-11-13T11:37:40.462;536844662263917126;135;357;858
2021-11-13T11:37:40.482;536844662283649287;124;302;827
2021-11-13T11:37:40.502;536844662303381448;140;333;821
2021-11-13T11:37:40.521;536844662323113609;145;371;812
2021-11-13T11:37:40.541;536844662342845770;125;388;825
2021-11-13T11:37:40.561;536844662362577931;139;403;849
2021-11-13T11:37:40.580;536844662382310092;158;423;848
2021-11-13T11:37:40.600;536844662402049541;151;446;812
2021-11-13T11:37:40.620;536844662421788984;154;459;770
2021-11-13T11:37:40.640;536844662441528427;127;407;716
2021-11-13T11:37:40.659;536844662461267870;107;354;680
2021-11-13T11:37:40.679;536844662481007313;87;308;648
2021-11-13T11:37:40.699;536844662500746756;68;275;640
2021-11-13T11:37:40.719;536844662520486199;48;244;634
2021-11-13T11:37:40.738;536844662540225642;53;271;620
2021-11-13T11:37:40.758;536844662559965085;83;296;622
2021-11-13T11:37:40.778;536844662579704528;94;290;646
2021-11-13T11:37:40.798;536844662599443971;104;312;673
2021-11-13T11:37:40.817;536844662619183414;110;354;687
2021-11-13T11:37:40.837;536844662638922857;110;375;676
2021-11-13T11:37:40.857;536844662658662300;109;367;693
2021-11-13T11:37:40.877;536844662678401743;94;312;736
2021-11-13T11:37:40.896;536844662698141186;72;269;808
2021-11-13T11:37:40.916;536844662717880629;93;314;883
2021-11-13T11:37:40.936;536844662737620072;107;399;913
2021-11-13T11:37:40.955;536844662757359515;86;429;895
2021-11-13T11:37:40.975;536844662777098958;39;376;896
2021-11-13T11:37:40.995;536844662796838401;24;293;923
2021-11-13T11:37:41.015;536844662816577844;44;273;962
2021-11-13T11:37:41.034;536844662836317287;59;338;965
2021-11-13T11:37:41.054;536844662856056730;65;381;950
2021-11-13T11:37:41.074;536844662875796173;55;405;947
2021-11-13T11:37:41.094;536844662895535616;58;401;964
2021-11-13T11:37:41.113;536844662915275059;53;389;999
2021-11-13T11:37:41.133;536844662935014502;57;409;1027
2021-11-13T11:37:41.153;536844662954753945;43;423;1030
2021-11-13T11:37:41.173;536844662974493388;19;402;1028
2021-11-13T11:37:41.192;536844662994232831;3;360;1029
2021-11-13T11:37:41.212;536844663013972274;-8;326;1031
2021-11-13T11:37:41.232;536844663033711717;-6;336;1025
2021-11-13T11:37:41.252;536844663053451160;-6;363;1021
2021-11-13T11:37:41.271;536844663073190603;7;368;1017
2021-11-13T11:37:41.291;536844663092930046;0;369;1004
2021-11-13T11:37:41.311;536844663112669497;-12;370;997
2021-11-13T11:37:41.331;536844663132408940;-17;367;1001
2021-11-13T11:37:41.350;536844663152148383;-21;357;1007
2021-11-13T11:37:41.370;536844663171887826;-25;346;1015
2021-11-13T11:37:41.390;536844663191627269;-33;343;1019
2021-11-13T11:37:41.410;536844663211366712;-57;337;1009
2021-11-13T11:37:41.429;536844663231106155;-71;306;1002
2021-11-13T11:37:41.449;536844663250845598;-75;297;1003
2021-11-13T11:37:41.469;536844663270585041;-71;295;1010
2021-11-13T11:37:41.488;536844663290324484;-67;302;1023
2021-11-13T11:37:41.508;536844663310063927;-84;316;1043
2021-11-13T11:37:41.528;536844663329803370;-83;333;1064
2021-11-13T11:37:41.548;536844663349542813;-107;352;1081
2021-11-13T11:37:41.567;536844663369282256;-118;346;1091
2021-11-13T11:37:41.587;536844663389021699;-125;318;1093
2021-11-13T11:37:41.607;536844663408761142;-124;314;1100
2021-11-13T11:37:41.627;536844663428500585;-120;344;1119
2021-11-13T11:37:41.646;536844663448240028;-114;372;1145
2021-11-13T11:37:41.666;536844663467979471;-123;371;1150
2021-11-13T11:37:41.686;536844663487718914;-132;358;1139
2021-11-13T11:37:41.706;536844663507458357;-129;331;1134
2021-11-13T11:37:41.725;536844663527197800;-126;332;1140
2021-11-13T11:37:41.745;536844663546937243;-125;346;1143
2021-11-13T11:37:41.765;536844663566676686;-125;358;1141
2021-11-13T11:37:41.785;536844663586416129;-126;363;1126
2021-11-13T11:37:41.804;536844663606155572;-136;344;1112
2021-11-13T11:37:41.824;536844663625895015;-131;330;1104
2021-11-13T11:37:41.844;536844663645634458;-132;338;1114
2021-11-13T11:37:41.864;536844663665373901;-127;368;1122
2021-11-13T11:37:41.883;536844663685113344;-128;380;1121
2021-11-13T11:37:41.903;536844663704852787;-125;389;1115
2021-11-13T11:37:41.923;536844663724592230;-125;379;1108
2021-11-13T11:37:41.942;536844663744331673;-127;377;1098
2021-11-13T11:37:41.962;536844663764071116;-112;380;1090
2021-11-13T11:37:41.982;536844663783810559;-106;386;1094
2021-11-13T11:37:42.002;536844663803550002;-119;384;1087
