Phone timestamp;sensor timestamp [ns];X [mg];Y [mg];Z [mg]
2021-11-13T11:18:26.792;536843611260124128;286;805;-502
2021-11-13T11:18:26.811;536843611279827890;291;794;-501
2021-11-13T11:18:26.831;536843611299531652;282;791;-495
2021-11-13T11:18:26.851;536843611319235414;280;786;-496
2021-11-13T11:18:26.870;536843611338939176;272;795;-495
2021-11-13T11:18:26.890;536843611358642938;269;800;-500
2021-11-13T11:18:26.910;536843611378346700;276;803;-503
2021-11-13T11:18:26.929;536843611398050462;271;813;-499
2021-11-13T11:18:26.949;536843611417754224;298;802;-496
2021-11-13T11:18:26.969;536843611437457986;307;788;-497
2021-11-13T11:18:26.989;536843611457161748;295;798;-496
2021-11-13T11:18:27.008;536843611476865510;275;804;-493
2021-11-13T11:18:27.028;536843611496569272;285;792;-498
2021-11-13T11:18:27.048;536843611516273034;291;800;-509
2021-11-13T11:18:27.067;536843611535976796;284;803;-512
2021-11-13T11:18:27.087;536843611555680558;293;798;-509
2021-11-13T11:18:27.107;536843611575384320;289;799;-508
2021-11-13T11:18:27.126;536843611595088082;286;797;-511
2021-11-13T11:18:27.146;536843611614791844;281;792;-512
2021-11-13T11:18:27.166;536843611634495606;279;799;-514
2021-11-13T11:18:27.186;536843611654199368;279;803;-511
2021-11-13T11:18:27.205;536843611673903130;288;798;-507
2021-11-13T11:18:27.225;536843611693606892;287;794;-507
2021-11-13T11:18:27.245;536843611713310654;290;796;-505
2021-11-13T11:18:27.264;536843611733014416;287;799;-498
2021-11-13T11:18:27.284;536843611752718178;291;797;-496
2021-11-13T11:18:27.304;536843611772421940;288;802;-499
2021-11-13T11:18:27.324;536843611792125702;281;809;-500
2021-11-13T11:18:27.343;536843611811829464;286;803;-497
2021-11-13T11:18:27.363;536843611831533226;295;794;-499
2021-11-13T11:18:27.383;536843611851236988;295;790;-500
2021-11-13T11:18:27.402;536843611870940750;299;797;-503
2021-11-13T11:18:27.422;536843611890644512;282;805;-508
2021-11-13T11:18:27.442;536843611910348274;281;798;-509
2021-11-13T11:18:27.461;536843611930052036;278;793;-510
2021-11-13T11:18:27.481;536843611949755798;275;785;-514
2021-11-13T11:18:27.501;536843611969459580;281;783;-516
2021-11-13T11:18:27.521;536843611989163342;279;799;-522
2021-11-13T11:18:27.540;536843612008867104;268;805;-519
2021-11-13T11:18:27.560;536843612028570866;275;798;-518
2021-11-13T11:18:27.580;536843612048274628;282;796;-516
2021-11-13T11:18:27.599;536843612067978390;290;789;-509
2021-11-13T11:18:27.619;536843612087682152;296;782;-506
2021-11-13T11:18:27.639;536843612107385914;297;790;-504
2021-11-13T11:18:27.658;536843612127089676;296;791;-506
2021-11-13T11:18:27.678;536843612146793438;293;800;-504
2021-11-13T11:18:27.698;536843612166497200;279;816;-510
2021-11-13T11:18:27.718;536843612186200962;283;806;-507
2021-11-13T11:18:27.737;536843612205904724;298;787;-499
2021-11-13T11:18:27.757;536843612225608486;298;778;-498
2021-11-13T11:18:27.777;536843612245312248;294;787;-496
2021-11-13T11:18:27.796;536843612265016010;279;799;-499
2021-11-13T11:18:27.816;536843612284719772;275;809;-500
2021-11-13T11:18:27.836;536843612304423534;271;812;-506
2021-11-13T11:18:27.856;536843612324127296;281;801;-505
2021-11-13T11:18:27.875;536843612343831058;292;785;-506
2021-11-13T11:18:27.895;536843612363534820;300;792;-512
2021-11-13T11:18:27.915;536843612383238582;295;795;-511
2021-11-13T11:18:27.934;536843612402942344;295;791;-508
2021-11-13T11:18:27.954;536843612422646106;294;795;-508
2021-11-13T11:18:27.974;536843612442349868;293;797;-507
2021-11-13T11:18:27.993;536843612462053630;300;794;-505
2021-11-13T11:18:28.013;536843612481757392;298;791;-503
2021-11-13T11:18:28.033;536843612501461154;292;787;-499
2021-11-13T11:18:28.053;536843612521164916;298;790;-501
2021-11-13T11:18:28.072;536843612540868678;294;798;-499
2021-11-13T11:18:28.092;536843612560572440;286;805;-500
2021-11-13T11:18:28.112;536843612580276202;292;800;-502
2021-11-13T11:18:28.131;536843612599979964;290;793;-501
2021-11-13T11:18:28.151;536843612619683726;280;793;-502
2021-11-13T11:18:28.171;536843612639387488;282;794;-506
2021-11-13T11:18:28.190;536843612659091250;294;794;-506
2021-11-13T11:18:28.210;536843612678791389;303;793;-504
2021-11-13T11:18:28.230;536843612698491510;296;802;-505
2021-11-13T11:18:28.250;536843612718191631;297;801;-505
2021-11-13T11:18:28.269;536843612737891752;296;787;-507
2021-11-13T11:18:28.289;536843612757591873;304;784;-508
2021-11-13T11:18:28.309;536843612777291994;296;791;-505
2021-11-13T11:18:28.328;536843612796992115;292;796;-510
2021-11-13T11:18:28.348;536843612816692236;295;791;-518
2021-11-13T11:18:28.368;536843612836392357;287;793;-521
2021-11-13T11:18:28.387;536843612856092478;290;800;-515
2021-11-13T11:18:28.407;536843612875792599;292;798;-511
2021-11-13T11:18:28.427;536843612895492720;294;790;-509
2021-11-13T11:18:28.447;536843612915192841;296;791;-503
2021-11-13T11:18:28.466;536843612934892962;292;797;-502
2021-11-13T11:18:28.486;536843612954593083;292;795;-501
2021-11-13T11:18:28.506;536843612974293204;298;792;-503
2021-11-13T11:18:28.525;536843612993993325;299;795;-503
2021-11-13T11:18:28.545;536843613013693446;296;796;-501
2021-11-13T11:18:28.565;536843613033393567;291;796;-499
2021-11-13T11:18:28.584;536843613053093688;295;796;-500
2021-11-13T11:18:28.604;536843613072793809;294;798;-500
2021-11-13T11:18:28.624;536843613092493930;297;799;-501
2021-11-13T11:18:28.644;536843613112194051;293;792;-502
2021-11-13T11:18:28.663;536843613131894172;297;796;-500
2021-11-13T11:18:28.683;536843613151594293;293;798;-501
2021-11-13T11:18:28.703;536843613171294414;289;795;-505
2021-11-13T11:18:28.722;536843613190994535;291;797;-502
2021-11-13T11:18:28.742;536843613210694656;286;795;-503
2021-11-13T11:18:28.762;536843613230394777;290;793;-503
2021-11-13T11:18:28.781;536843613250094898;291;791;-505
2021-11-13T11:18:28.801;536843613269795019;297;798;-507
2021-11-13T11:18:28.821;536843613289495140;294;801;-508
2021-11-13T11:18:28.841;536843613309195261;303;800;-508
2021-11-13T11:18:28.860;536843613328895382;308;794;-507
2021-11-13T11:18:28.880;536843613348595503;308;790;-506
2021-11-13T11:18:28.900;536843613368295624;309;791;-500
2021-11-13T11:18:28.919;536843613387999406;306;799;-496
2021-11-13T11:18:28.939;536843613407703168;297;800;-496
2021-11-13T11:18:28.959;536843613427406930;289;798;-494
2021-11-13T11:18:28.978;536843613447110692;290;790;-491
2021-11-13T11:18:28.998;536843613466814454;288;791;-495
2021-11-13T11:18:29.018;536843613486518216;289;796;-493
2021-11-13T11:18:29.038;536843613506221978;291;799;-497
2021-11-13T11:18:29.057;536843613525925740;298;798;-499
2021-11-13T11:18:29.077;536843613545629502;299;797;-506
2021-11-13T11:18:29.097;536843613565333264;296;793;-510
2021-11-13T11:18:29.116;536843613585037026;302;792;-509
2021-11-13T11:18:29.136;536843613604740788;298;791;-513
2021-11-13T11:18:29.156;536843613624444550;291;794;-511
2021-11-13T11:18:29.176;536843613644148312;287;794;-509
2021-11-13T11:18:29.195;536843613663852074;293;785;-510
2021-11-13T11:18:29.215;536843613683555836;292;788;-514
2021-11-13T11:18:29.235;536843613703259598;294;796;-512
2021-11-13T11:18:29.254;536843613722963360;296;791;-511
2021-11-13T11:18:29.274;536843613742667122;299;789;-518
2021-11-13T11:18:29.294;536843613762370884;296;793;-517
2021-11-13T11:18:29.313;536843613782074646;301;793;-515
2021-11-13T11:18:29.333;536843613801778408;297;791;-514
2021-11-13T11:18:29.353;536843613821482170;293;788;-512
2021-11-13T11:18:29.373;536843613841185932;281;793;-511
2021-11-13T11:18:29.392;536843613860889694;272;792;-510
2021-11-13T11:18:29.412;536843613880593456;282;795;-512
2021-11-13T11:18:29.432;536843613900297218;292;786;-513
2021-11-13T11:18:29.451;536843613920000980;292;787;-512
2021-11-13T11:18:29.471;536843613939704742;297;802;-516
2021-11-13T11:18:29.491;536843613959408504;302;803;-506
2021-11-13T11:18:29.510;536843613979112266;305;793;-503
2021-11-13T11:18:29.530;536843613998816028;302;787;-499
2021-11-13T11:18:29.550;536843614018519790;301;790;-495
2021-11-13T11:18:29.570;536843614038223552;303;798;-499
2021-11-13T11:18:29.589;536843614057927314;290;805;-498
2021-11-13T11:18:29.609;536843614077631076;298;801;-495
2021-11-13T11:18:29.629;536843614097323943;298;798;-499
2021-11-13T11:18:29.648;536843614117016782;285;794;-496
2021-11-13T11:18:29.668;536843614136709621;291;793;-486
2021-11-13T11:18:29.688;536843614156402460;286;794;-494
2021-11-13T11:18:29.707;536843614176095299;286;798;-500
2021-11-13T11:18:29.727;536843614195788138;291;798;-494
2021-11-13T11:18:29.747;536843614215480977;297;804;-500
2021-11-13T11:18:29.767;536843614235173816;303;798;-509
2021-11-13T11:18:29.786;536843614254866655;308;796;-504
2021-11-13T11:18:29.806;536843614274559494;314;791;-506
2021-11-13T11:18:29.826;536843614294252333;305;791;-512
2021-11-13T11:18:29.845;536843614313945172;302;795;-509
2021-11-13T11:18:29.865;536843614333638011;296;797;-511
2021-11-13T11:18:29.885;536843614353330850;297;798;-510
2021-11-13T11:18:29.904;536843614373023689;288;799;-513
2021-11-13T11:18:29.924;536843614392716528;282;796;-508
2021-11-13T11:18:29.944;536843614412409367;289;791;-500
2021-11-13T11:18:29.963;536843614432102206;295;797;-506
2021-11-13T11:18:29.983;536843614451795045;287;810;-510
2021-11-13T11:18:30.003;536843614471487884;288;811;-508
2021-11-13T11:18:30.023;536843614491180723;293;808;-511
2021-11-13T11:18:30.042;536843614510873562;306;806;-503
2021-11-13T11:18:30.062;536843614530566401;307;796;-496
2021-11-13T11:18:30.082;536843614550259240;311;790;-490
2021-11-13T11:18:30.101;536843614569952079;307;796;-488
2021-11-13T11:18:30.121;536843614589644918;316;789;-483
2021-11-13T11:18:30.141;536843614609337757;306;797;-479
2021-11-13T11:18:30.160;536843614629030596;316;819;-475
2021-11-13T11:18:30.180;536843614648723435;300;827;-470
2021-11-13T11:18:30.200;536843614668416274;304;813;-466
2021-11-13T11:18:30.219;536843614688109113;305;798;-474
2021-11-13T11:18:30.239;536843614707801952;301;803;-475
2021-11-13T11:18:30.259;536843614727494791;302;804;-475
2021-11-13T11:18:30.279;536843614747187630;300;810;-472
2021-11-13T11:18:30.298;536843614766880469;295;812;-476
2021-11-13T11:18:30.318;536843614786573308;295;808;-477
2021-11-13T11:18:30.338;536843614806274886;295;803;-476
2021-11-13T11:18:30.357;536843614825976464;300;809;-478
2021-11-13T11:18:30.377;536843614845678042;305;814;-479
2021-11-13T11:18:30.397;536843614865379620;307;808;-479
2021-11-13T11:18:30.416;536843614885081198;307;809;-472
2021-11-13T11:18:30.436;536843614904782776;304;806;-478
2021-11-13T11:18:30.456;536843614924484354;305;800;-481
2021-11-13T11:18:30.476;536843614944185932;308;810;-476
2021-11-13T11:18:30.495;536843614963887510;299;813;-484
2021-11-13T11:18:30.515;536843614983589088;302;804;-488
2021-11-13T11:18:30.535;536843615003290666;299;804;-490
2021-11-13T11:18:30.554;536843615022992244;301;803;-493
2021-11-13T11:18:30.574;536843615042693822;300;795;-499
2021-11-13T11:18:30.594;536843615062395400;297;792;-505
2021-11-13T11:18:30.613;536843615082096978;294;797;-505
2021-11-13T11:18:30.633;536843615101798556;299;808;-505
2021-11-13T11:18:30.653;536843615121500134;302;796;-504
2021-11-13T11:18:30.673;536843615141201712;309;782;-505
2021-11-13T11:18:30.692;536843615160903290;316;785;-507
2021-11-13T11:18:30.712;536843615180604868;314;793;-508
2021-11-13T11:18:30.732;536843615200306446;308;798;-512
2021-11-13T11:18:30.751;536843615220008024;310;791;-519
2021-11-13T11:18:30.771;536843615239709602;309;792;-519
2021-11-13T11:18:30.791;536843615259411180;301;793;-520
2021-11-13T11:18:30.810;536843615279112758;296;787;-517
2021-11-13T11:18:30.830;536843615298814336;292;775;-519
2021-11-13T11:18:30.850;536843615318515914;291;784;-508
2021-11-13T11:18:30.870;536843615338217492;293;788;-508
2021-11-13T11:18:30.889;536843615357919070;302;787;-510
2021-11-13T11:18:30.909;536843615377620648;305;789;-511
2021-11-13T11:18:30.929;536843615397322226;310;791;-503
2021-11-13T11:18:30.948;536843615417023804;311;789;-501
2021-11-13T11:18:30.968;536843615436725382;306;791;-503
2021-11-13T11:18:30.988;536843615456426960;303;787;-504
2021-11-13T11:18:31.008;536843615476128538;305;788;-499
2021-11-13T11:18:31.027;536843615495830116;308;792;-500
2021-11-13T11:18:31.047;536843615515528791;306;791;-505
2021-11-13T11:18:31.067;536843615535227456;312;793;-508
2021-11-13T11:18:31.086;536843615554926121;308;790;-506
2021-11-13T11:18:31.106;536843615574624786;307;790;-504
2021-11-13T11:18:31.126;536843615594323451;305;788;-502
2021-11-13T11:18:31.145;536843615614022116;306;790;-499
2021-11-13T11:18:31.165;536843615633720781;304;791;-497
2021-11-13T11:18:31.185;536843615653419446;302;788;-500
2021-11-13T11:18:31.204;536843615673118111;304;792;-506
2021-11-13T11:18:31.224;536843615692816776;306;788;-512
2021-11-13T11:18:31.244;536843615712515441;305;787;-511
2021-11-13T11:18:31.264;536843615732214106;308;786;-513
2021-11-13T11:18:31.283;536843615751912771;309;790;-516
2021-11-13T11:18:31.303;536843615771611436;304;791;-515
2021-11-13T11:18:31.323;536843615791310101;305;787;-511
2021-11-13T11:18:31.342;536843615811008766;305;788;-505
2021-11-13T11:18:31.362;536843615830707431;303;789;-505
2021-11-13T11:18:31.382;536843615850406096;304;788;-502
2021-11-13T11:18:31.401;536843615870104761;303;791;-505
2021-11-13T11:18:31.421;536843615889803426;301;792;-503
2021-11-13T11:18:31.441;536843615909502091;308;788;-502
2021-11-13T11:18:31.461;536843615929200756;306;787;-502
2021-11-13T11:18:31.480;536843615948899421;305;790;-505
2021-11-13T11:18:31.500;536843615968598086;305;788;-504
2021-11-13T11:18:31.520;536843615988296751;302;788;-503
2021-11-13T11:18:31.539;536843616007995416;302;791;-508
2021-11-13T11:18:31.559;536843616027694081;305;792;-507
2021-11-13T11:18:31.579;536843616047392746;310;787;-506
2021-11-13T11:18:31.598;536843616067091411;319;781;-509
2021-11-13T11:18:31.618;536843616086790076;330;789;-510
2021-11-13T11:18:31.638;536843616106488741;330;793;-509
2021-11-13T11:18:31.658;536843616126187406;324;792;-510
2021-11-13T11:18:31.677;536843616145886071;315;793;-509
2021-11-13T11:18:31.697;536843616165584736;307;789;-508
2021-11-13T11:18:31.717;536843616185283401;301;785;-505
2021-11-13T11:18:31.736;536843616204982066;298;782;-504
2021-11-13T11:18:31.756;536843616224685842;294;784;-505
2021-11-13T11:18:31.776;536843616244389604;297;787;-511
2021-11-13T11:18:31.795;536843616264093366;302;794;-509
2021-11-13T11:18:31.815;536843616283797128;304;793;-508
2021-11-13T11:18:31.835;536843616303500890;304;791;-509
2021-11-13T11:18:31.855;536843616323204652;301;788;-506
2021-11-13T11:18:31.874;536843616342908414;303;789;-501
2021-11-13T11:18:31.894;536843616362612176;309;788;-503
2021-11-13T11:18:31.914;536843616382315938;306;792;-500
2021-11-13T11:18:31.933;536843616402019700;306;791;-499
2021-11-13T11:18:31.953;536843616421723462;307;783;-498
2021-11-13T11:18:31.973;536843616441427224;304;788;-503
2021-11-13T11:18:31.993;536843616461130986;306;800;-501
2021-11-13T11:18:32.012;536843616480834748;311;792;-500
2021-11-13T11:18:32.032;536843616500538510;311;785;-501
2021-11-13T11:18:32.052;536843616520242272;308;790;-509
2021-11-13T11:18:32.071;536843616539946034;304;792;-513
2021-11-13T11:18:32.091;536843616559649796;307;794;-508
2021-11-13T11:18:32.111;536843616579353558;305;792;-511
2021-11-13T11:18:32.130;536843616599057320;302;784;-510
2021-11-13T11:18:32.150;536843616618761082;304;782;-508
2021-11-13T11:18:32.170;536843616638464844;301;785;-508
2021-11-13T11:18:32.190;536843616658168606;299;789;-511
2021-11-13T11:18:32.209;536843616677872368;301;789;-516
2021-11-13T11:18:32.229;536843616697576130;302;788;-523
2021-11-13T11:18:32.249;536843616717279892;303;788;-529
2021-11-13T11:18:32.268;536843616736983654;303;790;-530
2021-11-13T11:18:32.288;536843616756687416;298;785;-520
2021-11-13T11:18:32.308;536843616776391178;302;781;-511
2021-11-13T11:18:32.327;536843616796094940;307;786;-511
2021-11-13T11:18:32.347;536843616815798702;299;789;-513
2021-11-13T11:18:32.367;536843616835502464;300;794;-501
2021-11-13T11:18:32.387;536843616855206226;295;793;-498
2021-11-13T11:18:32.406;536843616874909988;296;796;-502
2021-11-13T11:18:32.426;536843616894613750;297;793;-500
2021-11-13T11:18:32.446;536843616914317512;298;789;-498
2021-11-13T11:18:32.465;536843616934017657;302;789;-499
2021-11-13T11:18:32.485;536843616953717778;304;794;-496
2021-11-13T11:18:32.505;536843616973417899;311;797;-495
2021-11-13T11:18:32.524;536843616993118020;308;793;-496
2021-11-13T11:18:32.544;536843617012818141;304;796;-495
2021-11-13T11:18:32.564;536843617032518262;307;787;-498
2021-11-13T11:18:32.584;536843617052218383;314;786;-499
2021-11-13T11:18:32.603;536843617071918504;312;801;-500
2021-11-13T11:18:32.623;536843617091618625;313;799;-507
2021-11-13T11:18:32.643;536843617111318746;305;791;-506
2021-11-13T11:18:32.662;536843617131018867;302;788;-500
2021-11-13T11:18:32.682;536843617150718988;298;786;-506
2021-11-13T11:18:32.702;536843617170419109;300;789;-507
2021-11-13T11:18:32.721;536843617190119230;292;789;-502
2021-11-13T11:18:32.741;536843617209819351;291;793;-500
2021-11-13T11:18:32.761;536843617229519472;295;793;-507
2021-11-13T11:18:32.781;536843617249219593;297;791;-509
2021-11-13T11:18:32.800;536843617268919714;301;792;-504
2021-11-13T11:18:32.820;536843617288619835;302;795;-504
2021-11-13T11:18:32.840;536843617308319956;298;791;-510
2021-11-13T11:18:32.859;536843617328020077;298;787;-510
2021-11-13T11:18:32.879;536843617347720198;303;781;-503
2021-11-13T11:18:32.899;536843617367420319;310;782;-503
2021-11-13T11:18:32.918;536843617387120440;307;793;-516
2021-11-13T11:18:32.938;536843617406820561;312;792;-516
2021-11-13T11:18:32.958;536843617426520682;312;786;-511
2021-11-13T11:18:32.978;536843617446220803;306;788;-516
2021-11-13T11:18:32.997;536843617465920924;306;788;-518
2021-11-13T11:18:33.017;536843617485621045;299;785;-517
2021-11-13T11:18:33.037;536843617505321166;303;785;-516
2021-11-13T11:18:33.056;536843617525021287;313;782;-512
2021-11-13T11:18:33.076;536843617544721408;311;781;-508
2021-11-13T11:18:33.096;536843617564421529;312;786;-505
2021-11-13T11:18:33.115;536843617584121650;297;787;-506
2021-11-13T11:18:33.135;536843617603821771;297;780;-502
2021-11-13T11:18:33.155;536843617623521892;295;787;-508
2021-11-13T11:18:33.175;536843617643229303;303;787;-517
2021-11-13T11:18:33.194;536843617662936706;309;784;-517
2021-11-13T11:18:33.214;536843617682644109;312;785;-523
2021-11-13T11:18:33.234;536843617702351512;311;783;-533
2021-11-13T11:18:33.253;536843617722058915;310;787;-524
2021-11-13T11:18:33.273;536843617741766318;306;785;-520
2021-11-13T11:18:33.293;536843617761473721;301;790;-521
2021-11-13T11:18:33.313;536843617781181124;294;785;-515
2021-11-13T11:18:33.332;536843617800888527;292;779;-510
2021-11-13T11:18:33.352;536843617820595930;301;781;-513
2021-11-13T11:18:33.372;536843617840303333;298;789;-510
2021-11-13T11:18:33.391;536843617860010736;299;792;-506
2021-11-13T11:18:33.411;536843617879718139;302;787;-504
2021-11-13T11:18:33.431;536843617899425542;306;783;-503
2021-11-13T11:18:33.451;536843617919132945;319;783;-506
2021-11-13T11:18:33.470;536843617938840348;316;791;-504
2021-11-13T11:18:33.490;536843617958547751;311;794;-506
2021-11-13T11:18:33.510;536843617978255154;307;784;-514
2021-11-13T11:18:33.529;536843617997962557;305;786;-513
2021-11-13T11:18:33.549;536843618017669960;302;789;-511
2021-11-13T11:18:33.569;536843618037377363;303;786;-511
2021-11-13T11:18:33.588;536843618057084766;310;785;-509
2021-11-13T11:18:33.608;536843618076792169;307;785;-507
2021-11-13T11:18:33.628;536843618096499572;306;783;-509
2021-11-13T11:18:33.648;536843618116206975;309;788;-505
2021-11-13T11:18:33.667;536843618135914378;308;796;-499
2021-11-13T11:18:33.687;536843618155621781;306;795;-501
2021-11-13T11:18:33.707;536843618175329184;308;787;-505
2021-11-13T11:18:33.726;536843618195036587;313;789;-505
2021-11-13T11:18:33.746;536843618214743990;312;788;-505
2021-11-13T11:18:33.766;536843618234451393;309;784;-506
2021-11-13T11:18:33.786;536843618254158796;309;786;-506
2021-11-13T11:18:33.805;536843618273866199;310;789;-510
2021-11-13T11:18:33.825;536843618293573602;308;788;-511
2021-11-13T11:18:33.845;536843618313281005;303;791;-507
2021-11-13T11:18:33.864;536843618332988408;306;793;-508
2021-11-13T11:18:33.884;536843618352695829;305;786;-513
2021-11-13T11:18:33.904;536843618372403232;304;786;-510
2021-11-13T11:18:33.923;536843618392110635;305;784;-506
2021-11-13T11:18:33.943;536843618411818038;305;787;-506
2021-11-13T11:18:33.963;536843618431525441;303;788;-508
2021-11-13T11:18:33.983;536843618451232844;304;789;-507
2021-11-13T11:18:34.002;536843618470940247;307;789;-505
2021-11-13T11:18:34.022;536843618490647650;308;788;-510
2021-11-13T11:18:34.042;536843618510355053;313;787;-514
2021-11-13T11:18:34.061;536843618530062456;314;788;-511
2021-11-13T11:18:34.081;536843618549769859;311;788;-506
2021-11-13T11:18:34.101;536843618569477262;310;786;-513
2021-11-13T11:18:34.121;536843618589184665;302;787;-515
2021-11-13T11:18:34.140;536843618608892068;306;787;-512
2021-11-13T11:18:34.160;536843618628599471;310;785;-511
2021-11-13T11:18:34.180;536843618648306874;306;785;-512
2021-11-13T11:18:34.199;536843618668014277;305;785;-512
2021-11-13T11:18:34.219;536843618687721680;312;783;-511
2021-11-13T11:18:34.239;536843618707429083;313;790;-508
2021-11-13T11:18:34.259;536843618727136486;312;792;-506
2021-11-13T11:18:34.278;536843618746843889;311;791;-506
2021-11-13T11:18:34.298;536843618766551292;311;788;-505
2021-11-13T11:18:34.318;536843618786258695;302;785;-503
2021-11-13T11:18:34.337;536843618805966098;299;786;-505
2021-11-13T11:18:34.357;536843618825673501;301;779;-510
2021-11-13T11:18:34.377;536843618845380904;305;784;-511
2021-11-13T11:18:34.396;536843618865088307;308;789;-508
2021-11-13T11:18:34.416;536843618884795710;309;787;-510
2021-11-13T11:18:34.436;536843618904503113;310;786;-511
2021-11-13T11:18:34.456;536843618924210516;309;789;-513
2021-11-13T11:18:34.475;536843618943917919;308;791;-511
2021-11-13T11:18:34.495;536843618963625322;302;785;-510
2021-11-13T11:18:34.515;536843618983332725;306;779;-511
2021-11-13T11:18:34.534;536843619003040128;302;786;-504
2021-11-13T11:18:34.554;536843619022747531;302;790;-508
2021-11-13T11:18:34.574;536843619042454934;297;789;-511
2021-11-13T11:18:34.594;536843619062151442;302;784;-510
2021-11-13T11:18:34.613;536843619081847922;301;787;-511
2021-11-13T11:18:34.633;536843619101544402;307;789;-509
2021-11-13T11:18:34.653;536843619121240882;306;790;-513
2021-11-13T11:18:34.672;536843619140937362;303;786;-511
2021-11-13T11:18:34.692;536843619160633842;305;784;-508
2021-11-13T11:18:34.712;536843619180330322;310;783;-507
2021-11-13T11:18:34.731;536843619200026802;311;788;-506
2021-11-13T11:18:34.751;536843619219723282;309;793;-512
2021-11-13T11:18:34.771;536843619239419762;302;792;-518
2021-11-13T11:18:34.790;536843619259116242;309;783;-515
2021-11-13T11:18:34.810;536843619278812722;309;777;-511
2021-11-13T11:18:34.830;536843619298509202;305;791;-506
2021-11-13T11:18:34.850;536843619318205682;304;790;-506
2021-11-13T11:18:34.869;536843619337902162;297;786;-508
2021-11-13T11:18:34.889;536843619357598642;290;792;-513
2021-11-13T11:18:34.909;536843619377295122;290;786;-517
2021-11-13T11:18:34.928;536843619396991602;291;787;-518
2021-11-13T11:18:34.948;536843619416688082;285;785;-522
2021-11-13T11:18:34.968;536843619436384562;294;790;-521
2021-11-13T11:18:34.987;536843619456081042;292;790;-513
2021-11-13T11:18:35.007;536843619475777522;292;794;-506
2021-11-13T11:18:35.027;536843619495474002;307;787;-505
2021-11-13T11:18:35.047;536843619515170482;318;785;-507
2021-11-13T11:18:35.066;536843619534866962;312;798;-510
2021-11-13T11:18:35.086;536843619554563442;318;799;-505
2021-11-13T11:18:35.106;536843619574259922;314;797;-498
2021-11-13T11:18:35.125;536843619593956402;316;791;-495
2021-11-13T11:18:35.145;536843619613652882;316;784;-491
2021-11-13T11:18:35.165;536843619633349362;324;794;-489
2021-11-13T11:18:35.184;536843619653045842;316;796;-490
2021-11-13T11:18:35.204;536843619672742322;309;800;-490
2021-11-13T11:18:35.224;536843619692438802;307;801;-489
2021-11-13T11:18:35.244;536843619712135282;293;793;-492
2021-11-13T11:18:35.263;536843619731831762;299;794;-491
2021-11-13T11:18:35.283;536843619751528242;303;791;-500
2021-11-13T11:18:35.303;536843619771232018;310;791;-504
2021-11-13T11:18:35.322;536843619790935780;299;793;-504
2021-11-13T11:18:35.342;536843619810639542;299;796;-505
2021-11-13T11:18:35.362;536843619830343304;310;789;-505
2021-11-13T11:18:35.381;536843619850047066;307;788;-507
2021-11-13T11:18:35.401;536843619869750828;309;796;-505
2021-11-13T11:18:35.421;536843619889454590;305;793;-502
2021-11-13T11:18:35.441;536843619909158352;307;793;-498
2021-11-13T11:18:35.460;536843619928862114;305;790;-502
2021-11-13T11:18:35.480;536843619948565876;302;797;-506
2021-11-13T11:18:35.500;536843619968269638;303;791;-506
2021-11-13T11:18:35.519;536843619987973400;300;790;-507
2021-11-13T11:18:35.539;536843620007677162;299;783;-512
2021-11-13T11:18:35.559;536843620027380924;303;785;-513
2021-11-13T11:18:35.578;536843620047084686;302;786;-515
2021-11-13T11:18:35.598;536843620066788448;300;785;-516
2021-11-13T11:18:35.618;536843620086492210;309;786;-516
2021-11-13T11:18:35.638;536843620106195972;312;790;-519
2021-11-13T11:18:35.657;536843620125899734;316;795;-518
2021-11-13T11:18:35.677;536843620145603496;310;793;-521
2021-11-13T11:18:35.697;536843620165307258;308;786;-513
2021-11-13T11:18:35.716;536843620185011020;309;777;-507
2021-11-13T11:18:35.736;536843620204714782;313;783;-509
2021-11-13T11:18:35.756;536843620224418544;310;785;-503
2021-11-13T11:18:35.775;536843620244122306;306;794;-494
2021-11-13T11:18:35.795;536843620263826068;304;793;-493
2021-11-13T11:18:35.815;536843620283529830;306;786;-495
2021-11-13T11:18:35.835;536843620303233592;308;782;-501
2021-11-13T11:18:35.854;536843620322937354;312;785;-508
2021-11-13T11:18:35.874;536843620342641116;312;791;-513
2021-11-13T11:18:35.894;536843620362344878;311;790;-514
2021-11-13T11:18:35.913;536843620382048640;314;792;-511
2021-11-13T11:18:35.933;536843620401752402;318;792;-511
2021-11-13T11:18:35.953;536843620421456164;306;786;-509
2021-11-13T11:18:35.973;536843620441159926;295;787;-517
2021-11-13T11:18:35.992;536843620460863688;299;786;-522
2021-11-13T11:18:36.012;536843620480560196;294;786;-531
2021-11-13T11:18:36.032;536843620500256676;306;788;-534
2021-11-13T11:18:36.051;536843620519953156;308;791;-529
2021-11-13T11:18:36.071;536843620539649636;308;782;-530
2021-11-13T11:18:36.091;536843620559346116;322;767;-520
2021-11-13T11:18:36.110;536843620579042596;325;759;-511
2021-11-13T11:18:36.130;536843620598739076;315;763;-511
2021-11-13T11:18:36.150;536843620618435556;303;773;-515
2021-11-13T11:18:36.170;536843620638132036;297;780;-518
2021-11-13T11:18:36.189;536843620657828516;292;781;-513
2021-11-13T11:18:36.209;536843620677524996;282;781;-520
2021-11-13T11:18:36.229;536843620697221476;297;785;-530
2021-11-13T11:18:36.248;536843620716917956;305;775;-536
2021-11-13T11:18:36.268;536843620736614436;306;777;-543
2021-11-13T11:18:36.288;536843620756310916;307;781;-538
2021-11-13T11:18:36.307;536843620776007396;302;786;-536
2021-11-13T11:18:36.327;536843620795703876;301;782;-527
2021-11-13T11:18:36.347;536843620815400356;296;776;-515
2021-11-13T11:18:36.366;536843620835096836;304;775;-509
2021-11-13T11:18:36.386;536843620854793316;307;785;-505
2021-11-13T11:18:36.406;536843620874489796;307;788;-500
2021-11-13T11:18:36.426;536843620894186276;308;790;-495
2021-11-13T11:18:36.445;536843620913882756;306;788;-494
2021-11-13T11:18:36.465;536843620933579236;304;785;-494
2021-11-13T11:18:36.485;536843620953275716;302;789;-496
2021-11-13T11:18:36.504;536843620972972196;300;793;-497
2021-11-13T11:18:36.524;536843620992668676;303;790;-500
2021-11-13T11:18:36.544;536843621012365156;304;785;-508
2021-11-13T11:18:36.563;536843621032061636;302;782;-511
2021-11-13T11:18:36.583;536843621051758116;299;784;-511
2021-11-13T11:18:36.603;536843621071454596;298;783;-517
2021-11-13T11:18:36.623;536843621091151076;286;780;-521
2021-11-13T11:18:36.642;536843621110847556;296;781;-523
2021-11-13T11:18:36.662;536843621130544036;314;774;-536
2021-11-13T11:18:36.682;536843621150240516;317;775;-543
2021-11-13T11:18:36.701;536843621169936996;314;783;-544
2021-11-13T11:18:36.721;536843621189637135;327;786;-539
2021-11-13T11:18:36.741;536843621209337256;324;776;-529
2021-11-13T11:18:36.760;536843621229037377;319;771;-526
2021-11-13T11:18:36.780;536843621248737498;318;777;-521
2021-11-13T11:18:36.800;536843621268437619;316;780;-515
2021-11-13T11:18:36.820;536843621288137740;309;780;-512
2021-11-13T11:18:36.839;536843621307837861;306;776;-512
2021-11-13T11:18:36.859;536843621327537982;304;777;-517
2021-11-13T11:18:36.879;536843621347238103;301;781;-517
2021-11-13T11:18:36.898;536843621366938224;299;774;-516
2021-11-13T11:18:36.918;536843621386638345;305;770;-521
2021-11-13T11:18:36.938;536843621406338466;308;775;-530
2021-11-13T11:18:36.957;536843621426038587;312;782;-530
2021-11-13T11:18:36.977;536843621445738708;309;783;-524
2021-11-13T11:18:36.997;536843621465438829;304;774;-523
2021-11-13T11:18:37.017;536843621485138950;306;775;-529
2021-11-13T11:18:37.036;536843621504839071;303;785;-528
2021-11-13T11:18:37.056;536843621524539192;299;780;-518
2021-11-13T11:18:37.076;536843621544239313;301;775;-515
2021-11-13T11:18:37.095;536843621563939434;300;780;-520
2021-11-13T11:18:37.115;536843621583639555;299;782;-520
2021-11-13T11:18:37.135;536843621603339676;310;779;-518
2021-11-13T11:18:37.154;536843621623039797;319;778;-515
2021-11-13T11:18:37.174;536843621642739918;309;783;-517
2021-11-13T11:18:37.194;536843621662440039;310;786;-521
2021-11-13T11:18:37.214;536843621682140160;309;791;-516
2021-11-13T11:18:37.233;536843621701840281;310;784;-522
2021-11-13T11:18:37.253;536843621721540402;312;779;-521
2021-11-13T11:18:37.273;536843621741240523;308;781;-515
2021-11-13T11:18:37.292;536843621760940644;307;782;-511
2021-11-13T11:18:37.312;536843621780640765;304;779;-507
2021-11-13T11:18:37.332;536843621800340886;297;791;-510
2021-11-13T11:18:37.351;536843621820041007;293;797;-513
2021-11-13T11:18:37.371;536843621839741128;300;796;-512
2021-11-13T11:18:37.391;536843621859441249;299;787;-507
2021-11-13T11:18:37.411;536843621879141370;305;783;-502
2021-11-13T11:18:37.430;536843621898845152;305;779;-501
2021-11-13T11:18:37.450;536843621918548914;307;790;-502
2021-11-13T11:18:37.470;536843621938252676;302;798;-499
2021-11-13T11:18:37.489;536843621957956438;293;797;-494
2021-11-13T11:18:37.509;536843621977660200;295;800;-493
2021-11-13T11:18:37.529;536843621997363962;293;799;-497
2021-11-13T11:18:37.548;536843622017067724;293;797;-485
2021-11-13T11:18:37.568;536843622036771486;294;799;-485
2021-11-13T11:18:37.588;536843622056475248;303;800;-492
2021-11-13T11:18:37.608;536843622076179010;311;802;-492
2021-11-13T11:18:37.627;536843622095882772;319;807;-481
2021-11-13T11:18:37.647;536843622115586534;325;803;-483
2021-11-13T11:18:37.667;536843622135290296;320;801;-487
2021-11-13T11:18:37.686;536843622154994058;305;793;-489
2021-11-13T11:18:37.706;536843622174697820;300;792;-488
2021-11-13T11:18:37.726;536843622194401582;300;789;-491
2021-11-13T11:18:37.745;536843622214105344;300;793;-497
2021-11-13T11:18:37.765;536843622233809106;300;796;-501
2021-11-13T11:18:37.785;536843622253512868;302;793;-505
2021-11-13T11:18:37.805;536843622273216630;312;790;-510
2021-11-13T11:18:37.824;536843622292920392;315;790;-514
2021-11-13T11:18:37.844;536843622312624154;316;788;-524
2021-11-13T11:18:37.864;536843622332327916;311;790;-523
2021-11-13T11:18:37.883;536843622352031678;308;791;-525
2021-11-13T11:18:37.903;536843622371735440;306;782;-521
2021-11-13T11:18:37.923;536843622391439202;303;777;-526
2021-11-13T11:18:37.943;536843622411142964;314;779;-516
2021-11-13T11:18:37.962;536843622430846726;306;780;-521
2021-11-13T11:18:37.982;536843622450550488;297;795;-520
2021-11-13T11:18:38.002;536843622470254250;295;791;-516
2021-11-13T11:18:38.021;536843622489958012;306;784;-507
2021-11-13T11:18:38.041;536843622509661774;311;781;-507
2021-11-13T11:18:38.061;536843622529365536;309;783;-513
2021-11-13T11:18:38.080;536843622549069298;308;791;-509
2021-11-13T11:18:38.100;536843622568773060;306;790;-509
2021-11-13T11:18:38.120;536843622588476822;307;786;-507
2021-11-13T11:18:38.140;536843622608173330;301;784;-508
2021-11-13T11:18:38.159;536843622627869810;302;782;-513
2021-11-13T11:18:38.179;536843622647566290;303;774;-509
2021-11-13T11:18:38.199;536843622667262770;303;767;-517
2021-11-13T11:18:38.218;536843622686959250;310;779;-520
2021-11-13T11:18:38.238;536843622706655730;305;787;-523
2021-11-13T11:18:38.258;536843622726352210;313;786;-527
2021-11-13T11:18:38.277;536843622746048690;312;787;-536
2021-11-13T11:18:38.297;536843622765745170;306;790;-530
2021-11-13T11:18:38.317;536843622785441650;303;778;-516
2021-11-13T11:18:38.337;536843622805138130;306;769;-518
2021-11-13T11:18:38.356;536843622824834610;311;773;-523
2021-11-13T11:18:38.376;536843622844531090;311;784;-512
2021-11-13T11:18:38.396;536843622864227570;308;777;-508
2021-11-13T11:18:38.415;536843622883924050;314;783;-515
2021-11-13T11:18:38.435;536843622903620530;310;790;-517
2021-11-13T11:18:38.455;536843622923317010;305;785;-508
2021-11-13T11:18:38.474;536843622943013490;312;772;-506
2021-11-13T11:18:38.494;536843622962709970;298;784;-512
2021-11-13T11:18:38.514;536843622982406450;301;788;-517
2021-11-13T11:18:38.533;536843623002102930;301;792;-505
2021-11-13T11:18:38.553;536843623021799410;311;790;-505
2021-11-13T11:18:38.573;536843623041495890;326;789;-502
2021-11-13T11:18:38.593;536843623061192370;324;773;-498
2021-11-13T11:18:38.612;536843623080888850;323;783;-498
2021-11-13T11:18:38.632;536843623100585330;328;794;-501
2021-11-13T11:18:38.652;536843623120281810;326;805;-499
2021-11-13T11:18:38.671;536843623139978290;320;798;-498
2021-11-13T11:18:38.691;536843623159674770;304;789;-498
2021-11-13T11:18:38.711;536843623179371250;295;785;-496
2021-11-13T11:18:38.730;536843623199067730;302;779;-499
2021-11-13T11:18:38.750;536843623218764210;305;780;-507
2021-11-13T11:18:38.770;536843623238460690;307;786;-508
2021-11-13T11:18:38.790;536843623258157170;311;783;-515
2021-11-13T11:18:38.809;536843623277853650;316;789;-518
2021-11-13T11:18:38.829;536843623297550130;323;795;-516
2021-11-13T11:18:38.849;536843623317257543;328;790;-505
2021-11-13T11:18:38.868;536843623336964946;318;770;-504
2021-11-13T11:18:38.888;536843623356672349;308;765;-510
2021-11-13T11:18:38.908;536843623376379752;311;783;-515
2021-11-13T11:18:38.927;536843623396087155;304;787;-525
2021-11-13T11:18:38.947;536843623415794558;312;784;-524
2021-11-13T11:18:38.967;536843623435501961;318;785;-522
2021-11-13T11:18:38.987;536843623455209364;326;782;-517
2021-11-13T11:18:39.006;536843623474916767;322;775;-514
2021-11-13T11:18:39.026;536843623494624170;320;776;-515
2021-11-13T11:18:39.046;536843623514331573;319;786;-514
2021-11-13T11:18:39.065;536843623534038976;317;793;-507
2021-11-13T11:18:39.085;536843623553746379;312;790;-503
2021-11-13T11:18:39.105;536843623573453782;308;781;-500
2021-11-13T11:18:39.125;536843623593161185;309;777;-496
2021-11-13T11:18:39.144;536843623612868588;310;777;-499
2021-11-13T11:18:39.164;536843623632575991;312;782;-502
2021-11-13T11:18:39.184;536843623652283394;319;791;-508
2021-11-13T11:18:39.203;536843623671990797;324;795;-509
2021-11-13T11:18:39.223;536843623691698200;345;789;-515
2021-11-13T11:18:39.243;536843623711405603;344;781;-516
2021-11-13T11:18:39.262;536843623731113006;338;778;-513
2021-11-13T11:18:39.282;536843623750820409;329;780;-513
2021-11-13T11:18:39.302;536843623770527812;316;784;-510
2021-11-13T11:18:39.322;536843623790235215;305;785;-511
2021-11-13T11:18:39.341;536843623809942618;300;783;-509
2021-11-13T11:18:39.361;536843623829650021;307;780;-501
2021-11-13T11:18:39.381;536843623849357424;313;772;-500
2021-11-13T11:18:39.400;536843623869064827;316;775;-518
2021-11-13T11:18:39.420;536843623888772230;314;785;-521
2021-11-13T11:18:39.440;536843623908479633;315;786;-520
2021-11-13T11:18:39.460;536843623928187036;322;787;-530
2021-11-13T11:18:39.479;536843623947894439;316;788;-529
2021-11-13T11:18:39.499;536843623967601842;318;780;-511
2021-11-13T11:18:39.519;536843623987309245;324;773;-508
2021-11-13T11:18:39.538;536843624007016648;318;777;-511
2021-11-13T11:18:39.558;536843624026710952;315;783;-511
2021-11-13T11:18:39.578;536843624046405248;321;786;-506
2021-11-13T11:18:39.597;536843624066099544;320;789;-505
2021-11-13T11:18:39.617;536843624085793840;312;790;-509
2021-11-13T11:18:39.637;536843624105488136;311;782;-508
2021-11-13T11:18:39.657;536843624125182432;318;774;-508
2021-11-13T11:18:39.676;536843624144876728;317;774;-513
2021-11-13T11:18:39.696;536843624164571024;312;786;-514
2021-11-13T11:18:39.716;536843624184265320;306;790;-518
2021-11-13T11:18:39.735;536843624203959616;309;784;-512
2021-11-13T11:18:39.755;536843624223653912;320;783;-508
2021-11-13T11:18:39.775;536843624243348208;323;782;-510
2021-11-13T11:18:39.794;536843624263042504;319;788;-506
2021-11-13T11:18:39.814;536843624282736800;315;787;-510
2021-11-13T11:18:39.834;536843624302431096;307;789;-512
2021-11-13T11:18:39.854;536843624322125392;318;785;-508
2021-11-13T11:18:39.873;536843624341819688;315;785;-510
2021-11-13T11:18:39.893;536843624361513984;308;787;-507
2021-11-13T11:18:39.913;536843624381208280;307;787;-504
2021-11-13T11:18:39.932;536843624400902576;309;788;-507
2021-11-13T11:18:39.952;536843624420596872;297;790;-506
2021-11-13T11:18:39.972;536843624440291168;310;782;-501
2021-11-13T11:18:39.991;536843624459985464;306;791;-507
2021-11-13T11:18:40.011;536843624479679760;312;794;-507
2021-11-13T11:18:40.031;536843624499374056;322;785;-504
2021-11-13T11:18:40.050;536843624519068352;328;789;-504
2021-11-13T11:18:40.070;536843624538762648;321;794;-504
2021-11-13T11:18:40.090;536843624558456944;316;784;-497
2021-11-13T11:18:40.110;536843624578151240;310;787;-492
2021-11-13T11:18:40.129;536843624597845536;305;791;-495
2021-11-13T11:18:40.149;536843624617539832;311;787;-500
2021-11-13T11:18:40.169;536843624637234128;309;786;-503
2021-11-13T11:18:40.188;536843624656928424;315;784;-501
2021-11-13T11:18:40.208;536843624676622720;317;789;-509
2021-11-13T11:18:40.228;536843624696317016;307;793;-515
2021-11-13T11:18:40.247;536843624716011312;313;791;-507
2021-11-13T11:18:40.267;536843624735713620;312;785;-500
2021-11-13T11:18:40.287;536843624755415926;315;786;-495
2021-11-13T11:18:40.306;536843624775118232;313;789;-499
2021-11-13T11:18:40.326;536843624794820538;310;783;-501
2021-11-13T11:18:40.346;536843624814522844;309;788;-505
2021-11-13T11:18:40.366;536843624834225150;311;789;-505
2021-11-13T11:18:40.385;536843624853927456;320;787;-507
2021-11-13T11:18:40.405;536843624873629762;323;784;-519
2021-11-13T11:18:40.425;536843624893332068;316;783;-519
2021-11-13T11:18:40.444;536843624913034374;317;791;-502
2021-11-13T11:18:40.464;536843624932736680;319;789;-505
2021-11-13T11:18:40.484;536843624952438986;314;783;-510
2021-11-13T11:18:40.504;536843624972141292;310;780;-508
2021-11-13T11:18:40.523;536843624991843598;316;773;-516
2021-11-13T11:18:40.543;536843625011545904;306;776;-532
2021-11-13T11:18:40.563;536843625031248210;306;779;-525
2021-11-13T11:18:40.582;536843625050950516;306;779;-518
2021-11-13T11:18:40.602;536843625070652822;299;786;-524
2021-11-13T11:18:40.622;536843625090355128;309;788;-523
2021-11-13T11:18:40.641;536843625110057434;312;784;-521
2021-11-13T11:18:40.661;536843625129759740;314;771;-526
2021-11-13T11:18:40.681;536843625149462046;331;773;-519
2021-11-13T11:18:40.701;536843625169164352;329;780;-514
2021-11-13T11:18:40.720;536843625188866658;349;785;-513
2021-11-13T11:18:40.740;536843625208568964;361;792;-509
2021-11-13T11:18:40.760;536843625228271270;354;800;-509
2021-11-13T11:18:40.779;536843625247973576;315;802;-510
2021-11-13T11:18:40.799;536843625267675882;310;773;-505
2021-11-13T11:18:40.819;536843625287378188;309;756;-504
2021-11-13T11:18:40.838;536843625307080494;303;771;-507
2021-11-13T11:18:40.858;536843625326782800;294;790;-513
2021-11-13T11:18:40.878;536843625346485106;305;786;-512
2021-11-13T11:18:40.898;536843625366187412;319;786;-514
2021-11-13T11:18:40.917;536843625385889718;327;788;-511
2021-11-13T11:18:40.937;536843625405592024;325;790;-512
2021-11-13T11:18:40.957;536843625425294330;314;789;-508
2021-11-13T11:18:40.976;536843625444994475;309;789;-506
2021-11-13T11:18:40.996;536843625464694596;311;792;-501
2021-11-13T11:18:41.016;536843625484394717;312;781;-497
2021-11-13T11:18:41.035;536843625504094838;304;783;-497
2021-11-13T11:18:41.055;536843625523794959;302;791;-495
2021-11-13T11:18:41.075;536843625543495080;305;782;-498
2021-11-13T11:18:41.095;536843625563195201;320;788;-501
2021-11-13T11:18:41.114;536843625582895322;319;788;-511
2021-11-13T11:18:41.134;536843625602595443;326;782;-513
2021-11-13T11:18:41.154;536843625622295564;328;776;-517
2021-11-13T11:18:41.173;536843625641995685;329;783;-523
2021-11-13T11:18:41.193;536843625661695806;310;788;-534
2021-11-13T11:18:41.213;536843625681395927;304;785;-535
2021-11-13T11:18:41.232;536843625701096048;301;779;-524
2021-11-13T11:18:41.252;536843625720796169;305;777;-514
2021-11-13T11:18:41.272;536843625740496290;306;775;-514
2021-11-13T11:18:41.292;536843625760196411;308;783;-515
2021-11-13T11:18:41.311;536843625779896532;312;786;-515
2021-11-13T11:18:41.331;536843625799596653;310;784;-507
2021-11-13T11:18:41.351;536843625819296774;308;778;-510
2021-11-13T11:18:41.370;536843625838996895;319;786;-509
2021-11-13T11:18:41.390;536843625858697016;330;790;-508
2021-11-13T11:18:41.410;536843625878397137;325;797;-501
2021-11-13T11:18:41.429;536843625898097258;316;792;-496
2021-11-13T11:18:41.449;536843625917797379;314;781;-497
2021-11-13T11:18:41.469;536843625937497500;315;780;-498
2021-11-13T11:18:41.489;536843625957197621;319;779;-503
2021-11-13T11:18:41.508;536843625976897742;322;786;-508
2021-11-13T11:18:41.528;536843625996597863;316;793;-512
2021-11-13T11:18:41.548;536843626016297984;310;792;-513
2021-11-13T11:18:41.567;536843626035998105;309;780;-515
2021-11-13T11:18:41.587;536843626055698226;303;776;-518
2021-11-13T11:18:41.607;536843626075398347;304;774;-516
2021-11-13T11:18:41.626;536843626095098468;304;777;-522
2021-11-13T11:18:41.646;536843626114798589;308;782;-526
2021-11-13T11:18:41.666;536843626134498710;308;783;-523
2021-11-13T11:18:41.686;536843626154195218;309;786;-518
2021-11-13T11:18:41.705;536843626173891698;312;782;-520
2021-11-13T11:18:41.725;536843626193588178;310;777;-519
2021-11-13T11:18:41.745;536843626213284658;306;778;-517
2021-11-13T11:18:41.764;536843626232981138;308;778;-519
2021-11-13T11:18:41.784;536843626252677618;307;779;-517
2021-11-13T11:18:41.804;536843626272374098;312;786;-513
2021-11-13T11:18:41.823;536843626292070578;311;780;-515
2021-11-13T11:18:41.843;536843626311767058;315;782;-518
2021-11-13T11:18:41.863;536843626331463538;314;785;-514
2021-11-13T11:18:41.883;536843626351160018;316;779;-516
2021-11-13T11:18:41.902;536843626370856498;315;780;-517
2021-11-13T11:18:41.922;536843626390552978;314;784;-510
2021-11-13T11:18:41.942;536843626410249458;313;779;-510
2021-11-13T11:18:41.961;536843626429945938;312;782;-511
2021-11-13T11:18:41.981;536843626449642418;312;784;-510
2021-11-13T11:18:42.001;536843626469338898;303;777;-509
2021-11-13T11:18:42.020;536843626489035378;310;779;-511
2021-11-13T11:18:42.040;536843626508731858;311;779;-512
2021-11-13T11:18:42.060;536843626528428338;311;785;-512
2021-11-13T11:18:42.080;536843626548124818;309;785;-514
2021-11-13T11:18:42.099;536843626567821298;303;790;-527
2021-11-13T11:18:42.119;536843626587517778;314;786;-531
2021-11-13T11:18:42.139;536843626607214258;308;772;-518
2021-11-13T11:18:42.158;536843626626910738;311;768;-515
2021-11-13T11:18:42.178;536843626646607218;304;770;-517
2021-11-13T11:18:42.198;536843626666303698;299;780;-516
2021-11-13T11:18:42.217;536843626686000178;300;780;-514
2021-11-13T11:18:42.237;536843626705696658;304;774;-518
2021-11-13T11:18:42.257;536843626725393138;303;777;-531
2021-11-13T11:18:42.276;536843626745089618;310;779;-528
2021-11-13T11:18:42.296;536843626764786098;322;785;-531
2021-11-13T11:18:42.316;536843626784482578;328;778;-528
2021-11-13T11:18:42.336;536843626804179058;323;779;-517
2021-11-13T11:18:42.355;536843626823875538;323;778;-515
2021-11-13T11:18:42.375;536843626843572018;313;783;-512
2021-11-13T11:18:42.395;536843626863279431;306;780;-514
2021-11-13T11:18:42.414;536843626882986834;302;780;-518
2021-11-13T11:18:42.434;536843626902694237;291;775;-520
2021-11-13T11:18:42.454;536843626922401640;300;774;-520
2021-11-13T11:18:42.473;536843626942109043;293;782;-526
2021-11-13T11:18:42.493;536843626961816446;300;784;-520
2021-11-13T11:18:42.513;536843626981523849;303;784;-522
2021-11-13T11:18:42.533;536843627001231252;304;785;-519
2021-11-13T11:18:42.552;536843627020938655;303;780;-511
2021-11-13T11:18:42.572;536843627040646058;307;781;-514
2021-11-13T11:18:42.592;536843627060353461;304;779;-519
2021-11-13T11:18:42.611;536843627080060864;304;784;-513
2021-11-13T11:18:42.631;536843627099768267;312;786;-507
2021-11-13T11:18:42.651;536843627119475670;309;795;-506
2021-11-13T11:18:42.671;536843627139183073;301;794;-501
2021-11-13T11:18:42.690;536843627158890476;302;777;-495
2021-11-13T11:18:42.710;536843627178597879;309;770;-493
2021-11-13T11:18:42.730;536843627198305282;316;783;-497
2021-11-13T11:18:42.749;536843627218012685;306;804;-494
2021-11-13T11:18:42.769;536843627237720088;304;812;-495
2021-11-13T11:18:42.789;536843627257427491;314;796;-507
2021-11-13T11:18:42.809;536843627277134894;334;787;-508
2021-11-13T11:18:42.828;536843627296842297;326;774;-515
2021-11-13T11:18:42.848;536843627316549700;310;786;-514
2021-11-13T11:18:42.868;536843627336257103;305;790;-512
2021-11-13T11:18:42.887;536843627355964506;304;785;-518
2021-11-13T11:18:42.907;536843627375671909;313;784;-512
2021-11-13T11:18:42.927;536843627395379312;306;782;-511
2021-11-13T11:18:42.946;536843627415086715;302;782;-514
2021-11-13T11:18:42.966;536843627434794118;302;781;-520
2021-11-13T11:18:42.986;536843627454501521;308;785;-511
2021-11-13T11:18:43.006;536843627474208924;311;794;-510
2021-11-13T11:18:43.025;536843627493916327;303;795;-517
2021-11-13T11:18:43.045;536843627513623730;305;784;-515
2021-11-13T11:18:43.065;536843627533331133;307;775;-507
2021-11-13T11:18:43.084;536843627553038536;310;779;-500
