Phone timestamp;sensor timestamp [ns];X [mg];Y [mg];Z [mg]
2021-11-13T11:18:26.809;536843508581099740;-229;869;-124
2021-11-13T11:18:26.828;536843508600859572;-252;840;-200
2021-11-13T11:18:26.848;536843508620619404;-142;946;-128
2021-11-13T11:18:26.868;536843508640379236;-179;890;-146
2021-11-13T11:18:26.888;536843508660139068;-232;938;-178
2021-11-13T11:18:26.907;536843508679898900;-259;972;-76
2021-11-13T11:18:26.927;536843508699658732;-233;948;-113
2021-11-13T11:18:26.947;536843508719418564;-187;995;-128
2021-11-13T11:18:26.967;536843508739178396;-237;974;-179
2021-11-13T11:18:26.986;536843508758938228;-255;989;-220
2021-11-13T11:18:27.006;536843508778698060;-243;992;-237
2021-11-13T11:18:27.026;536843508798457892;-173;1013;-111
2021-11-13T11:18:27.046;536843508818217724;-268;944;-143
2021-11-13T11:18:27.065;536843508837977556;-214;963;-168
2021-11-13T11:18:27.085;536843508857737388;-207;951;-121
2021-11-13T11:18:27.105;536843508877497220;-204;885;-155
2021-11-13T11:18:27.125;536843508897257052;-247;900;-253
2021-11-13T11:18:27.144;536843508917016884;-243;895;-211
2021-11-13T11:18:27.164;536843508936776716;-251;873;-149
2021-11-13T11:18:27.184;536843508956536548;-244;869;-127
2021-11-13T11:18:27.204;536843508976296380;-231;888;-161
2021-11-13T11:18:27.223;536843508996056212;-264;872;-215
2021-11-13T11:18:27.243;536843509015816044;-251;892;-189
2021-11-13T11:18:27.263;536843509035575876;-256;871;-181
2021-11-13T11:18:27.283;536843509055335708;-287;856;-214
2021-11-13T11:18:27.302;536843509075095540;-229;892;-181
2021-11-13T11:18:27.322;536843509094855372;-268;855;-163
2021-11-13T11:18:27.342;536843509114615204;-370;803;-254
2021-11-13T11:18:27.362;536843509134375036;-165;885;-172
2021-11-13T11:18:27.382;536843509154134868;-285;820;-159
2021-11-13T11:18:27.401;536843509173894700;-207;756;-164
2021-11-13T11:18:27.421;536843509193654532;-219;841;-211
2021-11-13T11:18:27.441;536843509213414364;-132;853;-113
2021-11-13T11:18:27.461;536843509233174196;-218;781;-124
2021-11-13T11:18:27.480;536843509252934028;-170;830;-157
2021-11-13T11:18:27.500;536843509272693860;-204;858;-187
2021-11-13T11:18:27.520;536843509292453700;-133;864;-100
2021-11-13T11:18:27.540;536843509312213532;-165;926;-90
2021-11-13T11:18:27.559;536843509331973364;-190;879;-164
2021-11-13T11:18:27.579;536843509351733196;-162;927;-188
2021-11-13T11:18:27.599;536843509371493028;-122;924;-168
2021-11-13T11:18:27.619;536843509391252860;-91;947;-115
2021-11-13T11:18:27.638;536843509411012692;-169;940;-113
2021-11-13T11:18:27.658;536843509430772524;-159;914;-159
2021-11-13T11:18:27.678;536843509450532356;-157;965;-153
2021-11-13T11:18:27.698;536843509470292188;-126;966;-106
2021-11-13T11:18:27.717;536843509490052020;-147;946;-125
2021-11-13T11:18:27.737;536843509509811852;-140;952;-167
2021-11-13T11:18:27.757;536843509529571684;-121;1026;-181
2021-11-13T11:18:27.777;536843509549331516;-115;996;-70
2021-11-13T11:18:27.796;536843509569091348;-167;1038;-93
2021-11-13T11:18:27.816;536843509588851180;-88;1073;-152
2021-11-13T11:18:27.836;536843509608611012;-126;1073;-169
2021-11-13T11:18:27.856;536843509628370844;-121;1058;-171
2021-11-13T11:18:27.876;536843509648130676;-93;1070;-114
2021-11-13T11:18:27.895;536843509667890508;-193;1059;-129
2021-11-13T11:18:27.915;536843509687650340;-169;1057;-106
2021-11-13T11:18:27.935;536843509707410172;-187;1063;-125
2021-11-13T11:18:27.955;536843509727170004;-167;1074;-136
2021-11-13T11:18:27.974;536843509746929836;-113;1039;-115
2021-11-13T11:18:27.994;536843509766689668;-129;1065;-166
2021-11-13T11:18:28.014;536843509786449500;-138;1048;-203
2021-11-13T11:18:28.034;536843509806209332;-80;1051;-209
2021-11-13T11:18:28.053;536843509825969164;-113;1017;-202
2021-11-13T11:18:28.073;536843509845728996;-157;1026;-145
2021-11-13T11:18:28.093;536843509865488828;-162;1034;-79
2021-11-13T11:18:28.113;536843509885248660;-224;1025;-80
2021-11-13T11:18:28.132;536843509905008492;-210;1042;-115
2021-11-13T11:18:28.152;536843509924768324;-179;1040;-125
2021-11-13T11:18:28.172;536843509944528156;-154;1043;-209
2021-11-13T11:18:28.192;536843509964287988;-84;1030;-191
2021-11-13T11:18:28.211;536843509984047820;-131;1006;-250
2021-11-13T11:18:28.231;536843510003810592;-129;1024;-199
2021-11-13T11:18:28.251;536843510023573336;-208;1039;-159
2021-11-13T11:18:28.271;536843510043336080;-244;1048;-104
2021-11-13T11:18:28.290;536843510063098824;-251;1037;-82
2021-11-13T11:18:28.310;536843510082861568;-294;1030;-109
2021-11-13T11:18:28.330;536843510102624312;-255;1039;-116
2021-11-13T11:18:28.350;536843510122387056;-226;1014;-132
2021-11-13T11:18:28.370;536843510142149800;-203;1026;-165
2021-11-13T11:18:28.389;536843510161912544;-182;987;-161
2021-11-13T11:18:28.409;536843510181675288;-153;1003;-188
2021-11-13T11:18:28.429;536843510201438032;-174;1010;-199
2021-11-13T11:18:28.449;536843510221200776;-196;1000;-156
2021-11-13T11:18:28.468;536843510240963520;-190;987;-139
2021-11-13T11:18:28.488;536843510260726264;-222;984;-135
2021-11-13T11:18:28.508;536843510280489008;-220;977;-134
2021-11-13T11:18:28.528;536843510300251752;-193;978;-130
2021-11-13T11:18:28.547;536843510320014496;-228;965;-134
2021-11-13T11:18:28.567;536843510339777240;-210;974;-127
2021-11-13T11:18:28.587;536843510359539984;-200;971;-141
2021-11-13T11:18:28.607;536843510379302728;-194;984;-168
2021-11-13T11:18:28.626;536843510399065472;-225;980;-146
2021-11-13T11:18:28.646;536843510418828216;-196;972;-128
2021-11-13T11:18:28.666;536843510438590960;-204;988;-175
2021-11-13T11:18:28.686;536843510458353704;-194;989;-137
2021-11-13T11:18:28.706;536843510478116448;-245;1050;-140
2021-11-13T11:18:28.725;536843510497879192;-273;1083;-156
2021-11-13T11:18:28.745;536843510517641936;-260;1149;-169
2021-11-13T11:18:28.765;536843510537404680;-251;1178;-199
2021-11-13T11:18:28.785;536843510557167424;-215;1241;-156
2021-11-13T11:18:28.804;536843510576930168;-225;1204;-217
2021-11-13T11:18:28.824;536843510596692912;-215;1199;-139
2021-11-13T11:18:28.844;536843510616455656;-273;1198;-128
2021-11-13T11:18:28.864;536843510636218400;-220;1173;-104
2021-11-13T11:18:28.883;536843510655981144;-195;1151;-106
2021-11-13T11:18:28.903;536843510675743888;-187;1109;-129
2021-11-13T11:18:28.923;536843510695506632;-147;1076;-142
2021-11-13T11:18:28.943;536843510715261367;-136;1077;-90
2021-11-13T11:18:28.962;536843510735016102;-175;1043;-117
2021-11-13T11:18:28.982;536843510754770837;-129;1043;-77
2021-11-13T11:18:29.002;536843510774525572;-167;1050;-105
2021-11-13T11:18:29.022;536843510794280307;-161;1031;-87
2021-11-13T11:18:29.041;536843510814035042;-140;1008;-78
2021-11-13T11:18:29.061;536843510833789777;-154;1057;-104
2021-11-13T11:18:29.081;536843510853544512;-155;993;-111
2021-11-13T11:18:29.101;536843510873299247;-107;986;-80
2021-11-13T11:18:29.120;536843510893053982;-145;968;-138
2021-11-13T11:18:29.140;536843510912808717;-136;977;-123
2021-11-13T11:18:29.160;536843510932563452;-147;989;-133
2021-11-13T11:18:29.180;536843510952318187;-116;974;-119
2021-11-13T11:18:29.199;536843510972072922;-160;964;-154
2021-11-13T11:18:29.219;536843510991827657;-98;984;-83
2021-11-13T11:18:29.239;536843511011582392;-225;969;-116
2021-11-13T11:18:29.259;536843511031337127;-219;963;-59
2021-11-13T11:18:29.278;536843511051091862;-230;941;-68
2021-11-13T11:18:29.298;536843511070846597;-157;895;-85
2021-11-13T11:18:29.318;536843511090601332;-140;915;-88
2021-11-13T11:18:29.338;536843511110356067;-170;871;-89
2021-11-13T11:18:29.358;536843511130110802;-191;815;-132
2021-11-13T11:18:29.377;536843511149865537;-210;814;-184
2021-11-13T11:18:29.397;536843511169620272;-139;870;-179
2021-11-13T11:18:29.417;536843511189375007;-200;818;-181
2021-11-13T11:18:29.437;536843511209129742;-167;862;-121
2021-11-13T11:18:29.456;536843511228884477;-156;841;-99
2021-11-13T11:18:29.476;536843511248639212;-240;820;-117
2021-11-13T11:18:29.496;536843511268393947;-133;907;-109
2021-11-13T11:18:29.516;536843511288148682;-242;837;-182
2021-11-13T11:18:29.535;536843511307903417;-269;859;-255
2021-11-13T11:18:29.555;536843511327658152;-124;879;-100
2021-11-13T11:18:29.575;536843511347412887;-235;868;-83
2021-11-13T11:18:29.595;536843511367167622;-203;817;-155
2021-11-13T11:18:29.614;536843511386922357;-299;808;-226
2021-11-13T11:18:29.634;536843511406677092;-150;924;-105
2021-11-13T11:18:29.654;536843511426439134;-149;876;14
2021-11-13T11:18:29.674;536843511446201150;-174;877;-42
2021-11-13T11:18:29.693;536843511465963166;-214;911;-173
2021-11-13T11:18:29.713;536843511485725182;-277;947;-268
2021-11-13T11:18:29.733;536843511505487198;-310;916;-308
2021-11-13T11:18:29.753;536843511525249214;-121;989;-149
2021-11-13T11:18:29.772;536843511545011230;-143;922;10
2021-11-13T11:18:29.792;536843511564773246;-323;856;-124
2021-11-13T11:18:29.812;536843511584535262;-395;934;-320
2021-11-13T11:18:29.832;536843511604297278;-262;928;-293
2021-11-13T11:18:29.851;536843511624059294;-109;888;-140
2021-11-13T11:18:29.871;536843511643821310;-200;870;-126
2021-11-13T11:18:29.891;536843511663583326;-265;832;-294
2021-11-13T11:18:29.911;536843511683345342;-228;904;-262
2021-11-13T11:18:29.931;536843511703107358;-366;854;-263
2021-11-13T11:18:29.950;536843511722869374;-241;902;-244
2021-11-13T11:18:29.970;536843511742631390;-223;871;-224
2021-11-13T11:18:29.990;536843511762393406;-256;867;-249
2021-11-13T11:18:30.010;536843511782155422;-338;855;-312
2021-11-13T11:18:30.029;536843511801917438;-272;886;-315
2021-11-13T11:18:30.049;536843511821679454;-222;885;-277
2021-11-13T11:18:30.069;536843511841441470;-239;902;-250
2021-11-13T11:18:30.089;536843511861203486;-276;873;-271
2021-11-13T11:18:30.108;536843511880965502;-281;894;-266
2021-11-13T11:18:30.128;536843511900727518;-365;828;-369
2021-11-13T11:18:30.148;536843511920489534;-230;930;-281
2021-11-13T11:18:30.168;536843511940251550;-259;782;-256
2021-11-13T11:18:30.187;536843511960013566;-315;741;-382
2021-11-13T11:18:30.207;536843511979775582;-210;816;-297
2021-11-13T11:18:30.227;536843511999537598;-186;736;-205
2021-11-13T11:18:30.247;536843512019299614;-259;733;-243
2021-11-13T11:18:30.266;536843512039061630;-179;744;-230
2021-11-13T11:18:30.286;536843512058823646;-165;785;-268
2021-11-13T11:18:30.306;536843512078585662;-230;771;-328
2021-11-13T11:18:30.326;536843512098347678;-176;772;-327
2021-11-13T11:18:30.346;536843512118109694;-136;924;-208
2021-11-13T11:18:30.365;536843512137881210;-295;805;-193
2021-11-13T11:18:30.385;536843512157652692;-299;888;-279
2021-11-13T11:18:30.405;536843512177424174;-249;973;-248
2021-11-13T11:18:30.425;536843512197195656;-266;902;-211
2021-11-13T11:18:30.444;536843512216967138;-313;918;-253
2021-11-13T11:18:30.464;536843512236738620;-290;1009;-226
2021-11-13T11:18:30.484;536843512256510102;-323;924;-219
2021-11-13T11:18:30.504;536843512276281584;-231;975;-130
2021-11-13T11:18:30.523;536843512296053066;-367;954;-168
2021-11-13T11:18:30.543;536843512315824548;-150;927;-90
2021-11-13T11:18:30.563;536843512335596030;-254;942;-180
2021-11-13T11:18:30.583;536843512355367512;-171;896;-210
2021-11-13T11:18:30.603;536843512375138994;-59;1027;-145
2021-11-13T11:18:30.622;536843512394910476;-202;890;-220
2021-11-13T11:18:30.642;536843512414681958;-20;976;-184
2021-11-13T11:18:30.662;536843512434453440;-146;988;-262
2021-11-13T11:18:30.682;536843512454224922;-36;976;-239
2021-11-13T11:18:30.701;536843512473996404;-60;1058;-171
2021-11-13T11:18:30.721;536843512493767886;-181;1035;-157
2021-11-13T11:18:30.741;536843512513539368;-224;1108;-111
2021-11-13T11:18:30.761;536843512533310850;-285;1111;-104
2021-11-13T11:18:30.780;536843512553082332;-212;1135;-55
2021-11-13T11:18:30.800;536843512572853814;-218;1110;-78
2021-11-13T11:18:30.820;536843512592625296;-241;1144;-105
2021-11-13T11:18:30.840;536843512612396778;-222;1098;-114
2021-11-13T11:18:30.860;536843512632168260;-182;1088;-145
2021-11-13T11:18:30.879;536843512651939742;-174;1050;-179
2021-11-13T11:18:30.899;536843512671711224;-151;1068;-177
2021-11-13T11:18:30.919;536843512691482706;-172;1020;-143
2021-11-13T11:18:30.939;536843512711254188;-158;1049;-147
2021-11-13T11:18:30.958;536843512731025670;-185;1044;-164
2021-11-13T11:18:30.978;536843512750797152;-135;1050;-108
2021-11-13T11:18:30.998;536843512770568634;-192;1034;-128
2021-11-13T11:18:31.018;536843512790340116;-134;1038;-106
2021-11-13T11:18:31.038;536843512810111598;-136;1025;-111
2021-11-13T11:18:31.057;536843512829883080;-133;1012;-105
2021-11-13T11:18:31.077;536843512849654567;-141;1019;-129
2021-11-13T11:18:31.097;536843512869426050;-105;1010;-88
2021-11-13T11:18:31.117;536843512889197533;-128;1000;-92
2021-11-13T11:18:31.136;536843512908969016;-142;992;-60
2021-11-13T11:18:31.156;536843512928740499;-157;1013;-61
2021-11-13T11:18:31.176;536843512948511982;-165;1013;-76
2021-11-13T11:18:31.196;536843512968283465;-168;1029;-104
2021-11-13T11:18:31.215;536843512988054948;-138;997;-87
2021-11-13T11:18:31.235;536843513007826431;-158;994;-110
2021-11-13T11:18:31.255;536843513027597914;-134;989;-115
2021-11-13T11:18:31.275;536843513047369397;-131;983;-122
2021-11-13T11:18:31.295;536843513067140880;-130;980;-133
2021-11-13T11:18:31.314;536843513086912363;-129;979;-118
2021-11-13T11:18:31.334;536843513106683846;-169;980;-95
2021-11-13T11:18:31.354;536843513126455329;-183;980;-82
2021-11-13T11:18:31.374;536843513146226812;-186;982;-100
2021-11-13T11:18:31.393;536843513165998295;-191;1003;-74
2021-11-13T11:18:31.413;536843513185769778;-188;1015;-86
2021-11-13T11:18:31.433;536843513205541261;-207;1031;-120
2021-11-13T11:18:31.453;536843513225312744;-184;1131;-147
2021-11-13T11:18:31.472;536843513245084227;-180;1153;-141
2021-11-13T11:18:31.492;536843513264855710;-220;1167;-183
2021-11-13T11:18:31.512;536843513284627193;-241;1220;-162
2021-11-13T11:18:31.532;536843513304398676;-218;1189;-127
2021-11-13T11:18:31.552;536843513324170159;-279;1238;-114
2021-11-13T11:18:31.571;536843513343941642;-268;1194;-100
2021-11-13T11:18:31.591;536843513363713125;-240;1220;-78
2021-11-13T11:18:31.611;536843513383484608;-254;1197;-53
2021-11-13T11:18:31.631;536843513403256091;-254;1165;-53
2021-11-13T11:18:31.650;536843513423027574;-218;1108;-23
2021-11-13T11:18:31.670;536843513442799057;-228;1094;-103
2021-11-13T11:18:31.690;536843513462570540;-187;1068;-117
2021-11-13T11:18:31.710;536843513482342023;-180;1053;-157
2021-11-13T11:18:31.730;536843513502113506;-114;1006;-102
2021-11-13T11:18:31.749;536843513521884989;-177;990;-184
2021-11-13T11:18:31.769;536843513541656472;-96;1020;-175
2021-11-13T11:18:31.789;536843513561427986;-223;1009;-171
2021-11-13T11:18:31.809;536843513581199468;-202;998;-98
2021-11-13T11:18:31.828;536843513600970950;-223;968;-79
2021-11-13T11:18:31.848;536843513620742432;-253;1008;-94
2021-11-13T11:18:31.868;536843513640513914;-193;1040;-79
2021-11-13T11:18:31.888;536843513660285396;-216;1001;-86
2021-11-13T11:18:31.907;536843513680056878;-195;993;-76
2021-11-13T11:18:31.927;536843513699828360;-247;947;-118
2021-11-13T11:18:31.947;536843513719599842;-147;975;-131
2021-11-13T11:18:31.967;536843513739371324;-166;951;-157
2021-11-13T11:18:31.987;536843513759142806;-86;910;-115
2021-11-13T11:18:32.006;536843513778914288;-51;923;-103
2021-11-13T11:18:32.026;536843513798685770;-196;837;-213
2021-11-13T11:18:32.046;536843513818457252;-46;891;-156
2021-11-13T11:18:32.066;536843513838228734;-213;853;-222
2021-11-13T11:18:32.085;536843513858000216;-59;878;-125
2021-11-13T11:18:32.105;536843513877771698;-116;798;-118
2021-11-13T11:18:32.125;536843513897543180;-164;774;-126
2021-11-13T11:18:32.145;536843513917314662;-204;762;-220
2021-11-13T11:18:32.164;536843513937086144;-99;868;-168
2021-11-13T11:18:32.184;536843513956857626;-219;812;-178
2021-11-13T11:18:32.204;536843513976629108;-102;816;-120
2021-11-13T11:18:32.224;536843513996400590;-147;816;-126
2021-11-13T11:18:32.244;536843514016172072;-289;799;-261
2021-11-13T11:18:32.263;536843514035943554;-357;768;-328
2021-11-13T11:18:32.283;536843514055715036;-155;903;-226
2021-11-13T11:18:32.303;536843514075486518;-154;819;-70
2021-11-13T11:18:32.323;536843514095258000;-194;821;-145
2021-11-13T11:18:32.342;536843514115029482;-281;890;-211
2021-11-13T11:18:32.362;536843514134800964;-177;943;-165
2021-11-13T11:18:32.382;536843514154572446;-244;884;-189
2021-11-13T11:18:32.402;536843514174343928;-230;926;-218
2021-11-13T11:18:32.422;536843514194115410;-262;902;-272
2021-11-13T11:18:32.441;536843514213886892;-361;919;-344
2021-11-13T11:18:32.461;536843514233658374;-230;960;-184
2021-11-13T11:18:32.481;536843514253429856;-218;862;-132
2021-11-13T11:18:32.501;536843514273190432;-137;953;-151
2021-11-13T11:18:32.520;536843514292950992;-221;903;-113
2021-11-13T11:18:32.540;536843514312711552;-293;829;-326
2021-11-13T11:18:32.560;536843514332472112;-305;926;-289
2021-11-13T11:18:32.580;536843514352232672;-198;821;-105
2021-11-13T11:18:32.599;536843514371993232;-202;783;-236
2021-11-13T11:18:32.619;536843514391753792;-287;771;-320
2021-11-13T11:18:32.639;536843514411514352;-192;837;-254
2021-11-13T11:18:32.659;536843514431274912;-245;771;-199
2021-11-13T11:18:32.678;536843514451035472;-221;749;-237
2021-11-13T11:18:32.698;536843514470796032;-257;818;-240
2021-11-13T11:18:32.718;536843514490556592;-202;801;-221
2021-11-13T11:18:32.738;536843514510317152;-218;805;-204
2021-11-13T11:18:32.757;536843514530077712;-294;765;-253
2021-11-13T11:18:32.777;536843514549838272;-219;786;-245
2021-11-13T11:18:32.797;536843514569598832;-60;950;-184
2021-11-13T11:18:32.817;536843514589359392;-167;859;-155
2021-11-13T11:18:32.837;536843514609119952;-107;801;-163
2021-11-13T11:18:32.856;536843514628880512;-177;888;-163
2021-11-13T11:18:32.876;536843514648641072;-242;940;-171
2021-11-13T11:18:32.896;536843514668401632;-20;892;-72
2021-11-13T11:18:32.916;536843514688162192;-170;939;-130
2021-11-13T11:18:32.935;536843514707922752;-149;936;-246
2021-11-13T11:18:32.955;536843514727683312;27;971;-140
2021-11-13T11:18:32.975;536843514747443872;-184;930;-153
2021-11-13T11:18:32.995;536843514767204432;-125;967;-187
2021-11-13T11:18:33.014;536843514786964992;-146;1032;-38
2021-11-13T11:18:33.034;536843514806725552;-248;933;-105
2021-11-13T11:18:33.054;536843514826486112;-161;947;-106
2021-11-13T11:18:33.074;536843514846246672;-123;1077;-103
2021-11-13T11:18:33.093;536843514866007232;-174;979;-127
2021-11-13T11:18:33.113;536843514885767792;-127;1010;-155
2021-11-13T11:18:33.133;536843514905528352;-143;1066;-147
2021-11-13T11:18:33.153;536843514925288912;-174;1019;-67
2021-11-13T11:18:33.172;536843514945049472;-260;1030;-157
2021-11-13T11:18:33.192;536843514964810032;-176;1030;-162
2021-11-13T11:18:33.212;536843514984574241;-162;1013;-139
2021-11-13T11:18:33.232;536843515004338442;-210;994;-184
2021-11-13T11:18:33.252;536843515024102643;-204;1003;-185
2021-11-13T11:18:33.271;536843515043866844;-182;1005;-111
2021-11-13T11:18:33.291;536843515063631045;-237;997;-118
2021-11-13T11:18:33.311;536843515083395246;-204;984;-144
2021-11-13T11:18:33.331;536843515103159447;-152;988;-139
2021-11-13T11:18:33.350;536843515122923648;-166;1003;-130
2021-11-13T11:18:33.370;536843515142687849;-134;977;-108
2021-11-13T11:18:33.390;536843515162452050;-132;989;-104
2021-11-13T11:18:33.410;536843515182216251;-172;1028;-158
2021-11-13T11:18:33.429;536843515201980452;-146;1025;-125
2021-11-13T11:18:33.449;536843515221744653;-168;1059;-105
2021-11-13T11:18:33.469;536843515241508854;-210;1043;-105
2021-11-13T11:18:33.489;536843515261273055;-181;1091;-70
2021-11-13T11:18:33.508;536843515281037256;-211;1087;-109
2021-11-13T11:18:33.528;536843515300801457;-172;1101;-110
2021-11-13T11:18:33.548;536843515320565658;-168;1090;-125
2021-11-13T11:18:33.568;536843515340329859;-152;1099;-156
2021-11-13T11:18:33.587;536843515360094060;-135;1106;-169
2021-11-13T11:18:33.607;536843515379858261;-116;1058;-118
2021-11-13T11:18:33.627;536843515399622462;-130;1084;-123
2021-11-13T11:18:33.647;536843515419386663;-183;1072;-105
2021-11-13T11:18:33.667;536843515439150864;-192;1051;-86
2021-11-13T11:18:33.686;536843515458915065;-165;1052;-90
2021-11-13T11:18:33.706;536843515478679266;-189;1020;-95
2021-11-13T11:18:33.726;536843515498443467;-142;1027;-123
2021-11-13T11:18:33.746;536843515518207668;-124;1010;-121
2021-11-13T11:18:33.765;536843515537971869;-128;990;-141
2021-11-13T11:18:33.785;536843515557736070;-121;981;-115
2021-11-13T11:18:33.805;536843515577500271;-130;973;-82
2021-11-13T11:18:33.825;536843515597264472;-161;977;-81
2021-11-13T11:18:33.844;536843515617028673;-174;975;-86
2021-11-13T11:18:33.864;536843515636792874;-140;977;-85
2021-11-13T11:18:33.884;536843515656557075;-146;972;-53
2021-11-13T11:18:33.904;536843515676321276;-155;968;-69
2021-11-13T11:18:33.923;536843515696083318;-146;982;-101
2021-11-13T11:18:33.943;536843515715845334;-136;995;-90
2021-11-13T11:18:33.963;536843515735607350;-173;1004;-77
2021-11-13T11:18:33.983;536843515755369366;-188;1007;-82
2021-11-13T11:18:34.003;536843515775131382;-167;1045;-115
2021-11-13T11:18:34.022;536843515794893398;-158;1053;-122
2021-11-13T11:18:34.042;536843515814655414;-176;1100;-100
2021-11-13T11:18:34.062;536843515834417430;-227;1098;-114
2021-11-13T11:18:34.082;536843515854179446;-228;1133;-69
2021-11-13T11:18:34.101;536843515873941462;-269;1165;-96
2021-11-13T11:18:34.121;536843515893703478;-245;1201;-65
2021-11-13T11:18:34.141;536843515913465494;-220;1177;-86
2021-11-13T11:18:34.161;536843515933227510;-190;1214;-111
2021-11-13T11:18:34.180;536843515952989526;-220;1185;-111
2021-11-13T11:18:34.200;536843515972751542;-190;1181;-98
2021-11-13T11:18:34.220;536843515992513558;-204;1156;-40
2021-11-13T11:18:34.240;536843516012275574;-257;1156;-79
2021-11-13T11:18:34.259;536843516032037590;-229;1127;-18
2021-11-13T11:18:34.279;536843516051799606;-252;1130;-81
2021-11-13T11:18:34.299;536843516071561622;-184;1107;-110
2021-11-13T11:18:34.319;536843516091323638;-193;1112;-103
2021-11-13T11:18:34.338;536843516111085654;-131;1084;-53
2021-11-13T11:18:34.358;536843516130847670;-224;1088;-100
2021-11-13T11:18:34.378;536843516150609686;-214;1104;-126
2021-11-13T11:18:34.398;536843516170371702;-201;1064;-73
2021-11-13T11:18:34.418;536843516190133718;-155;1008;-79
2021-11-13T11:18:34.437;536843516209895734;-160;990;-78
2021-11-13T11:18:34.457;536843516229657750;-144;981;-87
2021-11-13T11:18:34.477;536843516249419766;-82;952;-52
2021-11-13T11:18:34.497;536843516269181782;-120;919;-84
2021-11-13T11:18:34.516;536843516288943798;-163;885;-76
2021-11-13T11:18:34.536;536843516308705814;-165;902;-10
2021-11-13T11:18:34.556;536843516328467830;-151;919;-35
2021-11-13T11:18:34.576;536843516348229846;-82;844;-68
2021-11-13T11:18:34.595;536843516367991862;-112;903;-106
2021-11-13T11:18:34.615;536843516387753878;-91;855;-77
2021-11-13T11:18:34.635;536843516407512285;-153;884;-101
2021-11-13T11:18:34.655;536843516427270660;-134;915;-22
2021-11-13T11:18:34.674;536843516447029035;-110;932;-41
2021-11-13T11:18:34.694;536843516466787410;-143;923;-150
2021-11-13T11:18:34.714;536843516486545785;-148;901;-171
2021-11-13T11:18:34.734;536843516506304160;-157;870;-190
2021-11-13T11:18:34.753;536843516526062535;-155;829;-263
2021-11-13T11:18:34.773;536843516545820910;-217;762;-278
2021-11-13T11:18:34.793;536843516565579285;-74;846;-70
2021-11-13T11:18:34.813;536843516585337660;-303;747;-37
2021-11-13T11:18:34.832;536843516605096035;-244;774;-81
2021-11-13T11:18:34.852;536843516624854410;-217;785;-85
2021-11-13T11:18:34.872;536843516644612785;-335;798;-238
2021-11-13T11:18:34.892;536843516664371160;-276;813;-280
2021-11-13T11:18:34.912;536843516684129535;-229;866;-184
2021-11-13T11:18:34.931;536843516703887910;-119;793;-176
2021-11-13T11:18:34.951;536843516723646285;-288;860;-267
2021-11-13T11:18:34.971;536843516743404660;-251;941;-219
2021-11-13T11:18:34.991;536843516763163035;-286;842;-265
2021-11-13T11:18:35.010;536843516782921410;-349;944;-357
2021-11-13T11:18:35.030;536843516802679785;-237;954;-111
2021-11-13T11:18:35.050;536843516822438160;-228;862;-240
2021-11-13T11:18:35.070;536843516842196535;-163;994;-189
2021-11-13T11:18:35.089;536843516861954910;-260;862;-204
2021-11-13T11:18:35.109;536843516881713285;-379;865;-341
2021-11-13T11:18:35.129;536843516901471660;-131;957;-170
2021-11-13T11:18:35.149;536843516921230035;-245;793;-102
2021-11-13T11:18:35.168;536843516940988410;-310;780;-232
2021-11-13T11:18:35.188;536843516960746785;-198;895;-368
2021-11-13T11:18:35.208;536843516980505160;-350;810;-375
2021-11-13T11:18:35.228;536843517000263535;-245;892;-259
2021-11-13T11:18:35.247;536843517020021910;-268;806;-75
2021-11-13T11:18:35.267;536843517039780285;-303;865;-182
2021-11-13T11:18:35.287;536843517059538660;-330;920;-174
2021-11-13T11:18:35.307;536843517079297035;-262;860;-182
2021-11-13T11:18:35.326;536843517099055410;-341;842;-252
2021-11-13T11:18:35.346;536843517118820349;-336;848;-278
2021-11-13T11:18:35.366;536843517138585278;-263;861;-209
2021-11-13T11:18:35.386;536843517158350207;-186;834;-149
2021-11-13T11:18:35.406;536843517178115136;-289;795;-175
2021-11-13T11:18:35.425;536843517197880065;-240;756;-185
2021-11-13T11:18:35.445;536843517217644994;-219;808;-225
2021-11-13T11:18:35.465;536843517237409923;-258;705;-172
2021-11-13T11:18:35.485;536843517257174852;-121;814;-83
2021-11-13T11:18:35.504;536843517276939781;-203;710;-31
2021-11-13T11:18:35.524;536843517296704710;-88;781;-41
2021-11-13T11:18:35.544;536843517316469639;-134;844;-156
2021-11-13T11:18:35.564;536843517336234568;-68;808;-143
2021-11-13T11:18:35.583;536843517355999497;-53;909;-137
2021-11-13T11:18:35.603;536843517375764426;-113;930;-117
2021-11-13T11:18:35.623;536843517395529355;-135;965;-145
2021-11-13T11:18:35.643;536843517415294284;-141;1031;-190
2021-11-13T11:18:35.662;536843517435059213;-134;1006;-113
2021-11-13T11:18:35.682;536843517454824142;-196;1035;-75
2021-11-13T11:18:35.702;536843517474589071;-193;1056;-74
2021-11-13T11:18:35.722;536843517494354000;-46;1086;-59
2021-11-13T11:18:35.742;536843517514118929;-204;1025;-185
2021-11-13T11:18:35.761;536843517533883858;-86;1087;-114
2021-11-13T11:18:35.781;536843517553648787;-126;1081;-26
2021-11-13T11:18:35.801;536843517573413716;-139;1086;-57
2021-11-13T11:18:35.821;536843517593178645;-152;1104;-62
2021-11-13T11:18:35.840;536843517612943574;-154;1093;-80
2021-11-13T11:18:35.860;536843517632708503;-58;1103;-82
2021-11-13T11:18:35.880;536843517652473432;-64;1090;-91
2021-11-13T11:18:35.900;536843517672238361;-90;1025;-162
2021-11-13T11:18:35.919;536843517692003290;-107;1062;-139
2021-11-13T11:18:35.939;536843517711768219;-163;1041;-77
2021-11-13T11:18:35.959;536843517731533148;-130;1054;-76
2021-11-13T11:18:35.979;536843517751298077;-162;1041;-70
2021-11-13T11:18:35.998;536843517771063006;-195;1045;-51
2021-11-13T11:18:36.018;536843517790827935;-237;1078;-6
2021-11-13T11:18:36.038;536843517810592864;-283;1045;-7
2021-11-13T11:18:36.058;536843517830344698;-231;1071;-55
2021-11-13T11:18:36.077;536843517850096520;-217;1075;-123
2021-11-13T11:18:36.097;536843517869848342;-178;1065;-162
2021-11-13T11:18:36.117;536843517889600164;-140;1041;-140
2021-11-13T11:18:36.137;536843517909351986;-154;1036;-145
2021-11-13T11:18:36.157;536843517929103808;-157;1039;-165
2021-11-13T11:18:36.176;536843517948855630;-165;1086;-163
2021-11-13T11:18:36.196;536843517968607452;-154;1042;-105
2021-11-13T11:18:36.216;536843517988359274;-202;1032;-101
2021-11-13T11:18:36.236;536843518008111096;-235;1041;-105
2021-11-13T11:18:36.255;536843518027862918;-225;1012;-107
2021-11-13T11:18:36.275;536843518047614740;-181;1021;-104
2021-11-13T11:18:36.295;536843518067366562;-191;986;-102
2021-11-13T11:18:36.315;536843518087118384;-168;985;-76
2021-11-13T11:18:36.334;536843518106870206;-170;984;-87
2021-11-13T11:18:36.354;536843518126622028;-154;989;-115
2021-11-13T11:18:36.374;536843518146373850;-164;990;-139
2021-11-13T11:18:36.394;536843518166125672;-136;990;-129
2021-11-13T11:18:36.413;536843518185877494;-161;973;-115
2021-11-13T11:18:36.433;536843518205629316;-173;985;-128
2021-11-13T11:18:36.453;536843518225381138;-180;988;-88
2021-11-13T11:18:36.473;536843518245132960;-180;976;-77
2021-11-13T11:18:36.492;536843518264884782;-209;980;-62
2021-11-13T11:18:36.512;536843518284636604;-216;997;-87
2021-11-13T11:18:36.532;536843518304388426;-198;1007;-87
2021-11-13T11:18:36.552;536843518324140248;-206;1021;-93
2021-11-13T11:18:36.571;536843518343892070;-209;1074;-86
2021-11-13T11:18:36.591;536843518363643892;-177;1113;-117
2021-11-13T11:18:36.611;536843518383395714;-138;1143;-155
2021-11-13T11:18:36.631;536843518403147536;-140;1157;-131
2021-11-13T11:18:36.650;536843518422899358;-168;1175;-130
2021-11-13T11:18:36.670;536843518442651180;-179;1204;-74
2021-11-13T11:18:36.690;536843518462403002;-235;1201;-1
2021-11-13T11:18:36.710;536843518482154824;-254;1213;20
2021-11-13T11:18:36.729;536843518501906646;-237;1216;4
2021-11-13T11:18:36.749;536843518521658468;-203;1218;-56
2021-11-13T11:18:36.769;536843518541416871;-176;1178;-50
2021-11-13T11:18:36.789;536843518561175246;-165;1171;-25
2021-11-13T11:18:36.808;536843518580933621;-223;1127;-38
2021-11-13T11:18:36.828;536843518600691996;-146;1144;-46
2021-11-13T11:18:36.848;536843518620450371;-205;1120;-41
2021-11-13T11:18:36.868;536843518640208746;-146;1114;-43
2021-11-13T11:18:36.887;536843518659967121;-150;1135;-97
2021-11-13T11:18:36.907;536843518679725496;-123;1106;-75
2021-11-13T11:18:36.927;536843518699483871;-132;1058;-78
2021-11-13T11:18:36.947;536843518719242246;-147;1020;-68
2021-11-13T11:18:36.966;536843518739000621;-154;1005;-31
2021-11-13T11:18:36.986;536843518758758996;-151;983;-20
2021-11-13T11:18:37.006;536843518778517371;-143;963;-65
2021-11-13T11:18:37.026;536843518798275746;-105;951;-65
2021-11-13T11:18:37.045;536843518818034121;-104;962;-68
2021-11-13T11:18:37.065;536843518837792496;-94;938;-98
2021-11-13T11:18:37.085;536843518857550871;-98;899;-107
2021-11-13T11:18:37.105;536843518877309246;-93;906;-90
2021-11-13T11:18:37.124;536843518897067621;-87;931;-113
2021-11-13T11:18:37.144;536843518916825996;-61;905;-145
2021-11-13T11:18:37.164;536843518936584371;-159;842;-156
2021-11-13T11:18:37.184;536843518956342746;-180;856;-87
2021-11-13T11:18:37.204;536843518976101121;-224;875;-85
2021-11-13T11:18:37.223;536843518995859496;-182;864;-68
2021-11-13T11:18:37.243;536843519015617871;-114;817;-67
2021-11-13T11:18:37.263;536843519035376246;-130;803;-161
2021-11-13T11:18:37.283;536843519055134621;-152;822;-167
2021-11-13T11:18:37.302;536843519074892996;-129;805;-234
2021-11-13T11:18:37.322;536843519094651371;-110;791;-198
2021-11-13T11:18:37.342;536843519114409746;-183;780;-203
2021-11-13T11:18:37.362;536843519134168121;-148;770;-147
2021-11-13T11:18:37.381;536843519153926496;-183;780;-115
2021-11-13T11:18:37.401;536843519173684871;-267;746;-156
2021-11-13T11:18:37.421;536843519193443246;-292;746;-205
2021-11-13T11:18:37.441;536843519213201621;-117;861;-67
2021-11-13T11:18:37.460;536843519232959996;-165;757;-50
2021-11-13T11:18:37.480;536843519252712562;-229;840;-138
2021-11-13T11:18:37.500;536843519272465112;-95;906;-53
2021-11-13T11:18:37.520;536843519292217662;-183;942;-125
2021-11-13T11:18:37.539;536843519311970212;-155;948;-78
2021-11-13T11:18:37.559;536843519331722762;-154;1001;-36
2021-11-13T11:18:37.579;536843519351475312;-265;965;-102
2021-11-13T11:18:37.599;536843519371227862;-211;1028;-14
2021-11-13T11:18:37.618;536843519390980412;-244;983;-24
2021-11-13T11:18:37.638;536843519410732962;-141;1010;-121
2021-11-13T11:18:37.658;536843519430485512;-88;996;-75
2021-11-13T11:18:37.678;536843519450238062;-188;975;-123
2021-11-13T11:18:37.697;536843519469990612;-223;958;-84
2021-11-13T11:18:37.717;536843519489743162;-206;956;-51
2021-11-13T11:18:37.737;536843519509495712;-133;959;-17
2021-11-13T11:18:37.757;536843519529248262;-162;932;-142
2021-11-13T11:18:37.776;536843519549000812;-186;950;-175
2021-11-13T11:18:37.796;536843519568753362;-221;908;-99
2021-11-13T11:18:37.816;536843519588505912;-230;955;-122
2021-11-13T11:18:37.836;536843519608258462;-78;966;-26
2021-11-13T11:18:37.855;536843519628011012;-206;937;-94
2021-11-13T11:18:37.875;536843519647763562;-306;942;-178
2021-11-13T11:18:37.895;536843519667516112;-273;942;-159
2021-11-13T11:18:37.915;536843519687268662;-150;970;-78
2021-11-13T11:18:37.934;536843519707021212;-120;910;-95
2021-11-13T11:18:37.954;536843519726773762;-291;888;-242
2021-11-13T11:18:37.974;536843519746526312;-306;917;-194
2021-11-13T11:18:37.994;536843519766278862;-222;894;-113
2021-11-13T11:18:38.013;536843519786031412;-176;859;-65
2021-11-13T11:18:38.033;536843519805783962;-203;794;-150
2021-11-13T11:18:38.053;536843519825536512;-178;876;-214
2021-11-13T11:18:38.073;536843519845289062;-180;843;-173
2021-11-13T11:18:38.092;536843519865041612;-246;775;-170
2021-11-13T11:18:38.112;536843519884794162;-161;786;-163
2021-11-13T11:18:38.132;536843519904546712;-246;874;-140
2021-11-13T11:18:38.152;536843519924299262;-78;807;-32
2021-11-13T11:18:38.171;536843519944051812;-138;845;-12
2021-11-13T11:18:38.191;536843519963804378;-300;786;-136
2021-11-13T11:18:38.211;536843519983556928;-77;861;-80
2021-11-13T11:18:38.231;536843520003309478;-223;850;-121
2021-11-13T11:18:38.250;536843520023062028;-144;849;-166
2021-11-13T11:18:38.270;536843520042814578;-104;866;-141
2021-11-13T11:18:38.290;536843520062567128;-226;893;-168
2021-11-13T11:18:38.310;536843520082319678;-96;924;-103
2021-11-13T11:18:38.329;536843520102072228;-208;931;-111
2021-11-13T11:18:38.349;536843520121824778;-210;979;-124
2021-11-13T11:18:38.369;536843520141577328;-138;976;-59
2021-11-13T11:18:38.389;536843520161329878;-280;984;-167
2021-11-13T11:18:38.408;536843520181082428;-136;999;-143
2021-11-13T11:18:38.428;536843520200834978;-134;1027;-71
2021-11-13T11:18:38.448;536843520220587528;-316;974;-151
2021-11-13T11:18:38.468;536843520240340078;-168;1083;-94
2021-11-13T11:18:38.487;536843520260092628;-226;1061;-111
2021-11-13T11:18:38.507;536843520279845178;-228;1033;-130
2021-11-13T11:18:38.527;536843520299597728;-143;1083;-62
2021-11-13T11:18:38.547;536843520319350278;-295;1090;-113
2021-11-13T11:18:38.567;536843520339102828;-199;1068;-45
2021-11-13T11:18:38.586;536843520358855378;-202;1090;-140
2021-11-13T11:18:38.606;536843520378607928;-176;1045;-152
2021-11-13T11:18:38.626;536843520398360478;-140;1081;-106
2021-11-13T11:18:38.646;536843520418113028;-216;1023;-84
2021-11-13T11:18:38.665;536843520437865578;-206;1019;8
2021-11-13T11:18:38.685;536843520457618128;-255;1047;-58
2021-11-13T11:18:38.705;536843520477370678;-195;1081;-74
2021-11-13T11:18:38.725;536843520497123228;-211;1105;-56
2021-11-13T11:18:38.744;536843520516875778;-217;1099;-17
2021-11-13T11:18:38.764;536843520536628328;-217;1052;-9
2021-11-13T11:18:38.784;536843520556380878;-218;1084;-96
2021-11-13T11:18:38.804;536843520576133428;-204;1049;-100
2021-11-13T11:18:38.823;536843520595885978;-196;1041;-122
2021-11-13T11:18:38.843;536843520615638528;-191;1045;-96
2021-11-13T11:18:38.863;536843520635391078;-173;1036;-70
2021-11-13T11:18:38.883;536843520655143628;-140;1024;-105
2021-11-13T11:18:38.902;536843520674892553;-101;1047;-119
2021-11-13T11:18:38.922;536843520694641462;-117;1048;-113
2021-11-13T11:18:38.942;536843520714390371;-132;1022;-73
2021-11-13T11:18:38.962;536843520734139280;-169;1006;-45
2021-11-13T11:18:38.981;536843520753888189;-178;1012;-21
2021-11-13T11:18:39.001;536843520773637098;-181;991;-11
2021-11-13T11:18:39.021;536843520793386007;-170;988;-17
2021-11-13T11:18:39.041;536843520813134916;-129;985;-25
2021-11-13T11:18:39.060;536843520832883825;-136;991;-50
2021-11-13T11:18:39.080;536843520852632734;-130;1073;-35
2021-11-13T11:18:39.100;536843520872381643;-169;1070;-35
2021-11-13T11:18:39.120;536843520892130552;-159;1147;-62
2021-11-13T11:18:39.139;536843520911879461;-146;1221;-54
2021-11-13T11:18:39.159;536843520931628370;-133;1246;-74
2021-11-13T11:18:39.179;536843520951377279;-183;1273;-113
2021-11-13T11:18:39.199;536843520971126188;-193;1270;-27
2021-11-13T11:18:39.218;536843520990875097;-230;1238;14
2021-11-13T11:18:39.238;536843521010624006;-251;1243;-44
2021-11-13T11:18:39.258;536843521030372915;-214;1233;-49
2021-11-13T11:18:39.278;536843521050121824;-202;1198;-74
2021-11-13T11:18:39.297;536843521069870733;-112;1157;-26
2021-11-13T11:18:39.317;536843521089619642;-157;1124;-87
2021-11-13T11:18:39.337;536843521109368551;-129;1135;-149
2021-11-13T11:18:39.357;536843521129117460;-136;1109;-113
2021-11-13T11:18:39.376;536843521148866369;-144;1110;-110
2021-11-13T11:18:39.396;536843521168615278;-180;1043;-93
2021-11-13T11:18:39.416;536843521188364187;-115;1042;-61
2021-11-13T11:18:39.436;536843521208113096;-168;985;-56
2021-11-13T11:18:39.455;536843521227862005;-154;991;-85
2021-11-13T11:18:39.475;536843521247610914;-116;970;-57
2021-11-13T11:18:39.495;536843521267359823;-135;991;-52
2021-11-13T11:18:39.515;536843521287108732;-160;905;-29
2021-11-13T11:18:39.534;536843521306857641;-86;955;-23
2021-11-13T11:18:39.554;536843521326606550;-104;907;-19
2021-11-13T11:18:39.574;536843521346355459;-132;875;-140
2021-11-13T11:18:39.594;536843521366104368;-88;891;-135
2021-11-13T11:18:39.613;536843521385862039;-61;860;-60
2021-11-13T11:18:39.633;536843521405619686;-161;890;-117
2021-11-13T11:18:39.653;536843521425377333;-44;857;-44
2021-11-13T11:18:39.673;536843521445134980;-109;930;-79
2021-11-13T11:18:39.692;536843521464892627;-112;896;-157
2021-11-13T11:18:39.712;536843521484650274;-43;902;-105
2021-11-13T11:18:39.732;536843521504407921;-116;929;-113
2021-11-13T11:18:39.752;536843521524165568;-108;935;-64
2021-11-13T11:18:39.771;536843521543923215;-262;943;-74
2021-11-13T11:18:39.791;536843521563680862;-286;929;-25
2021-11-13T11:18:39.811;536843521583438509;-142;956;26
2021-11-13T11:18:39.831;536843521603196156;-140;891;2
2021-11-13T11:18:39.850;536843521622953803;-213;881;-119
2021-11-13T11:18:39.870;536843521642711450;-128;875;-165
2021-11-13T11:18:39.890;536843521662469097;-135;906;-117
2021-11-13T11:18:39.910;536843521682226744;-137;864;-98
2021-11-13T11:18:39.929;536843521701984391;-98;883;-99
2021-11-13T11:18:39.949;536843521721742038;-251;791;-179
2021-11-13T11:18:39.969;536843521741499685;-295;919;-229
2021-11-13T11:18:39.989;536843521761257332;-197;854;-109
2021-11-13T11:18:40.008;536843521781014979;-268;792;-206
2021-11-13T11:18:40.028;536843521800772626;-283;877;-232
2021-11-13T11:18:40.048;536843521820530273;-146;920;-233
2021-11-13T11:18:40.068;536843521840287920;-201;922;-181
2021-11-13T11:18:40.087;536843521860045567;-86;958;86
2021-11-13T11:18:40.107;536843521879803214;-207;933;-57
2021-11-13T11:18:40.127;536843521899560861;-218;960;-238
2021-11-13T11:18:40.147;536843521919318508;-163;933;-278
2021-11-13T11:18:40.166;536843521939076155;-97;924;-118
2021-11-13T11:18:40.186;536843521958833802;-142;850;-54
2021-11-13T11:18:40.206;536843521978591449;-274;833;-243
2021-11-13T11:18:40.226;536843521998349096;-297;891;-219
2021-11-13T11:18:40.246;536843522018106743;-261;855;-230
2021-11-13T11:18:40.265;536843522037864390;-46;871;-142
2021-11-13T11:18:40.285;536843522057622037;-188;885;-140
2021-11-13T11:18:40.305;536843522077379684;-320;854;-244
2021-11-13T11:18:40.325;536843522097138085;-332;902;-294
2021-11-13T11:18:40.344;536843522116896460;-115;948;-140
2021-11-13T11:18:40.364;536843522136654835;-179;871;-215
2021-11-13T11:18:40.384;536843522156413210;-261;857;-250
2021-11-13T11:18:40.404;536843522176171585;-189;921;-206
2021-11-13T11:18:40.423;536843522195929960;-240;837;-167
2021-11-13T11:18:40.443;536843522215688335;-363;752;-232
2021-11-13T11:18:40.463;536843522235446710;-371;734;-269
2021-11-13T11:18:40.483;536843522255205085;-172;835;-98
2021-11-13T11:18:40.502;536843522274963460;-174;740;-102
2021-11-13T11:18:40.522;536843522294721835;-249;690;-196
2021-11-13T11:18:40.542;536843522314480210;-1;806;-218
2021-11-13T11:18:40.562;536843522334238585;-257;782;-197
2021-11-13T11:18:40.581;536843522353996960;-204;781;-105
2021-11-13T11:18:40.601;536843522373755335;-267;855;-106
2021-11-13T11:18:40.621;536843522393513710;-216;929;-54
2021-11-13T11:18:40.641;536843522413272085;-200;904;-77
2021-11-13T11:18:40.660;536843522433030460;-234;957;-152
2021-11-13T11:18:40.680;536843522452788835;-298;998;-142
2021-11-13T11:18:40.700;536843522472547210;-187;1008;-119
2021-11-13T11:18:40.720;536843522492305585;-208;1093;-122
2021-11-13T11:18:40.739;536843522512063960;-208;1015;-106
2021-11-13T11:18:40.759;536843522531822335;-204;1063;-189
2021-11-13T11:18:40.779;536843522551580710;-180;1007;-161
2021-11-13T11:18:40.799;536843522571339085;-168;1006;-109
2021-11-13T11:18:40.818;536843522591097460;-251;1024;-129
2021-11-13T11:18:40.838;536843522610855835;-229;988;-112
2021-11-13T11:18:40.858;536843522630614210;-243;1020;-136
2021-11-13T11:18:40.878;536843522650372585;-231;973;-181
2021-11-13T11:18:40.898;536843522670130960;-178;953;-102
2021-11-13T11:18:40.917;536843522689889335;-244;969;-143
2021-11-13T11:18:40.937;536843522709647710;-242;946;-140
2021-11-13T11:18:40.957;536843522729406085;-234;971;-114
2021-11-13T11:18:40.977;536843522749164460;-239;941;-78
2021-11-13T11:18:40.996;536843522768922835;-272;948;-80
2021-11-13T11:18:41.016;536843522788681210;-248;988;-107
2021-11-13T11:18:41.036;536843522808433778;-251;986;-93
2021-11-13T11:18:41.056;536843522828186328;-232;985;-108
2021-11-13T11:18:41.075;536843522847938878;-256;1008;-125
2021-11-13T11:18:41.095;536843522867691428;-242;1010;-87
2021-11-13T11:18:41.115;536843522887443978;-261;1021;-80
2021-11-13T11:18:41.135;536843522907196528;-239;1007;-97
2021-11-13T11:18:41.154;536843522926949078;-235;1033;-118
2021-11-13T11:18:41.174;536843522946701628;-208;1001;-121
2021-11-13T11:18:41.194;536843522966454178;-186;1038;-122
2021-11-13T11:18:41.214;536843522986206728;-219;1029;-80
2021-11-13T11:18:41.233;536843523005959278;-229;1038;-76
2021-11-13T11:18:41.253;536843523025711828;-233;1052;-98
2021-11-13T11:18:41.273;536843523045464378;-211;1038;-103
2021-11-13T11:18:41.293;536843523065216928;-227;1056;-73
2021-11-13T11:18:41.312;536843523084969478;-224;1053;-52
2021-11-13T11:18:41.332;536843523104722028;-223;1052;-71
2021-11-13T11:18:41.352;536843523124474578;-209;1054;-86
2021-11-13T11:18:41.372;536843523144227128;-237;1078;-53
2021-11-13T11:18:41.391;536843523163979678;-265;1086;-20
2021-11-13T11:18:41.411;536843523183732228;-258;1086;-29
2021-11-13T11:18:41.431;536843523203484778;-263;1076;-38
2021-11-13T11:18:41.451;536843523223237328;-222;1071;-59
2021-11-13T11:18:41.470;536843523242989878;-206;1041;-63
2021-11-13T11:18:41.490;536843523262742428;-207;1014;-88
2021-11-13T11:18:41.510;536843523282494978;-206;1003;-75
2021-11-13T11:18:41.530;536843523302247528;-217;984;-68
2021-11-13T11:18:41.549;536843523322000078;-214;987;-57
2021-11-13T11:18:41.569;536843523341752628;-204;974;-32
2021-11-13T11:18:41.589;536843523361505178;-211;969;-19
2021-11-13T11:18:41.609;536843523381257728;-226;961;-20
2021-11-13T11:18:41.628;536843523401010278;-199;976;-30
2021-11-13T11:18:41.648;536843523420762828;-214;955;-35
2021-11-13T11:18:41.668;536843523440515378;-211;957;-9
2021-11-13T11:18:41.688;536843523460267928;-213;970;-29
2021-11-13T11:18:41.707;536843523480020478;-215;974;-13
2021-11-13T11:18:41.727;536843523499773028;-227;992;-10
2021-11-13T11:18:41.747;536843523519513949;-247;1070;-42
2021-11-13T11:18:41.767;536843523539254848;-261;1089;-49
2021-11-13T11:18:41.786;536843523558995747;-266;1129;-45
2021-11-13T11:18:41.806;536843523578736646;-281;1161;-49
2021-11-13T11:18:41.826;536843523598477545;-301;1210;-31
2021-11-13T11:18:41.846;536843523618218444;-344;1192;-7
2021-11-13T11:18:41.865;536843523637959343;-348;1228;-10
2021-11-13T11:18:41.885;536843523657700242;-283;1226;-75
2021-11-13T11:18:41.905;536843523677441141;-292;1232;-77
2021-11-13T11:18:41.925;536843523697182040;-248;1194;-48
2021-11-13T11:18:41.944;536843523716922939;-254;1171;-53
2021-11-13T11:18:41.964;536843523736663838;-295;1150;-79
2021-11-13T11:18:41.984;536843523756404737;-287;1126;-12
2021-11-13T11:18:42.004;536843523776145636;-206;1114;11
2021-11-13T11:18:42.023;536843523795886535;-267;1087;-26
2021-11-13T11:18:42.043;536843523815627434;-203;1072;-63
2021-11-13T11:18:42.063;536843523835368333;-168;1049;-60
2021-11-13T11:18:42.083;536843523855109232;-109;1021;-90
2021-11-13T11:18:42.102;536843523874850131;-109;1001;-71
2021-11-13T11:18:42.122;536843523894591030;-147;994;-50
2021-11-13T11:18:42.142;536843523914331929;-191;984;-6
2021-11-13T11:18:42.161;536843523934072828;-193;959;-16
2021-11-13T11:18:42.181;536843523953813727;-150;981;1
2021-11-13T11:18:42.201;536843523973554626;-177;972;-72
2021-11-13T11:18:42.221;536843523993295525;-114;942;-30
2021-11-13T11:18:42.240;536843524013036424;-183;960;-32
2021-11-13T11:18:42.260;536843524032777323;-165;943;-60
2021-11-13T11:18:42.280;536843524052518222;-186;934;-49
2021-11-13T11:18:42.300;536843524072259121;-117;898;-155
2021-11-13T11:18:42.319;536843524092000020;-78;883;-155
2021-11-13T11:18:42.339;536843524111740919;-160;807;-167
2021-11-13T11:18:42.359;536843524131481818;-90;895;-115
2021-11-13T11:18:42.379;536843524151222717;-156;805;-91
2021-11-13T11:18:42.398;536843524170963616;-197;812;-145
2021-11-13T11:18:42.418;536843524190704515;-147;810;-104
2021-11-13T11:18:42.438;536843524210445414;-124;866;-123
2021-11-13T11:18:42.458;536843524230187063;-227;819;-91
2021-11-13T11:18:42.477;536843524249928690;-196;850;-32
2021-11-13T11:18:42.497;536843524269670317;-227;848;-70
2021-11-13T11:18:42.517;536843524289411944;-229;886;-104
2021-11-13T11:18:42.537;536843524309153571;-180;879;-124
2021-11-13T11:18:42.556;536843524328895198;-203;901;-146
2021-11-13T11:18:42.576;536843524348636825;-223;895;-117
2021-11-13T11:18:42.596;536843524368378452;-238;891;-27
2021-11-13T11:18:42.616;536843524388120079;-302;856;-78
2021-11-13T11:18:42.635;536843524407861706;-253;876;-140
2021-11-13T11:18:42.655;536843524427603333;-201;861;-176
2021-11-13T11:18:42.675;536843524447344960;-280;864;-154
2021-11-13T11:18:42.694;536843524467086587;-196;793;-122
2021-11-13T11:18:42.714;536843524486828214;-248;863;-221
2021-11-13T11:18:42.734;536843524506569841;-324;828;-223
2021-11-13T11:18:42.754;536843524526311468;-308;805;-266
2021-11-13T11:18:42.773;536843524546053095;-252;867;-202
2021-11-13T11:18:42.793;536843524565794722;-144;809;-101
2021-11-13T11:18:42.813;536843524585536349;-309;776;-212
2021-11-13T11:18:42.833;536843524605277976;-318;815;-236
2021-11-13T11:18:42.852;536843524625019603;-337;794;-249
2021-11-13T11:18:42.872;536843524644761230;-253;806;-215
2021-11-13T11:18:42.892;536843524664502857;-245;773;-214
2021-11-13T11:18:42.912;536843524684244484;-155;810;-209
2021-11-13T11:18:42.931;536843524703986111;-208;814;-160
2021-11-13T11:18:42.951;536843524723727738;-322;808;-188
2021-11-13T11:18:42.971;536843524743469365;-283;824;-175
2021-11-13T11:18:42.991;536843524763210992;-202;839;-76
2021-11-13T11:18:43.010;536843524782952619;-292;795;-78
2021-11-13T11:18:43.030;536843524802694246;-266;819;-158
2021-11-13T11:18:43.050;536843524822435873;-213;852;-95
2021-11-13T11:18:43.070;536843524842177500;-247;810;-132
2021-11-13T11:18:43.089;536843524861919127;-157;893;-66
2021-11-13T11:18:43.109;536843524881660754;-272;898;-102
2021-11-13T11:18:43.129;536843524901402381;-215;877;-113
2021-11-13T11:18:43.149;536843524921144008;-122;937;-45
