Phone timestamp;sensor timestamp [ns];X [mg];Y [mg];Z [mg]
2021-11-13T11:26:25.380;536843987166842709;125;-1167;194
2021-11-13T11:26:25.399;536843987186609094;187;-1153;217
2021-11-13T11:26:25.419;536843987206375479;162;-1129;215
2021-11-13T11:26:25.439;536843987226141864;141;-1127;242
2021-11-13T11:26:25.459;536843987245908249;89;-1124;234
2021-11-13T11:26:25.478;536843987265674634;69;-1119;54
2021-11-13T11:26:25.498;536843987285441019;164;-1148;64
2021-11-13T11:26:25.518;536843987305207404;10;-1076;146
2021-11-13T11:26:25.538;536843987324973789;29;-1059;80
2021-11-13T11:26:25.557;536843987344740174;107;-1047;131
2021-11-13T11:26:25.577;536843987364506559;153;-1061;204
2021-11-13T11:26:25.597;536843987384272944;275;-1079;167
2021-11-13T11:26:25.617;536843987404039329;183;-1102;231
2021-11-13T11:26:25.636;536843987423805714;117;-1065;288
2021-11-13T11:26:25.656;536843987443572099;118;-1061;190
2021-11-13T11:26:25.676;536843987463338484;301;-1136;194
2021-11-13T11:26:25.696;536843987483104869;228;-1124;211
2021-11-13T11:26:25.716;536843987502871254;101;-1114;195
2021-11-13T11:26:25.735;536843987522637639;222;-1115;187
2021-11-13T11:26:25.755;536843987542404024;162;-1067;255
2021-11-13T11:26:25.775;536843987562170409;94;-1029;223
2021-11-13T11:26:25.795;536843987581936794;90;-1044;236
2021-11-13T11:26:25.814;536843987601703179;172;-1074;211
2021-11-13T11:26:25.834;536843987621469564;80;-1045;260
2021-11-13T11:26:25.854;536843987641235949;113;-993;325
2021-11-13T11:26:25.874;536843987661002334;175;-1105;214
2021-11-13T11:26:25.893;536843987680768719;14;-983;256
2021-11-13T11:26:25.913;536843987700535104;101;-988;282
2021-11-13T11:26:25.933;536843987720301489;52;-996;295
2021-11-13T11:26:25.953;536843987740067874;40;-1021;258
2021-11-13T11:26:25.972;536843987759834259;73;-1070;234
2021-11-13T11:26:25.992;536843987779600644;105;-1056;250
2021-11-13T11:26:26.012;536843987799367029;147;-1057;299
2021-11-13T11:26:26.032;536843987819133414;98;-1028;302
2021-11-13T11:26:26.052;536843987838899799;88;-1010;303
2021-11-13T11:26:26.071;536843987858666184;118;-1078;252
2021-11-13T11:26:26.091;536843987878432601;122;-1073;312
2021-11-13T11:26:26.111;536843987898198986;118;-1057;315
2021-11-13T11:26:26.131;536843987917965371;164;-1073;322
2021-11-13T11:26:26.150;536843987937731756;52;-1073;270
2021-11-13T11:26:26.170;536843987957498141;84;-1104;250
2021-11-13T11:26:26.190;536843987977264526;49;-1078;255
2021-11-13T11:26:26.210;536843987997030911;69;-1060;287
2021-11-13T11:26:26.229;536843988016797296;72;-1052;302
2021-11-13T11:26:26.249;536843988036563681;28;-1070;278
2021-11-13T11:26:26.269;536843988056330066;101;-1063;275
2021-11-13T11:26:26.289;536843988076096451;71;-1034;282
2021-11-13T11:26:26.309;536843988095862836;41;-1032;287
2021-11-13T11:26:26.328;536843988115629221;39;-1041;273
2021-11-13T11:26:26.348;536843988135395606;30;-1036;266
2021-11-13T11:26:26.368;536843988155161991;103;-1057;273
2021-11-13T11:26:26.388;536843988174928376;48;-1076;266
2021-11-13T11:26:26.407;536843988194694761;73;-1124;293
2021-11-13T11:26:26.427;536843988214461146;93;-1170;275
2021-11-13T11:26:26.447;536843988234227531;157;-1257;318
2021-11-13T11:26:26.467;536843988253993916;40;-1331;327
2021-11-13T11:26:26.486;536843988273760301;102;-1310;341
2021-11-13T11:26:26.506;536843988293526686;224;-1402;378
2021-11-13T11:26:26.526;536843988313293071;45;-1335;395
2021-11-13T11:26:26.546;536843988333059456;40;-1283;290
2021-11-13T11:26:26.565;536843988352825841;117;-1349;256
2021-11-13T11:26:26.585;536843988372592226;-33;-1270;261
2021-11-13T11:26:26.605;536843988392358611;-7;-1195;298
2021-11-13T11:26:26.625;536843988412124996;89;-1238;197
2021-11-13T11:26:26.645;536843988431891381;9;-1206;269
2021-11-13T11:26:26.664;536843988451657766;-27;-1175;194
2021-11-13T11:26:26.684;536843988471424151;33;-1102;268
2021-11-13T11:26:26.704;536843988491190536;32;-1082;289
2021-11-13T11:26:26.724;536843988510956921;28;-1072;181
2021-11-13T11:26:26.743;536843988530723306;76;-1080;201
2021-11-13T11:26:26.763;536843988550489691;-43;-1078;165
2021-11-13T11:26:26.783;536843988570256076;-70;-1011;156
2021-11-13T11:26:26.803;536843988590008638;-60;-995;177
2021-11-13T11:26:26.822;536843988609761188;30;-985;173
2021-11-13T11:26:26.842;536843988629513738;37;-934;304
2021-11-13T11:26:26.862;536843988649266288;-79;-972;227
2021-11-13T11:26:26.882;536843988669018838;4;-952;194
2021-11-13T11:26:26.901;536843988688771388;-75;-977;177
2021-11-13T11:26:26.921;536843988708523938;-30;-967;177
2021-11-13T11:26:26.941;536843988728276488;-36;-984;117
2021-11-13T11:26:26.961;536843988748029038;1;-953;202
2021-11-13T11:26:26.980;536843988767781588;43;-973;208
2021-11-13T11:26:27.000;536843988787534138;57;-968;134
2021-11-13T11:26:27.020;536843988807286688;24;-956;223
2021-11-13T11:26:27.040;536843988827039238;-20;-987;109
2021-11-13T11:26:27.059;536843988846791788;22;-919;165
2021-11-13T11:26:27.079;536843988866544338;2;-853;117
2021-11-13T11:26:27.099;536843988886296888;73;-874;130
2021-11-13T11:26:27.119;536843988906049438;-16;-897;73
2021-11-13T11:26:27.138;536843988925801988;-12;-917;39
2021-11-13T11:26:27.158;536843988945554538;97;-879;55
2021-11-13T11:26:27.178;536843988965307088;-25;-828;174
2021-11-13T11:26:27.198;536843988985059638;78;-928;82
2021-11-13T11:26:27.217;536843989004812188;31;-963;102
2021-11-13T11:26:27.237;536843989024564738;70;-972;217
2021-11-13T11:26:27.257;536843989044317288;147;-961;200
2021-11-13T11:26:27.277;536843989064069838;-44;-1029;161
2021-11-13T11:26:27.296;536843989083822388;86;-1056;83
2021-11-13T11:26:27.316;536843989103574938;78;-1005;174
2021-11-13T11:26:27.336;536843989123327488;-69;-1028;145
2021-11-13T11:26:27.356;536843989143080038;38;-940;68
2021-11-13T11:26:27.375;536843989162832588;43;-999;81
2021-11-13T11:26:27.395;536843989182585138;113;-1030;111
2021-11-13T11:26:27.415;536843989202337688;103;-955;110
2021-11-13T11:26:27.435;536843989222090238;-43;-979;129
2021-11-13T11:26:27.455;536843989241842788;-23;-1036;81
2021-11-13T11:26:27.474;536843989261595338;186;-968;141
2021-11-13T11:26:27.494;536843989281347888;183;-997;41
2021-11-13T11:26:27.514;536843989301104091;-49;-1086;150
2021-11-13T11:26:27.534;536843989320860282;-4;-983;118
2021-11-13T11:26:27.553;536843989340616473;50;-1001;91
2021-11-13T11:26:27.573;536843989360372664;83;-1023;100
2021-11-13T11:26:27.593;536843989380128855;349;-1057;31
2021-11-13T11:26:27.613;536843989399885046;7;-1076;146
2021-11-13T11:26:27.632;536843989419641237;35;-985;195
2021-11-13T11:26:27.652;536843989439397428;60;-994;116
2021-11-13T11:26:27.672;536843989459153619;65;-1033;151
2021-11-13T11:26:27.692;536843989478909810;247;-1061;74
2021-11-13T11:26:27.711;536843989498666001;-41;-1073;181
2021-11-13T11:26:27.731;536843989518422192;65;-1017;159
2021-11-13T11:26:27.751;536843989538178383;51;-1032;121
2021-11-13T11:26:27.771;536843989557934574;1065;-1263;-465
2021-11-13T11:26:27.790;536843989577690765;-356;-740;386
2021-11-13T11:26:27.810;536843989597446956;389;-1233;139
2021-11-13T11:26:27.830;536843989617203147;-201;-933;158
2021-11-13T11:26:27.850;536843989636959338;-58;-1001;187
2021-11-13T11:26:27.869;536843989656715529;34;-1084;191
2021-11-13T11:26:27.889;536843989676471720;47;-1046;173
2021-11-13T11:26:27.909;536843989696227911;657;-1070;-76
2021-11-13T11:26:27.929;536843989715984102;-431;-1074;323
2021-11-13T11:26:27.948;536843989735740293;125;-1040;184
2021-11-13T11:26:27.968;536843989755496484;-188;-1042;223
2021-11-13T11:26:27.988;536843989775252675;33;-1071;206
2021-11-13T11:26:28.008;536843989795008866;212;-1093;143
2021-11-13T11:26:28.027;536843989814765057;116;-1013;193
2021-11-13T11:26:28.047;536843989834521248;200;-1149;-48
2021-11-13T11:26:28.067;536843989854277439;114;-931;174
2021-11-13T11:26:28.087;536843989874033630;154;-1130;114
2021-11-13T11:26:28.106;536843989893789821;133;-1010;106
2021-11-13T11:26:28.126;536843989913546012;121;-1105;183
2021-11-13T11:26:28.146;536843989933302203;131;-1041;148
2021-11-13T11:26:28.166;536843989953058394;144;-1061;104
2021-11-13T11:26:28.185;536843989972814585;70;-1015;90
2021-11-13T11:26:28.205;536843989992570776;188;-1017;81
2021-11-13T11:26:28.225;536843990012323338;128;-1043;29
2021-11-13T11:26:28.245;536843990032075888;210;-1014;31
2021-11-13T11:26:28.264;536843990051828438;159;-1000;109
2021-11-13T11:26:28.284;536843990071580988;218;-985;91
2021-11-13T11:26:28.304;536843990091333538;128;-1000;85
2021-11-13T11:26:28.324;536843990111086088;225;-980;38
2021-11-13T11:26:28.343;536843990130838638;148;-984;64
2021-11-13T11:26:28.363;536843990150591188;224;-984;19
2021-11-13T11:26:28.383;536843990170343738;143;-967;61
2021-11-13T11:26:28.403;536843990190096288;185;-974;69
2021-11-13T11:26:28.423;536843990209848838;219;-983;41
2021-11-13T11:26:28.442;536843990229601388;233;-992;84
2021-11-13T11:26:28.462;536843990249353938;175;-965;139
2021-11-13T11:26:28.482;536843990269106488;263;-903;130
2021-11-13T11:26:28.502;536843990288859038;216;-907;28
2021-11-13T11:26:28.521;536843990308611588;23;-929;130
2021-11-13T11:26:28.541;536843990328364138;171;-883;168
2021-11-13T11:26:28.561;536843990348116688;190;-857;150
2021-11-13T11:26:28.581;536843990367869238;145;-895;21
2021-11-13T11:26:28.600;536843990387621788;2;-873;256
2021-11-13T11:26:28.620;536843990407374338;219;-922;195
2021-11-13T11:26:28.640;536843990427126888;160;-912;145
2021-11-13T11:26:28.660;536843990446879438;27;-967;225
2021-11-13T11:26:28.679;536843990466631988;122;-953;198
2021-11-13T11:26:28.699;536843990486384538;173;-917;177
2021-11-13T11:26:28.719;536843990506137088;181;-997;103
2021-11-13T11:26:28.739;536843990525889638;2;-945;260
2021-11-13T11:26:28.758;536843990545642188;175;-976;228
2021-11-13T11:26:28.778;536843990565394738;125;-1025;72
2021-11-13T11:26:28.798;536843990585147288;109;-998;146
2021-11-13T11:26:28.818;536843990604899838;187;-1030;186
2021-11-13T11:26:28.837;536843990624652388;137;-1013;179
2021-11-13T11:26:28.857;536843990644404938;118;-1065;167
2021-11-13T11:26:28.877;536843990664157488;36;-1112;66
2021-11-13T11:26:28.897;536843990683910038;103;-1033;243
2021-11-13T11:26:28.916;536843990703662588;160;-1104;179
2021-11-13T11:26:28.936;536843990723411517;57;-1075;258
2021-11-13T11:26:28.956;536843990743160426;199;-1086;243
2021-11-13T11:26:28.976;536843990762909335;25;-1126;270
2021-11-13T11:26:28.995;536843990782658244;135;-1137;233
2021-11-13T11:26:29.015;536843990802407153;56;-1133;148
2021-11-13T11:26:29.035;536843990822156062;100;-1141;239
2021-11-13T11:26:29.055;536843990841904971;133;-1114;304
2021-11-13T11:26:29.074;536843990861653880;95;-1105;208
2021-11-13T11:26:29.094;536843990881402789;241;-1149;198
2021-11-13T11:26:29.114;536843990901151698;154;-1137;154
2021-11-13T11:26:29.134;536843990920900607;235;-1091;301
2021-11-13T11:26:29.153;536843990940649516;187;-1104;209
2021-11-13T11:26:29.173;536843990960398425;182;-1125;169
2021-11-13T11:26:29.193;536843990980147334;221;-1161;114
2021-11-13T11:26:29.213;536843990999896243;189;-1115;210
2021-11-13T11:26:29.232;536843991019645152;216;-1102;215
2021-11-13T11:26:29.252;536843991039394061;120;-1098;216
2021-11-13T11:26:29.272;536843991059142970;239;-1112;177
2021-11-13T11:26:29.292;536843991078891879;157;-1094;249
2021-11-13T11:26:29.311;536843991098640788;134;-1099;219
2021-11-13T11:26:29.331;536843991118389697;116;-1061;236
2021-11-13T11:26:29.351;536843991138138606;212;-1068;220
2021-11-13T11:26:29.371;536843991157887515;212;-1120;231
2021-11-13T11:26:29.390;536843991177636424;109;-1104;216
2021-11-13T11:26:29.410;536843991197385333;105;-1062;183
2021-11-13T11:26:29.430;536843991217134242;115;-1053;187
2021-11-13T11:26:29.450;536843991236883151;135;-1040;153
2021-11-13T11:26:29.469;536843991256632060;161;-1021;218
2021-11-13T11:26:29.489;536843991276380969;161;-1042;223
2021-11-13T11:26:29.509;536843991296129878;133;-1014;225
2021-11-13T11:26:29.529;536843991315878787;200;-1033;281
2021-11-13T11:26:29.548;536843991335627696;145;-1034;295
2021-11-13T11:26:29.568;536843991355376605;108;-1039;221
2021-11-13T11:26:29.588;536843991375125514;94;-1046;198
2021-11-13T11:26:29.608;536843991394874423;87;-1024;224
2021-11-13T11:26:29.627;536843991414623332;38;-1043;239
2021-11-13T11:26:29.647;536843991434383172;116;-1035;220
2021-11-13T11:26:29.667;536843991454143004;124;-1089;240
2021-11-13T11:26:29.687;536843991473902836;110;-1074;241
2021-11-13T11:26:29.706;536843991493662668;97;-1088;254
2021-11-13T11:26:29.726;536843991513422500;150;-1097;239
2021-11-13T11:26:29.746;536843991533182332;100;-1106;202
2021-11-13T11:26:29.766;536843991552942164;74;-1074;180
2021-11-13T11:26:29.785;536843991572701996;111;-1059;213
2021-11-13T11:26:29.805;536843991592461828;67;-1034;246
2021-11-13T11:26:29.825;536843991612221660;52;-1035;205
2021-11-13T11:26:29.845;536843991631981492;88;-1050;190
2021-11-13T11:26:29.864;536843991651741324;86;-1052;206
2021-11-13T11:26:29.884;536843991671501156;64;-1050;235
2021-11-13T11:26:29.904;536843991691260988;72;-1105;251
2021-11-13T11:26:29.924;536843991711020820;99;-1201;214
2021-11-13T11:26:29.943;536843991730780652;186;-1247;251
2021-11-13T11:26:29.963;536843991750540484;148;-1315;304
2021-11-13T11:26:29.983;536843991770300316;115;-1369;261
2021-11-13T11:26:30.003;536843991790060148;226;-1399;269
2021-11-13T11:26:30.022;536843991809819980;120;-1401;327
2021-11-13T11:26:30.042;536843991829579812;84;-1363;323
2021-11-13T11:26:30.062;536843991849339644;200;-1321;279
2021-11-13T11:26:30.082;536843991869099476;146;-1305;371
2021-11-13T11:26:30.102;536843991888859308;75;-1221;325
2021-11-13T11:26:30.121;536843991908619140;79;-1234;267
2021-11-13T11:26:30.141;536843991928378972;138;-1213;279
2021-11-13T11:26:30.161;536843991948138804;40;-1160;313
2021-11-13T11:26:30.181;536843991967898636;65;-1115;207
2021-11-13T11:26:30.200;536843991987658468;98;-1063;272
2021-11-13T11:26:30.220;536843992007418300;64;-1073;199
2021-11-13T11:26:30.240;536843992027178132;21;-1081;173
2021-11-13T11:26:30.260;536843992046937964;28;-1044;181
2021-11-13T11:26:30.279;536843992066697796;36;-1004;209
2021-11-13T11:26:30.299;536843992086457628;122;-1001;175
2021-11-13T11:26:30.319;536843992106217460;9;-982;210
2021-11-13T11:26:30.339;536843992125977292;85;-1022;155
2021-11-13T11:26:30.358;536843992145724745;29;-1021;114
2021-11-13T11:26:30.378;536843992165472198;-10;-966;144
2021-11-13T11:26:30.398;536843992185219651;40;-933;153
2021-11-13T11:26:30.418;536843992204967104;33;-999;162
2021-11-13T11:26:30.437;536843992224714557;97;-1033;86
2021-11-13T11:26:30.457;536843992244462010;-13;-987;96
2021-11-13T11:26:30.477;536843992264209463;-20;-994;70
2021-11-13T11:26:30.497;536843992283956916;24;-951;29
2021-11-13T11:26:30.516;536843992303704369;4;-941;51
2021-11-13T11:26:30.536;536843992323451822;-74;-917;143
2021-11-13T11:26:30.556;536843992343199275;40;-972;68
2021-11-13T11:26:30.576;536843992362946728;3;-872;116
2021-11-13T11:26:30.595;536843992382694181;-7;-859;78
2021-11-13T11:26:30.615;536843992402441634;-50;-888;42
2021-11-13T11:26:30.635;536843992422189087;26;-888;52
2021-11-13T11:26:30.655;536843992441936540;14;-877;74
2021-11-13T11:26:30.674;536843992461683993;8;-918;95
2021-11-13T11:26:30.694;536843992481431446;46;-968;75
2021-11-13T11:26:30.714;536843992501178899;-82;-917;197
2021-11-13T11:26:30.734;536843992520926352;114;-952;157
2021-11-13T11:26:30.753;536843992540673805;91;-974;43
2021-11-13T11:26:30.773;536843992560421258;117;-944;70
2021-11-13T11:26:30.793;536843992580168711;122;-998;102
2021-11-13T11:26:30.813;536843992599916164;19;-934;134
2021-11-13T11:26:30.832;536843992619663617;19;-903;151
2021-11-13T11:26:30.852;536843992639411070;107;-966;19
2021-11-13T11:26:30.872;536843992659158523;67;-1018;109
2021-11-13T11:26:30.892;536843992678905976;111;-987;142
2021-11-13T11:26:30.911;536843992698653429;64;-1045;75
2021-11-13T11:26:30.931;536843992718400882;-17;-1014;184
2021-11-13T11:26:30.951;536843992738148335;34;-984;210
2021-11-13T11:26:30.971;536843992757895788;193;-1056;18
2021-11-13T11:26:30.990;536843992777643241;50;-1043;72
2021-11-13T11:26:31.010;536843992797390694;15;-1002;164
2021-11-13T11:26:31.030;536843992817138147;-127;-1020;191
2021-11-13T11:26:31.050;536843992836885600;154;-1049;152
2021-11-13T11:26:31.069;536843992856639638;118;-1096;146
2021-11-13T11:26:31.089;536843992876393644;226;-1102;59
2021-11-13T11:26:31.109;536843992896147650;-123;-1078;173
2021-11-13T11:26:31.129;536843992915901656;16;-1002;183
2021-11-13T11:26:31.148;536843992935655662;20;-1056;114
2021-11-13T11:26:31.168;536843992955409668;224;-1041;114
2021-11-13T11:26:31.188;536843992975163674;132;-1046;159
2021-11-13T11:26:31.208;536843992994917680;-87;-1042;-7
2021-11-13T11:26:31.227;536843993014671686;436;-968;-29
2021-11-13T11:26:31.247;536843993034425692;-32;-1150;74
2021-11-13T11:26:31.267;536843993054179698;207;-968;81
2021-11-13T11:26:31.287;536843993073933704;-70;-1043;195
2021-11-13T11:26:31.306;536843993093687710;-82;-985;174
2021-11-13T11:26:31.326;536843993113441716;-10;-1032;142
2021-11-13T11:26:31.346;536843993133195722;102;-1096;89
2021-11-13T11:26:31.366;536843993152949728;46;-1112;156
2021-11-13T11:26:31.385;536843993172703734;690;-1132;-112
2021-11-13T11:26:31.405;536843993192457740;-462;-1079;258
2021-11-13T11:26:31.425;536843993212211746;264;-1063;136
2021-11-13T11:26:31.445;536843993231965752;-71;-1057;158
2021-11-13T11:26:31.464;536843993251719758;-3;-1046;136
2021-11-13T11:26:31.484;536843993271473764;86;-1052;135
2021-11-13T11:26:31.504;536843993291227770;319;-1136;-173
2021-11-13T11:26:31.524;536843993310981776;27;-960;170
2021-11-13T11:26:31.543;536843993330735782;203;-1100;142
2021-11-13T11:26:31.563;536843993350489788;65;-1020;130
2021-11-13T11:26:31.583;536843993370243794;88;-1084;73
2021-11-13T11:26:31.603;536843993389997800;276;-1106;1
2021-11-13T11:26:31.622;536843993409751806;134;-1070;48
2021-11-13T11:26:31.642;536843993429505812;113;-1061;54
2021-11-13T11:26:31.662;536843993449259818;148;-1049;92
2021-11-13T11:26:31.682;536843993469013824;167;-1017;69
2021-11-13T11:26:31.701;536843993488767830;183;-1026;50
2021-11-13T11:26:31.721;536843993508521836;170;-1013;50
2021-11-13T11:26:31.741;536843993528275842;155;-1020;56
2021-11-13T11:26:31.761;536843993548029848;116;-1012;17
2021-11-13T11:26:31.780;536843993567778773;172;-995;32
2021-11-13T11:26:31.800;536843993587527682;183;-996;-16
2021-11-13T11:26:31.820;536843993607276591;145;-1004;-4
2021-11-13T11:26:31.840;536843993627025500;175;-986;15
2021-11-13T11:26:31.859;536843993646774409;192;-983;25
2021-11-13T11:26:31.879;536843993666523318;111;-994;39
2021-11-13T11:26:31.899;536843993686272227;158;-984;60
2021-11-13T11:26:31.919;536843993706021136;123;-991;29
2021-11-13T11:26:31.938;536843993725770045;26;-1000;-11
2021-11-13T11:26:31.958;536843993745518954;73;-978;16
2021-11-13T11:26:31.978;536843993765267863;127;-977;5
2021-11-13T11:26:31.998;536843993785016772;100;-983;4
2021-11-13T11:26:32.017;536843993804765681;58;-960;68
2021-11-13T11:26:32.037;536843993824514590;121;-927;79
2021-11-13T11:26:32.057;536843993844263499;58;-899;40
2021-11-13T11:26:32.077;536843993864012408;37;-971;43
2021-11-13T11:26:32.096;536843993883761317;11;-948;132
2021-11-13T11:26:32.116;536843993903510226;45;-963;116
2021-11-13T11:26:32.136;536843993923259135;72;-908;126
2021-11-13T11:26:32.156;536843993943008044;105;-933;71
2021-11-13T11:26:32.175;536843993962756953;52;-1024;52
2021-11-13T11:26:32.195;536843993982505862;8;-930;181
2021-11-13T11:26:32.215;536843994002254771;38;-943;179
2021-11-13T11:26:32.235;536843994022003680;-64;-936;131
2021-11-13T11:26:32.254;536843994041752589;1;-982;94
2021-11-13T11:26:32.274;536843994061501498;54;-1055;135
2021-11-13T11:26:32.294;536843994081250407;-12;-1046;199
2021-11-13T11:26:32.314;536843994100999316;-33;-992;242
2021-11-13T11:26:32.333;536843994120748225;84;-1057;174
2021-11-13T11:26:32.353;536843994140497134;44;-1145;92
2021-11-13T11:26:32.373;536843994160246043;-39;-1078;235
2021-11-13T11:26:32.393;536843994179994952;37;-1034;259
2021-11-13T11:26:32.412;536843994199743861;-39;-1065;176
2021-11-13T11:26:32.432;536843994219492770;7;-1085;143
2021-11-13T11:26:32.452;536843994239241679;-93;-1084;154
2021-11-13T11:26:32.472;536843994258990588;-15;-1052;173
2021-11-13T11:26:32.491;536843994278743154;-19;-1026;133
2021-11-13T11:26:32.511;536843994298495704;-111;-1037;128
2021-11-13T11:26:32.531;536843994318248254;48;-1068;134
2021-11-13T11:26:32.551;536843994338000804;-11;-1029;190
2021-11-13T11:26:32.570;536843994357753354;57;-1099;230
2021-11-13T11:26:32.590;536843994377505904;35;-1112;212
2021-11-13T11:26:32.610;536843994397258454;43;-1178;142
2021-11-13T11:26:32.630;536843994417011004;90;-1146;119
2021-11-13T11:26:32.649;536843994436763554;78;-1091;166
2021-11-13T11:26:32.669;536843994456516104;18;-1101;117
2021-11-13T11:26:32.689;536843994476268654;-42;-1192;-25
2021-11-13T11:26:32.709;536843994496021204;66;-1172;138
2021-11-13T11:26:32.728;536843994515773754;186;-1151;203
2021-11-13T11:26:32.748;536843994535526304;109;-1141;196
2021-11-13T11:26:32.768;536843994555278854;128;-1216;99
2021-11-13T11:26:32.788;536843994575031404;84;-1107;171
2021-11-13T11:26:32.807;536843994594783954;40;-1081;224
2021-11-13T11:26:32.827;536843994614536504;126;-1076;144
2021-11-13T11:26:32.847;536843994634289054;59;-1126;108
2021-11-13T11:26:32.867;536843994654041604;130;-1123;118
2021-11-13T11:26:32.886;536843994673794154;95;-1111;151
2021-11-13T11:26:32.906;536843994693546704;156;-1111;230
2021-11-13T11:26:32.926;536843994713299254;124;-1070;186
2021-11-13T11:26:32.946;536843994733051804;148;-1143;117
2021-11-13T11:26:32.965;536843994752804354;163;-1148;160
2021-11-13T11:26:32.985;536843994772556904;143;-1122;167
2021-11-13T11:26:33.005;536843994792309454;163;-1089;220
2021-11-13T11:26:33.025;536843994812062004;110;-1064;190
2021-11-13T11:26:33.044;536843994831814554;146;-1118;141
2021-11-13T11:26:33.064;536843994851567104;140;-1110;117
2021-11-13T11:26:33.084;536843994871319654;136;-1039;212
2021-11-13T11:26:33.104;536843994891072204;107;-1065;195
2021-11-13T11:26:33.123;536843994910824754;115;-1049;187
2021-11-13T11:26:33.143;536843994930577304;86;-1099;153
2021-11-13T11:26:33.163;536843994950329854;129;-1066;159
2021-11-13T11:26:33.183;536843994970082404;122;-1072;178
2021-11-13T11:26:33.202;536843994989831333;115;-1036;206
2021-11-13T11:26:33.222;536843995009580242;97;-1073;157
2021-11-13T11:26:33.242;536843995029329151;97;-1050;127
2021-11-13T11:26:33.262;536843995049078060;126;-1060;162
2021-11-13T11:26:33.281;536843995068826969;115;-1019;219
2021-11-13T11:26:33.301;536843995088575878;122;-1025;224
2021-11-13T11:26:33.321;536843995108324787;200;-1099;185
2021-11-13T11:26:33.341;536843995128073696;191;-1168;223
2021-11-13T11:26:33.360;536843995147822605;152;-1180;239
2021-11-13T11:26:33.380;536843995167571514;261;-1273;239
2021-11-13T11:26:33.400;536843995187320423;235;-1319;284
2021-11-13T11:26:33.420;536843995207069332;174;-1300;282
2021-11-13T11:26:33.439;536843995226818241;252;-1315;302
2021-11-13T11:26:33.459;536843995246567150;221;-1322;307
2021-11-13T11:26:33.479;536843995266316059;158;-1251;274
2021-11-13T11:26:33.499;536843995286064968;173;-1214;320
2021-11-13T11:26:33.518;536843995305813877;147;-1153;282
2021-11-13T11:26:33.538;536843995325562786;142;-1132;218
2021-11-13T11:26:33.558;536843995345311695;108;-1182;161
2021-11-13T11:26:33.578;536843995365060604;177;-1219;115
2021-11-13T11:26:33.597;536843995384809513;180;-1099;237
2021-11-13T11:26:33.617;536843995404558422;207;-1135;178
2021-11-13T11:26:33.637;536843995424307331;221;-1126;192
2021-11-13T11:26:33.657;536843995444056240;188;-1127;173
2021-11-13T11:26:33.676;536843995463805149;152;-1074;172
2021-11-13T11:26:33.696;536843995483554058;119;-1085;135
2021-11-13T11:26:33.716;536843995503302967;123;-1108;95
2021-11-13T11:26:33.736;536843995523051876;102;-1052;179
2021-11-13T11:26:33.755;536843995542800785;118;-998;190
2021-11-13T11:26:33.775;536843995562549694;96;-1027;149
2021-11-13T11:26:33.795;536843995582298603;60;-1045;57
2021-11-13T11:26:33.815;536843995602047512;104;-1068;98
2021-11-13T11:26:33.834;536843995621796421;152;-1023;107
2021-11-13T11:26:33.854;536843995641545330;56;-958;240
2021-11-13T11:26:33.874;536843995661294239;96;-984;118
2021-11-13T11:26:33.894;536843995681043148;139;-1016;45
2021-11-13T11:26:33.913;536843995700795710;38;-1013;66
2021-11-13T11:26:33.933;536843995720548260;43;-1012;35
2021-11-13T11:26:33.953;536843995740300810;60;-993;62
2021-11-13T11:26:33.973;536843995760053360;0;-917;103
2021-11-13T11:26:33.992;536843995779805910;39;-929;130
2021-11-13T11:26:34.012;536843995799558460;76;-1009;10
2021-11-13T11:26:34.032;536843995819311010;-48;-911;118
2021-11-13T11:26:34.052;536843995839063560;23;-894;119
2021-11-13T11:26:34.071;536843995858816110;-114;-965;54
2021-11-13T11:26:34.091;536843995878568660;-75;-878;110
2021-11-13T11:26:34.111;536843995898321210;59;-943;23
2021-11-13T11:26:34.131;536843995918073760;-65;-934;76
2021-11-13T11:26:34.150;536843995937826310;-19;-903;108
2021-11-13T11:26:34.170;536843995957578860;29;-876;124
2021-11-13T11:26:34.190;536843995977331410;5;-926;191
2021-11-13T11:26:34.210;536843995997083960;157;-933;8
2021-11-13T11:26:34.229;536843996016836510;52;-914;84
2021-11-13T11:26:34.249;536843996036589060;40;-919;91
2021-11-13T11:26:34.269;536843996056341610;-96;-950;139
2021-11-13T11:26:34.289;536843996076094160;5;-922;107
2021-11-13T11:26:34.309;536843996095846710;127;-1004;57
2021-11-13T11:26:34.328;536843996115599260;220;-1069;31
2021-11-13T11:26:34.348;536843996135351810;39;-1023;135
2021-11-13T11:26:34.368;536843996155104360;-38;-1030;141
2021-11-13T11:26:34.388;536843996174856910;40;-963;158
2021-11-13T11:26:34.407;536843996194609460;140;-1057;114
2021-11-13T11:26:34.427;536843996214362010;157;-1104;54
2021-11-13T11:26:34.447;536843996234114560;33;-1061;80
2021-11-13T11:26:34.467;536843996253867110;-84;-1010;225
2021-11-13T11:26:34.486;536843996273619660;67;-1014;150
2021-11-13T11:26:34.506;536843996293372210;194;-1046;63
2021-11-13T11:26:34.526;536843996313124760;112;-1079;145
2021-11-13T11:26:34.546;536843996332877310;34;-1110;3
2021-11-13T11:26:34.565;536843996352629860;28;-1046;104
2021-11-13T11:26:34.585;536843996372382410;84;-1079;10
2021-11-13T11:26:34.605;536843996392134960;1082;-882;-188
2021-11-13T11:26:34.625;536843996411886058;-247;-1260;104
2021-11-13T11:26:34.644;536843996431637152;279;-1015;156
2021-11-13T11:26:34.664;536843996451388246;-171;-932;225
2021-11-13T11:26:34.684;536843996471139340;-26;-949;192
2021-11-13T11:26:34.704;536843996490890434;199;-1021;187
2021-11-13T11:26:34.723;536843996510641528;187;-1007;187
2021-11-13T11:26:34.743;536843996530392622;-184;-989;256
2021-11-13T11:26:34.763;536843996550143716;58;-975;217
2021-11-13T11:26:34.783;536843996569894810;20;-1017;194
2021-11-13T11:26:34.802;536843996589645904;676;-1092;10
2021-11-13T11:26:34.822;536843996609396998;-79;-1102;217
2021-11-13T11:26:34.842;536843996629148092;66;-1118;202
2021-11-13T11:26:34.862;536843996648899186;-59;-1030;199
2021-11-13T11:26:34.881;536843996668650280;52;-1108;118
2021-11-13T11:26:34.901;536843996688401374;122;-1112;137
2021-11-13T11:26:34.921;536843996708152468;204;-1065;139
2021-11-13T11:26:34.941;536843996727903562;84;-1090;72
2021-11-13T11:26:34.960;536843996747654656;46;-1066;92
2021-11-13T11:26:34.980;536843996767405750;156;-1108;6
2021-11-13T11:26:35.000;536843996787156844;121;-1192;37
2021-11-13T11:26:35.020;536843996806907938;183;-1092;111
2021-11-13T11:26:35.039;536843996826659032;166;-1064;146
2021-11-13T11:26:35.059;536843996846410126;134;-1045;76
2021-11-13T11:26:35.079;536843996866161220;139;-1060;-61
2021-11-13T11:26:35.099;536843996885912314;154;-1018;-35
2021-11-13T11:26:35.118;536843996905663408;120;-958;47
2021-11-13T11:26:35.138;536843996925414502;184;-907;56
2021-11-13T11:26:35.158;536843996945165596;174;-974;-40
2021-11-13T11:26:35.178;536843996964916690;164;-984;67
2021-11-13T11:26:35.197;536843996984667784;155;-941;119
2021-11-13T11:26:35.217;536843997004418878;167;-953;171
2021-11-13T11:26:35.237;536843997024169972;150;-981;133
2021-11-13T11:26:35.257;536843997043921066;143;-990;88
2021-11-13T11:26:35.276;536843997063672160;83;-999;35
2021-11-13T11:26:35.296;536843997083423254;51;-963;73
2021-11-13T11:26:35.316;536843997103174348;169;-964;62
2021-11-13T11:26:35.336;536843997122926910;207;-962;79
2021-11-13T11:26:35.355;536843997142679460;62;-955;142
2021-11-13T11:26:35.375;536843997162432010;25;-1031;143
2021-11-13T11:26:35.395;536843997182184560;-21;-959;177
2021-11-13T11:26:35.415;536843997201937110;164;-935;125
2021-11-13T11:26:35.434;536843997221689660;32;-980;4
2021-11-13T11:26:35.454;536843997241442210;-72;-971;167
2021-11-13T11:26:35.474;536843997261194760;51;-941;114
2021-11-13T11:26:35.494;536843997280947310;-48;-892;167
2021-11-13T11:26:35.513;536843997300699860;16;-869;133
2021-11-13T11:26:35.533;536843997320452410;7;-926;117
2021-11-13T11:26:35.553;536843997340204960;124;-955;219
2021-11-13T11:26:35.573;536843997359957510;-90;-944;214
2021-11-13T11:26:35.592;536843997379710060;-1;-907;223
2021-11-13T11:26:35.612;536843997399462610;39;-920;138
2021-11-13T11:26:35.632;536843997419215160;-36;-986;16
2021-11-13T11:26:35.652;536843997438967710;10;-974;135
2021-11-13T11:26:35.671;536843997458720260;53;-1011;231
2021-11-13T11:26:35.691;536843997478472810;89;-1057;182
2021-11-13T11:26:35.711;536843997498225360;47;-1044;336
2021-11-13T11:26:35.731;536843997517977910;160;-1115;269
2021-11-13T11:26:35.750;536843997537730460;211;-1106;251
2021-11-13T11:26:35.770;536843997557483010;-29;-1104;107
2021-11-13T11:26:35.790;536843997577235560;-84;-999;213
2021-11-13T11:26:35.810;536843997596988110;104;-1026;214
2021-11-13T11:26:35.829;536843997616740660;55;-1099;104
2021-11-13T11:26:35.849;536843997636493210;-130;-1073;114
2021-11-13T11:26:35.869;536843997656245760;-105;-1112;177
2021-11-13T11:26:35.889;536843997675998310;99;-1076;183
2021-11-13T11:26:35.908;536843997695750860;12;-1075;257
2021-11-13T11:26:35.928;536843997715503410;69;-1146;218
2021-11-13T11:26:35.948;536843997735255960;-76;-1103;202
2021-11-13T11:26:35.968;536843997755008510;-19;-1109;256
2021-11-13T11:26:35.987;536843997774761060;-13;-1039;309
2021-11-13T11:26:36.007;536843997794513610;41;-1098;254
2021-11-13T11:26:36.027;536843997814266160;184;-1135;295
2021-11-13T11:26:36.047;536843997834017258;178;-1211;202
2021-11-13T11:26:36.066;536843997853768352;-145;-1060;248
2021-11-13T11:26:36.086;536843997873519446;97;-1099;189
2021-11-13T11:26:36.106;536843997893270540;46;-1088;292
2021-11-13T11:26:36.126;536843997913021634;166;-1188;270
2021-11-13T11:26:36.145;536843997932772728;285;-1209;287
2021-11-13T11:26:36.165;536843997952523822;-86;-1149;278
2021-11-13T11:26:36.185;536843997972274916;76;-1106;289
2021-11-13T11:26:36.205;536843997992026010;73;-1087;259
2021-11-13T11:26:36.224;536843998011777104;148;-1172;190
2021-11-13T11:26:36.244;536843998031528198;57;-1105;221
2021-11-13T11:26:36.264;536843998051279292;8;-1032;362
2021-11-13T11:26:36.284;536843998071030386;190;-1104;313
2021-11-13T11:26:36.303;536843998090781480;52;-1047;313
2021-11-13T11:26:36.323;536843998110532574;49;-1036;241
2021-11-13T11:26:36.343;536843998130283668;-22;-987;271
2021-11-13T11:26:36.363;536843998150034762;-43;-959;271
2021-11-13T11:26:36.382;536843998169785856;46;-963;241
2021-11-13T11:26:36.402;536843998189536950;20;-1020;202
2021-11-13T11:26:36.422;536843998209288044;91;-1073;209
2021-11-13T11:26:36.442;536843998229039138;-16;-1017;213
2021-11-13T11:26:36.461;536843998248790232;86;-984;220
2021-11-13T11:26:36.481;536843998268541326;78;-1027;212
2021-11-13T11:26:36.501;536843998288292420;93;-1038;223
2021-11-13T11:26:36.521;536843998308043514;123;-1070;197
2021-11-13T11:26:36.540;536843998327794608;105;-1063;185
2021-11-13T11:26:36.560;536843998347545702;127;-1090;223
2021-11-13T11:26:36.580;536843998367296796;100;-1070;203
2021-11-13T11:26:36.600;536843998387047890;68;-1101;170
2021-11-13T11:26:36.619;536843998406798984;112;-1067;234
2021-11-13T11:26:36.639;536843998426550078;101;-1074;240
2021-11-13T11:26:36.659;536843998446301172;142;-1091;260
2021-11-13T11:26:36.679;536843998466052266;104;-1078;239
2021-11-13T11:26:36.698;536843998485803360;124;-1078;326
2021-11-13T11:26:36.718;536843998505554454;105;-1106;322
2021-11-13T11:26:36.738;536843998525305548;61;-1083;315
2021-11-13T11:26:36.758;536843998545055941;144;-1168;271
2021-11-13T11:26:36.777;536843998564806306;104;-1158;326
2021-11-13T11:26:36.797;536843998584556671;-2;-1188;307
2021-11-13T11:26:36.817;536843998604307036;156;-1218;340
2021-11-13T11:26:36.837;536843998624057401;46;-1224;333
2021-11-13T11:26:36.856;536843998643807766;111;-1223;362
2021-11-13T11:26:36.876;536843998663558131;164;-1238;418
2021-11-13T11:26:36.896;536843998683308496;82;-1219;362
2021-11-13T11:26:36.916;536843998703058861;84;-1211;258
2021-11-13T11:26:36.935;536843998722809226;81;-1233;282
2021-11-13T11:26:36.955;536843998742559591;59;-1189;330
2021-11-13T11:26:36.975;536843998762309956;177;-1132;394
2021-11-13T11:26:36.995;536843998782060321;171;-1205;352
2021-11-13T11:26:37.014;536843998801810686;113;-1166;257
2021-11-13T11:26:37.034;536843998821561051;157;-1185;252
2021-11-13T11:26:37.054;536843998841311416;117;-1172;232
2021-11-13T11:26:37.074;536843998861061781;74;-1084;241
2021-11-13T11:26:37.093;536843998880812146;104;-1138;182
2021-11-13T11:26:37.113;536843998900562511;80;-1155;173
2021-11-13T11:26:37.133;536843998920312876;133;-1132;196
2021-11-13T11:26:37.153;536843998940063241;170;-1103;220
2021-11-13T11:26:37.172;536843998959813606;142;-1102;250
2021-11-13T11:26:37.192;536843998979563971;39;-1069;197
2021-11-13T11:26:37.212;536843998999314336;135;-1029;191
2021-11-13T11:26:37.232;536843999019064701;160;-1043;180
2021-11-13T11:26:37.251;536843999038815066;111;-1066;138
2021-11-13T11:26:37.271;536843999058565431;135;-989;94
2021-11-13T11:26:37.291;536843999078315796;25;-951;147
2021-11-13T11:26:37.311;536843999098066161;130;-1019;78
2021-11-13T11:26:37.330;536843999117816526;60;-982;88
2021-11-13T11:26:37.350;536843999137566891;56;-998;156
2021-11-13T11:26:37.370;536843999157317256;121;-987;176
2021-11-13T11:26:37.390;536843999177067621;60;-971;156
2021-11-13T11:26:37.409;536843999196817986;17;-985;136
2021-11-13T11:26:37.429;536843999216568351;81;-1016;66
2021-11-13T11:26:37.449;536843999236318716;31;-949;159
2021-11-13T11:26:37.469;536843999256071282;56;-952;117
2021-11-13T11:26:37.488;536843999275823832;52;-956;99
2021-11-13T11:26:37.508;536843999295576382;17;-933;50
2021-11-13T11:26:37.528;536843999315328932;-23;-1012;121
2021-11-13T11:26:37.548;536843999335081482;57;-984;70
2021-11-13T11:26:37.567;536843999354834032;-15;-976;90
2021-11-13T11:26:37.587;536843999374586582;12;-965;235
2021-11-13T11:26:37.607;536843999394339132;114;-984;124
2021-11-13T11:26:37.627;536843999414091682;4;-964;122
2021-11-13T11:26:37.647;536843999433844232;-40;-1022;144
2021-11-13T11:26:37.666;536843999453596782;32;-999;79
2021-11-13T11:26:37.686;536843999473349332;-63;-945;159
2021-11-13T11:26:37.706;536843999493101882;-11;-990;205
2021-11-13T11:26:37.726;536843999512854432;17;-1001;189
2021-11-13T11:26:37.745;536843999532606982;-2;-959;172
2021-11-13T11:26:37.765;536843999552359532;-3;-924;204
2021-11-13T11:26:37.785;536843999572112082;125;-926;51
2021-11-13T11:26:37.805;536843999591864632;119;-889;-16
2021-11-13T11:26:37.824;536843999611617182;-37;-896;102
2021-11-13T11:26:37.844;536843999631369732;41;-856;-17
2021-11-13T11:26:37.864;536843999651122282;-168;-868;122
2021-11-13T11:26:37.884;536843999670874832;168;-917;41
2021-11-13T11:26:37.903;536843999690627382;352;-1041;53
2021-11-13T11:26:37.923;536843999710379932;119;-1032;117
2021-11-13T11:26:37.943;536843999730132482;5;-1024;69
2021-11-13T11:26:37.963;536843999749885032;-89;-1023;110
2021-11-13T11:26:37.982;536843999769637582;76;-1097;146
2021-11-13T11:26:38.002;536843999789390132;258;-1129;12
2021-11-13T11:26:38.022;536843999809142682;189;-1142;-2
2021-11-13T11:26:38.042;536843999828895232;8;-1095;39
2021-11-13T11:26:38.061;536843999848647782;-79;-1028;122
2021-11-13T11:26:38.081;536843999868400332;30;-1027;123
2021-11-13T11:26:38.101;536843999888152882;165;-1090;114
2021-11-13T11:26:38.121;536843999907905432;180;-1110;69
2021-11-13T11:26:38.140;536843999927657982;-21;-1071;100
2021-11-13T11:26:38.160;536843999947410532;-35;-981;112
2021-11-13T11:26:38.180;536843999967166735;193;-1083;-111
2021-11-13T11:26:38.200;536843999986922926;640;-949;-64
2021-11-13T11:26:38.219;536844000006679117;4;-1179;71
2021-11-13T11:26:38.239;536844000026435308;-20;-929;143
2021-11-13T11:26:38.259;536844000046191499;-123;-965;160
2021-11-13T11:26:38.279;536844000065947690;90;-1011;160
2021-11-13T11:26:38.298;536844000085703881;129;-1062;145
2021-11-13T11:26:38.318;536844000105460072;139;-1004;152
2021-11-13T11:26:38.338;536844000125216263;28;-1048;120
2021-11-13T11:26:38.358;536844000144972454;24;-1008;167
2021-11-13T11:26:38.377;536844000164728645;86;-1013;223
2021-11-13T11:26:38.397;536844000184484836;107;-1060;199
2021-11-13T11:26:38.417;536844000204241027;-12;-1120;144
2021-11-13T11:26:38.437;536844000223997218;36;-1160;99
2021-11-13T11:26:38.456;536844000243753409;628;-911;47
2021-11-13T11:26:38.476;536844000263509600;-132;-1291;256
2021-11-13T11:26:38.496;536844000283265791;304;-1127;145
2021-11-13T11:26:38.516;536844000303021982;-92;-1041;186
2021-11-13T11:26:38.535;536844000322778173;-68;-1052;64
2021-11-13T11:26:38.555;536844000342534364;53;-1085;24
2021-11-13T11:26:38.575;536844000362290555;362;-1147;-195
2021-11-13T11:26:38.595;536844000382046746;54;-990;71
2021-11-13T11:26:38.614;536844000401802937;149;-1113;109
2021-11-13T11:26:38.634;536844000421559128;45;-1007;118
2021-11-13T11:26:38.654;536844000441315319;166;-1040;48
2021-11-13T11:26:38.674;536844000461071510;108;-1018;-28
2021-11-13T11:26:38.693;536844000480827701;188;-999;10
2021-11-13T11:26:38.713;536844000500583892;120;-984;56
2021-11-13T11:26:38.733;536844000520340083;121;-1003;0
2021-11-13T11:26:38.753;536844000540096274;159;-1000;-34
2021-11-13T11:26:38.773;536844000559852465;184;-1006;-39
2021-11-13T11:26:38.792;536844000579608656;177;-1014;-4
2021-11-13T11:26:38.812;536844000599364847;216;-1008;98
2021-11-13T11:26:38.832;536844000619121038;193;-1036;51
2021-11-13T11:26:38.852;536844000638877229;274;-1039;60
2021-11-13T11:26:38.871;536844000658633420;171;-1019;-5
2021-11-13T11:26:38.891;536844000678385982;74;-1016;-6
2021-11-13T11:26:38.911;536844000698138532;184;-947;49
2021-11-13T11:26:38.931;536844000717891082;194;-904;-34
2021-11-13T11:26:38.950;536844000737643632;137;-943;46
2021-11-13T11:26:38.970;536844000757396182;53;-964;23
2021-11-13T11:26:38.990;536844000777148732;157;-893;32
2021-11-13T11:26:39.010;536844000796901282;132;-866;45
2021-11-13T11:26:39.029;536844000816653832;81;-899;-6
2021-11-13T11:26:39.049;536844000836406382;53;-917;69
2021-11-13T11:26:39.069;536844000856158932;74;-970;107
2021-11-13T11:26:39.089;536844000875911482;140;-965;104
2021-11-13T11:26:39.108;536844000895664032;73;-988;-38
2021-11-13T11:26:39.128;536844000915416582;-11;-1029;68
2021-11-13T11:26:39.148;536844000935169132;75;-972;92
2021-11-13T11:26:39.168;536844000954921682;84;-975;33
2021-11-13T11:26:39.187;536844000974674232;36;-1032;42
2021-11-13T11:26:39.207;536844000994426782;27;-979;100
2021-11-13T11:26:39.227;536844001014179332;37;-998;101
2021-11-13T11:26:39.247;536844001033931882;35;-998;142
2021-11-13T11:26:39.266;536844001053684432;10;-1005;62
2021-11-13T11:26:39.286;536844001073436982;36;-1041;-63
2021-11-13T11:26:39.306;536844001093189532;-44;-1037;79
2021-11-13T11:26:39.326;536844001112942082;89;-1010;112
2021-11-13T11:26:39.345;536844001132694632;76;-1012;127
2021-11-13T11:26:39.365;536844001152447182;85;-1064;78
2021-11-13T11:26:39.385;536844001172199732;37;-1016;89
2021-11-13T11:26:39.405;536844001191952282;11;-1061;68
2021-11-13T11:26:39.424;536844001211704832;2;-1079;76
2021-11-13T11:26:39.444;536844001231457382;-9;-1054;94
2021-11-13T11:26:39.464;536844001251209932;-23;-1054;34
2021-11-13T11:26:39.484;536844001270962482;-11;-1129;-37
2021-11-13T11:26:39.503;536844001290715032;40;-1108;131
2021-11-13T11:26:39.523;536844001310467582;70;-1119;233
2021-11-13T11:26:39.543;536844001330220132;7;-1220;91
2021-11-13T11:26:39.563;536844001349972682;94;-1209;116
2021-11-13T11:26:39.582;536844001369725232;131;-1215;173
2021-11-13T11:26:39.602;536844001389469788;102;-1136;118
2021-11-13T11:26:39.622;536844001409214328;55;-1112;91
2021-11-13T11:26:39.642;536844001428958868;-35;-1173;-41
2021-11-13T11:26:39.661;536844001448703408;7;-1142;8
2021-11-13T11:26:39.681;536844001468447948;78;-1089;115
2021-11-13T11:26:39.701;536844001488192488;97;-1071;173
2021-11-13T11:26:39.721;536844001507937028;93;-1062;211
2021-11-13T11:26:39.740;536844001527681568;166;-1198;83
2021-11-13T11:26:39.760;536844001547426108;59;-1105;185
2021-11-13T11:26:39.780;536844001567170648;134;-1131;161
2021-11-13T11:26:39.800;536844001586915188;92;-1058;163
2021-11-13T11:26:39.819;536844001606659728;226;-1111;125
2021-11-13T11:26:39.839;536844001626404268;158;-1171;78
2021-11-13T11:26:39.859;536844001646148808;139;-1126;89
2021-11-13T11:26:39.879;536844001665893348;195;-1126;125
2021-11-13T11:26:39.898;536844001685637888;197;-1096;149
2021-11-13T11:26:39.918;536844001705382428;167;-1094;151
2021-11-13T11:26:39.938;536844001725126968;206;-1085;162
2021-11-13T11:26:39.958;536844001744871508;179;-1106;134
2021-11-13T11:26:39.977;536844001764616048;171;-1058;172
2021-11-13T11:26:39.997;536844001784360588;220;-1064;198
2021-11-13T11:26:40.017;536844001804105128;182;-1026;212
2021-11-13T11:26:40.037;536844001823849668;166;-1080;193
2021-11-13T11:26:40.056;536844001843594208;139;-1053;212
2021-11-13T11:26:40.076;536844001863338748;188;-1101;167
2021-11-13T11:26:40.096;536844001883083288;139;-1055;193
2021-11-13T11:26:40.115;536844001902827828;121;-1030;193
2021-11-13T11:26:40.135;536844001922572368;147;-1054;129
2021-11-13T11:26:40.155;536844001942316908;134;-1105;131
2021-11-13T11:26:40.175;536844001962061448;85;-1061;132
2021-11-13T11:26:40.194;536844001981805988;168;-1054;167
2021-11-13T11:26:40.214;536844002001550528;178;-1041;216
2021-11-13T11:26:40.234;536844002021295068;116;-1053;187
2021-11-13T11:26:40.254;536844002041039608;118;-1064;187
2021-11-13T11:26:40.273;536844002060784148;121;-1068;177
2021-11-13T11:26:40.293;536844002080528688;80;-1065;239
2021-11-13T11:26:40.313;536844002100278349;108;-1123;198
2021-11-13T11:26:40.333;536844002120027986;140;-1191;156
2021-11-13T11:26:40.352;536844002139777623;176;-1264;266
2021-11-13T11:26:40.372;536844002159527260;56;-1265;260
2021-11-13T11:26:40.392;536844002179276897;155;-1352;135
2021-11-13T11:26:40.412;536844002199026534;182;-1448;194
2021-11-13T11:26:40.431;536844002218776171;127;-1377;254
2021-11-13T11:26:40.451;536844002238525808;223;-1322;277
2021-11-13T11:26:40.471;536844002258275445;160;-1337;241
2021-11-13T11:26:40.491;536844002278025082;120;-1306;192
2021-11-13T11:26:40.510;536844002297774719;116;-1296;152
2021-11-13T11:26:40.530;536844002317524356;161;-1219;171
2021-11-13T11:26:40.550;536844002337273993;125;-1166;235
2021-11-13T11:26:40.570;536844002357023630;125;-1128;142
2021-11-13T11:26:40.589;536844002376773267;81;-1085;186
2021-11-13T11:26:40.609;536844002396522904;89;-1086;171
2021-11-13T11:26:40.629;536844002416272541;37;-1048;99
2021-11-13T11:26:40.649;536844002436022178;-2;-973;111
2021-11-13T11:26:40.668;536844002455771815;18;-1048;10
2021-11-13T11:26:40.688;536844002475521452;-118;-1045;28
2021-11-13T11:26:40.708;536844002495271089;-17;-1010;74
2021-11-13T11:26:40.728;536844002515020726;-8;-981;190
2021-11-13T11:26:40.747;536844002534770363;112;-996;199
2021-11-13T11:26:40.767;536844002554520000;45;-975;235
2021-11-13T11:26:40.787;536844002574269637;82;-999;172
2021-11-13T11:26:40.807;536844002594019274;48;-992;97
2021-11-13T11:26:40.826;536844002613768911;-86;-943;166
2021-11-13T11:26:40.846;536844002633518548;7;-975;21
2021-11-13T11:26:40.866;536844002653268185;8;-964;57
2021-11-13T11:26:40.886;536844002673017822;1;-969;59
2021-11-13T11:26:40.905;536844002692767459;52;-947;33
2021-11-13T11:26:40.925;536844002712517096;-36;-929;114
2021-11-13T11:26:40.945;536844002732266733;64;-948;109
2021-11-13T11:26:40.965;536844002752016370;-72;-911;128
2021-11-13T11:26:40.984;536844002771766007;14;-977;111
2021-11-13T11:26:41.004;536844002791515644;-12;-924;114
2021-11-13T11:26:41.024;536844002811266043;-17;-919;112
2021-11-13T11:26:41.044;536844002831016408;51;-995;87
2021-11-13T11:26:41.063;536844002850766773;-34;-1001;113
2021-11-13T11:26:41.083;536844002870517138;-1;-1023;80
2021-11-13T11:26:41.103;536844002890267503;3;-1016;166
2021-11-13T11:26:41.123;536844002910017868;31;-1063;57
2021-11-13T11:26:41.142;536844002929768233;-3;-1068;150
2021-11-13T11:26:41.162;536844002949518598;40;-1051;138
2021-11-13T11:26:41.182;536844002969268963;36;-992;103
2021-11-13T11:26:41.202;536844002989019328;-66;-1008;156
2021-11-13T11:26:41.221;536844003008769693;-33;-1034;161
2021-11-13T11:26:41.241;536844003028520058;14;-967;144
2021-11-13T11:26:41.261;536844003048270423;-6;-959;162
2021-11-13T11:26:41.281;536844003068020788;13;-980;90
2021-11-13T11:26:41.300;536844003087771153;12;-995;103
2021-11-13T11:26:41.320;536844003107521518;-35;-1003;108
2021-11-13T11:26:41.340;536844003127271883;-104;-999;82
2021-11-13T11:26:41.360;536844003147022248;65;-1009;108
2021-11-13T11:26:41.379;536844003166772613;97;-1034;126
2021-11-13T11:26:41.399;536844003186522978;-56;-1032;180
2021-11-13T11:26:41.419;536844003206273343;79;-981;149
2021-11-13T11:26:41.439;536844003226023708;-73;-993;128
2021-11-13T11:26:41.458;536844003245774073;-59;-989;55
2021-11-13T11:26:41.478;536844003265524438;154;-1059;96
2021-11-13T11:26:41.498;536844003285274803;136;-1046;61
2021-11-13T11:26:41.518;536844003305025168;-64;-1026;111
2021-11-13T11:26:41.537;536844003324775533;-83;-1063;120
2021-11-13T11:26:41.557;536844003344525898;9;-1061;142
2021-11-13T11:26:41.577;536844003364276263;32;-1088;114
2021-11-13T11:26:41.597;536844003384026628;169;-1077;89
2021-11-13T11:26:41.616;536844003403776993;52;-1067;135
2021-11-13T11:26:41.636;536844003423527358;-32;-972;125
2021-11-13T11:26:41.656;536844003443277723;-79;-1002;148
2021-11-13T11:26:41.676;536844003463028088;119;-1005;141
2021-11-13T11:26:41.695;536844003482778453;24;-1010;74
2021-11-13T11:26:41.715;536844003502528818;-27;-1032;72
2021-11-13T11:26:41.735;536844003522272640;26;-1024;93
2021-11-13T11:26:41.755;536844003542016452;55;-1036;137
2021-11-13T11:26:41.774;536844003561760264;78;-1021;140
2021-11-13T11:26:41.794;536844003581504076;22;-1053;106
2021-11-13T11:26:41.814;536844003601247888;57;-1077;74
2021-11-13T11:26:41.834;536844003620991700;35;-1057;83
2021-11-13T11:26:41.853;536844003640735512;35;-1067;113
2021-11-13T11:26:41.873;536844003660479324;71;-1104;107
2021-11-13T11:26:41.893;536844003680223136;163;-1111;-28
2021-11-13T11:26:41.913;536844003699966948;286;-995;65
2021-11-13T11:26:41.932;536844003719710760;13;-1174;104
2021-11-13T11:26:41.952;536844003739454572;80;-1007;85
2021-11-13T11:26:41.972;536844003759198384;-91;-1036;95
2021-11-13T11:26:41.992;536844003778942196;-11;-1011;122
2021-11-13T11:26:42.011;536844003798686008;451;-1003;-75
2021-11-13T11:26:42.031;536844003818429820;-122;-905;228
2021-11-13T11:26:42.051;536844003838173632;121;-1154;113
2021-11-13T11:26:42.071;536844003857917444;-94;-969;122
2021-11-13T11:26:42.090;536844003877661256;-75;-1020;113
2021-11-13T11:26:42.110;536844003897405068;316;-1134;-2
2021-11-13T11:26:42.130;536844003917148880;-69;-1044;115
2021-11-13T11:26:42.150;536844003936892692;198;-1074;15
2021-11-13T11:26:42.169;536844003956636504;-9;-1010;148
2021-11-13T11:26:42.189;536844003976380316;188;-1165;61
2021-11-13T11:26:42.209;536844003996124128;96;-1076;106
2021-11-13T11:26:42.229;536844004015867940;82;-1090;98
2021-11-13T11:26:42.248;536844004035611752;63;-1083;64
2021-11-13T11:26:42.268;536844004055355564;-5;-1053;81
2021-11-13T11:26:42.288;536844004075099376;48;-1073;49
2021-11-13T11:26:42.308;536844004094843188;90;-1036;102
2021-11-13T11:26:42.327;536844004114587000;116;-1055;76
2021-11-13T11:26:42.347;536844004134330812;157;-1075;62
2021-11-13T11:26:42.367;536844004154074624;108;-1052;100
2021-11-13T11:26:42.386;536844004173818436;153;-1080;46
2021-11-13T11:26:42.406;536844004193562248;145;-1088;25
2021-11-13T11:26:42.426;536844004213306060;119;-1078;36
2021-11-13T11:26:42.446;536844004233058622;136;-1056;99
2021-11-13T11:26:42.465;536844004252811172;154;-1047;72
2021-11-13T11:26:42.485;536844004272563722;172;-1034;24
2021-11-13T11:26:42.505;536844004292316272;241;-1007;-21
2021-11-13T11:26:42.525;536844004312068822;234;-989;-42
2021-11-13T11:26:42.544;536844004331821372;154;-976;-7
2021-11-13T11:26:42.564;536844004351573922;196;-952;41
2021-11-13T11:26:42.584;536844004371326472;196;-952;14
2021-11-13T11:26:42.604;536844004391079022;171;-972;12
2021-11-13T11:26:42.623;536844004410831572;203;-968;-50
2021-11-13T11:26:42.643;536844004430584122;197;-968;-1
2021-11-13T11:26:42.663;536844004450336672;156;-939;-1
2021-11-13T11:26:42.683;536844004470089222;142;-973;64
2021-11-13T11:26:42.702;536844004489841772;190;-959;24
2021-11-13T11:26:42.722;536844004509594322;132;-967;12
2021-11-13T11:26:42.742;536844004529346872;122;-991;42
2021-11-13T11:26:42.762;536844004549099422;89;-969;53
2021-11-13T11:26:42.782;536844004568851972;66;-957;17
2021-11-13T11:26:42.801;536844004588604522;105;-987;35
2021-11-13T11:26:42.821;536844004608357072;44;-964;67
2021-11-13T11:26:42.841;536844004628109622;122;-988;28
2021-11-13T11:26:42.861;536844004647862172;65;-994;-2
2021-11-13T11:26:42.880;536844004667614722;4;-988;81
2021-11-13T11:26:42.900;536844004687367272;4;-1040;30
2021-11-13T11:26:42.920;536844004707119822;119;-998;51
2021-11-13T11:26:42.940;536844004726872372;78;-1031;146
2021-11-13T11:26:42.959;536844004746624922;123;-1037;23
2021-11-13T11:26:42.979;536844004766377472;20;-1020;14
2021-11-13T11:26:42.999;536844004786130022;-52;-1034;11
2021-11-13T11:26:43.019;536844004805882572;147;-948;43
2021-11-13T11:26:43.038;536844004825635122;50;-955;59
2021-11-13T11:26:43.058;536844004845387672;12;-996;120
2021-11-13T11:26:43.078;536844004865140222;74;-988;38
2021-11-13T11:26:43.098;536844004884892772;94;-1007;28
2021-11-13T11:26:43.117;536844004904645322;64;-1017;172
2021-11-13T11:26:43.137;536844004924397872;135;-989;145
2021-11-13T11:26:43.157;536844004944146801;47;-1036;92
2021-11-13T11:26:43.177;536844004963895710;145;-1138;32
2021-11-13T11:26:43.196;536844004983644619;147;-1095;79
2021-11-13T11:26:43.216;536844005003393528;130;-1106;89
2021-11-13T11:26:43.236;536844005023142437;170;-1075;113
2021-11-13T11:26:43.256;536844005042891346;83;-1073;63
2021-11-13T11:26:43.275;536844005062640255;49;-1072;9
2021-11-13T11:26:43.295;536844005082389164;53;-1098;3
2021-11-13T11:26:43.315;536844005102138073;86;-1058;180
2021-11-13T11:26:43.335;536844005121886982;79;-1021;260
2021-11-13T11:26:43.354;536844005141635891;63;-1036;176
2021-11-13T11:26:43.374;536844005161384800;159;-1105;92
2021-11-13T11:26:43.394;536844005181133709;52;-1094;149
2021-11-13T11:26:43.414;536844005200882618;97;-1069;149
2021-11-13T11:26:43.433;536844005220631527;83;-1069;89
2021-11-13T11:26:43.453;536844005240380436;57;-1074;93
2021-11-13T11:26:43.473;536844005260129345;99;-1133;53
2021-11-13T11:26:43.493;536844005279878254;211;-1139;-25
2021-11-13T11:26:43.512;536844005299627163;186;-1121;160
2021-11-13T11:26:43.532;536844005319376072;188;-1124;220
2021-11-13T11:26:43.552;536844005339124981;184;-1108;167
2021-11-13T11:26:43.572;536844005358873890;287;-1169;185
2021-11-13T11:26:43.591;536844005378622799;188;-1136;217
2021-11-13T11:26:43.611;536844005398371708;153;-1084;263
2021-11-13T11:26:43.631;536844005418120617;125;-1200;178
2021-11-13T11:26:43.651;536844005437869526;138;-1139;202
2021-11-13T11:26:43.670;536844005457618435;100;-1128;197
2021-11-13T11:26:43.690;536844005477367344;130;-1130;187
2021-11-13T11:26:43.710;536844005497116253;82;-1178;186
2021-11-13T11:26:43.730;536844005516865162;168;-1137;227
2021-11-13T11:26:43.749;536844005536614071;147;-1120;215
2021-11-13T11:26:43.769;536844005556362980;155;-1124;221
2021-11-13T11:26:43.789;536844005576111889;124;-1068;243
2021-11-13T11:26:43.809;536844005595860798;152;-1073;187
2021-11-13T11:26:43.828;536844005615609707;161;-1073;172
2021-11-13T11:26:43.848;536844005635358616;47;-1059;161
2021-11-13T11:26:43.868;536844005655103904;158;-1042;206
2021-11-13T11:26:43.888;536844005674849172;147;-1042;227
2021-11-13T11:26:43.907;536844005694594440;103;-1050;230
2021-11-13T11:26:43.927;536844005714339708;92;-1047;241
2021-11-13T11:26:43.947;536844005734084976;58;-1055;216
2021-11-13T11:26:43.966;536844005753830244;95;-1034;223
2021-11-13T11:26:43.986;536844005773575512;101;-1078;234
2021-11-13T11:26:44.006;536844005793320780;56;-1185;234
2021-11-13T11:26:44.026;536844005813066048;1;-1211;229
2021-11-13T11:26:44.045;536844005832811316;119;-1269;264
2021-11-13T11:26:44.065;536844005852556584;191;-1323;336
2021-11-13T11:26:44.085;536844005872301852;61;-1295;377
2021-11-13T11:26:44.105;536844005892047120;150;-1314;329
2021-11-13T11:26:44.124;536844005911792388;168;-1307;375
2021-11-13T11:26:44.144;536844005931537656;34;-1237;253
2021-11-13T11:26:44.164;536844005951282924;102;-1234;251
2021-11-13T11:26:44.184;536844005971028192;90;-1207;243
2021-11-13T11:26:44.203;536844005990773460;49;-1135;318
2021-11-13T11:26:44.223;536844006010518728;118;-1078;328
2021-11-13T11:26:44.243;536844006030263996;135;-1118;248
2021-11-13T11:26:44.263;536844006050009264;128;-1106;209
2021-11-13T11:26:44.282;536844006069754532;-4;-1055;157
2021-11-13T11:26:44.302;536844006089499800;17;-1011;172
2021-11-13T11:26:44.322;536844006109245068;55;-1025;175
2021-11-13T11:26:44.342;536844006128990336;144;-1058;101
2021-11-13T11:26:44.361;536844006148735604;17;-1078;121
2021-11-13T11:26:44.381;536844006168480872;86;-1077;145
2021-11-13T11:26:44.401;536844006188226140;99;-1016;177
2021-11-13T11:26:44.421;536844006207971408;84;-1020;201
2021-11-13T11:26:44.440;536844006227716676;100;-1036;162
2021-11-13T11:26:44.460;536844006247461944;46;-1003;197
2021-11-13T11:26:44.480;536844006267207212;128;-1015;129
2021-11-13T11:26:44.500;536844006286952480;27;-974;207
2021-11-13T11:26:44.519;536844006306697748;128;-1008;160
2021-11-13T11:26:44.539;536844006326443016;91;-1018;129
2021-11-13T11:26:44.559;536844006346188284;82;-990;193
2021-11-13T11:26:44.579;536844006365943755;128;-1003;117
2021-11-13T11:26:44.598;536844006385699218;36;-1033;142
2021-11-13T11:26:44.618;536844006405454681;113;-1013;155
2021-11-13T11:26:44.638;536844006425210144;8;-1033;157
2021-11-13T11:26:44.658;536844006444965607;153;-985;178
2021-11-13T11:26:44.677;536844006464721070;52;-977;174
2021-11-13T11:26:44.697;536844006484476533;45;-1018;177
2021-11-13T11:26:44.717;536844006504231996;57;-989;190
2021-11-13T11:26:44.737;536844006523987459;70;-931;203
2021-11-13T11:26:44.756;536844006543742922;224;-1006;82
2021-11-13T11:26:44.776;536844006563498385;-33;-1001;147
2021-11-13T11:26:44.796;536844006583253848;-45;-984;168
2021-11-13T11:26:44.816;536844006603009311;100;-982;160
2021-11-13T11:26:44.835;536844006622764774;23;-981;120
2021-11-13T11:26:44.855;536844006642520237;50;-1006;129
2021-11-13T11:26:44.875;536844006662275700;112;-1035;116
2021-11-13T11:26:44.895;536844006682031163;-5;-1017;146
2021-11-13T11:26:44.914;536844006701786626;0;-1026;170
2021-11-13T11:26:44.934;536844006721542089;67;-1010;174
2021-11-13T11:26:44.954;536844006741297552;77;-1007;142
2021-11-13T11:26:44.974;536844006761053015;57;-1023;206
2021-11-13T11:26:44.993;536844006780808478;12;-1033;151
2021-11-13T11:26:45.013;536844006800563941;-4;-1015;73
2021-11-13T11:26:45.033;536844006820319404;26;-993;119
2021-11-13T11:26:45.053;536844006840074867;28;-985;86
2021-11-13T11:26:45.072;536844006859830330;67;-966;133
2021-11-13T11:26:45.092;536844006879585793;43;-1000;119
2021-11-13T11:26:45.112;536844006899341256;5;-969;135
2021-11-13T11:26:45.132;536844006919096719;52;-921;111
2021-11-13T11:26:45.152;536844006938852182;5;-975;60
2021-11-13T11:26:45.171;536844006958607645;109;-1039;64
2021-11-13T11:26:45.191;536844006978363108;202;-1045;82
2021-11-13T11:26:45.211;536844006998118571;20;-1033;61
2021-11-13T11:26:45.231;536844007017874034;89;-1044;161
2021-11-13T11:26:45.250;536844007037629497;10;-1008;108
2021-11-13T11:26:45.270;536844007057384960;96;-1056;51
2021-11-13T11:26:45.290;536844007077127680;198;-1060;68
2021-11-13T11:26:45.310;536844007096870400;179;-1009;6
2021-11-13T11:26:45.329;536844007116613120;60;-998;89
2021-11-13T11:26:45.349;536844007136355840;-18;-973;115
2021-11-13T11:26:45.369;536844007156098560;148;-974;125
2021-11-13T11:26:45.388;536844007175841280;146;-993;69
2021-11-13T11:26:45.408;536844007195584000;99;-1052;44
2021-11-13T11:26:45.428;536844007215326720;1546;-1111;-509
2021-11-13T11:26:45.448;536844007235069440;-772;-957;276
2021-11-13T11:26:45.467;536844007254812160;435;-1029;82
2021-11-13T11:26:45.487;536844007274554880;-253;-962;94
2021-11-13T11:26:45.507;536844007294297600;-117;-1032;135
2021-11-13T11:26:45.527;536844007314040320;90;-1011;186
2021-11-13T11:26:45.546;536844007333783040;86;-1014;105
2021-11-13T11:26:45.566;536844007353525760;-42;-1081;198
2021-11-13T11:26:45.586;536844007373268480;-13;-1003;127
2021-11-13T11:26:45.606;536844007393011200;-92;-1047;90
2021-11-13T11:26:45.625;536844007412753920;43;-1157;87
2021-11-13T11:26:45.645;536844007432496640;362;-1195;75
2021-11-13T11:26:45.665;536844007452239360;-193;-1036;135
2021-11-13T11:26:45.685;536844007471982080;70;-1096;129
2021-11-13T11:26:45.704;536844007491724800;-34;-1067;85
2021-11-13T11:26:45.724;536844007511467520;-2;-1041;75
2021-11-13T11:26:45.744;536844007531210240;158;-1074;51
2021-11-13T11:26:45.764;536844007550952960;102;-1117;29
2021-11-13T11:26:45.783;536844007570695680;96;-1062;97
2021-11-13T11:26:45.803;536844007590438400;12;-1039;144
2021-11-13T11:26:45.823;536844007610181120;33;-1070;89
2021-11-13T11:26:45.843;536844007629923840;167;-1074;42
2021-11-13T11:26:45.862;536844007649666560;103;-1060;78
2021-11-13T11:26:45.882;536844007669409280;135;-1023;38
2021-11-13T11:26:45.902;536844007689152000;50;-1005;47
2021-11-13T11:26:45.922;536844007708894720;130;-999;25
2021-11-13T11:26:45.941;536844007728637440;156;-1014;57
2021-11-13T11:26:45.961;536844007748380160;127;-993;90
2021-11-13T11:26:45.981;536844007768122880;100;-993;98
