Phone timestamp;sensor timestamp [ns];X [mg];Y [mg];Z [mg]
2021-11-13T11:16:39.815;536843504309751390;313;801;-486
2021-11-13T11:16:39.834;536843504329430394;324;802;-481
2021-11-13T11:16:39.854;536843504349109398;329;802;-489
2021-11-13T11:16:39.874;536843504368788402;328;811;-491
2021-11-13T11:16:39.893;536843504388467406;329;807;-493
2021-11-13T11:16:39.913;536843504408146410;344;813;-493
2021-11-13T11:16:39.933;536843504427825414;328;808;-482
2021-11-13T11:16:39.952;536843504447504418;316;802;-469
2021-11-13T11:16:39.972;536843504467183422;315;802;-464
2021-11-13T11:16:39.992;536843504486862426;311;802;-470
2021-11-13T11:16:40.011;536843504506541430;304;804;-465
2021-11-13T11:16:40.031;536843504526220434;308;814;-462
2021-11-13T11:16:40.051;536843504545899438;307;814;-468
2021-11-13T11:16:40.070;536843504565578442;304;821;-474
2021-11-13T11:16:40.090;536843504585257446;306;819;-480
2021-11-13T11:16:40.110;536843504604936450;307;812;-478
2021-11-13T11:16:40.129;536843504624615454;308;811;-478
2021-11-13T11:16:40.149;536843504644294458;312;806;-477
2021-11-13T11:16:40.169;536843504663973462;319;806;-477
2021-11-13T11:16:40.188;536843504683652466;313;810;-473
2021-11-13T11:16:40.208;536843504703331470;312;816;-473
2021-11-13T11:16:40.228;536843504723010474;316;819;-478
2021-11-13T11:16:40.247;536843504742689478;305;817;-473
2021-11-13T11:16:40.267;536843504762368482;306;811;-470
2021-11-13T11:16:40.287;536843504782047486;305;811;-478
2021-11-13T11:16:40.306;536843504801726490;308;809;-476
2021-11-13T11:16:40.326;536843504821405494;312;812;-478
2021-11-13T11:16:40.346;536843504841084498;314;811;-472
2021-11-13T11:16:40.366;536843504860763502;316;805;-477
2021-11-13T11:16:40.385;536843504880442506;322;811;-478
2021-11-13T11:16:40.405;536843504900121510;318;821;-485
2021-11-13T11:16:40.425;536843504919800514;314;816;-481
2021-11-13T11:16:40.444;536843504939479518;319;813;-475
2021-11-13T11:16:40.464;536843504959158522;317;802;-482
2021-11-13T11:16:40.484;536843504978837526;304;800;-486
2021-11-13T11:16:40.503;536843504998516530;302;819;-483
2021-11-13T11:16:40.523;536843505018195550;296;826;-489
2021-11-13T11:16:40.543;536843505037874554;300;818;-488
2021-11-13T11:16:40.562;536843505057553558;310;803;-488
2021-11-13T11:16:40.582;536843505077232562;310;798;-479
2021-11-13T11:16:40.602;536843505096911566;306;807;-481
2021-11-13T11:16:40.621;536843505116590570;298;815;-482
2021-11-13T11:16:40.641;536843505136269574;299;832;-478
2021-11-13T11:16:40.661;536843505155948578;299;831;-477
2021-11-13T11:16:40.680;536843505175627582;304;813;-474
2021-11-13T11:16:40.700;536843505195306586;308;809;-464
2021-11-13T11:16:40.720;536843505214985590;315;804;-466
2021-11-13T11:16:40.739;536843505234664594;320;809;-460
2021-11-13T11:16:40.759;536843505254343598;318;811;-461
2021-11-13T11:16:40.779;536843505274022602;308;827;-457
2021-11-13T11:16:40.798;536843505293701606;304;833;-453
2021-11-13T11:16:40.818;536843505313380610;305;830;-458
2021-11-13T11:16:40.838;536843505333059614;310;816;-462
2021-11-13T11:16:40.857;536843505352738618;313;813;-460
2021-11-13T11:16:40.877;536843505372417622;302;812;-466
2021-11-13T11:16:40.897;536843505392096626;289;827;-478
2021-11-13T11:16:40.917;536843505411775630;283;827;-477
2021-11-13T11:16:40.936;536843505431454634;293;817;-481
2021-11-13T11:16:40.956;536843505451133638;306;814;-479
2021-11-13T11:16:40.976;536843505470812642;300;825;-477
2021-11-13T11:16:40.995;536843505490491646;307;824;-468
2021-11-13T11:16:41.015;536843505510170650;318;812;-470
2021-11-13T11:16:41.035;536843505529849654;321;813;-468
2021-11-13T11:16:41.054;536843505549528658;311;824;-460
2021-11-13T11:16:41.074;536843505569207662;304;821;-464
2021-11-13T11:16:41.094;536843505588886666;308;825;-459
2021-11-13T11:16:41.113;536843505608565670;309;820;-456
2021-11-13T11:16:41.133;536843505628244674;308;819;-456
2021-11-13T11:16:41.153;536843505647923678;304;817;-463
2021-11-13T11:16:41.172;536843505667602682;305;819;-462
2021-11-13T11:16:41.192;536843505687281686;305;813;-467
2021-11-13T11:16:41.212;536843505706960690;305;817;-474
2021-11-13T11:16:41.231;536843505726646281;308;820;-480
2021-11-13T11:16:41.251;536843505746331838;311;816;-477
2021-11-13T11:16:41.271;536843505766017395;316;812;-476
2021-11-13T11:16:41.290;536843505785702952;316;813;-481
2021-11-13T11:16:41.310;536843505805388509;312;813;-481
2021-11-13T11:16:41.330;536843505825074066;306;818;-479
2021-11-13T11:16:41.350;536843505844759623;306;816;-477
2021-11-13T11:16:41.369;536843505864445180;303;814;-484
2021-11-13T11:16:41.389;536843505884130737;294;818;-479
2021-11-13T11:16:41.409;536843505903816294;293;800;-478
2021-11-13T11:16:41.428;536843505923501851;303;798;-491
2021-11-13T11:16:41.448;536843505943187408;298;811;-495
2021-11-13T11:16:41.468;536843505962872965;299;822;-486
2021-11-13T11:16:41.487;536843505982558522;302;820;-486
2021-11-13T11:16:41.507;536843506002244079;301;812;-489
2021-11-13T11:16:41.527;536843506021929636;306;805;-479
2021-11-13T11:16:41.546;536843506041615193;315;806;-481
2021-11-13T11:16:41.566;536843506061300750;317;810;-485
2021-11-13T11:16:41.586;536843506080986307;315;807;-481
2021-11-13T11:16:41.605;536843506100671864;317;808;-475
2021-11-13T11:16:41.625;536843506120357421;313;805;-476
2021-11-13T11:16:41.645;536843506140042978;311;813;-469
2021-11-13T11:16:41.664;536843506159728535;309;816;-469
2021-11-13T11:16:41.684;536843506179414092;309;823;-469
2021-11-13T11:16:41.704;536843506199099649;303;815;-470
2021-11-13T11:16:41.724;536843506218785206;300;812;-474
2021-11-13T11:16:41.743;536843506238470763;299;813;-471
2021-11-13T11:16:41.763;536843506258156320;307;805;-463
2021-11-13T11:16:41.783;536843506277841877;314;815;-467
2021-11-13T11:16:41.802;536843506297527434;308;820;-468
2021-11-13T11:16:41.822;536843506317212991;313;816;-466
2021-11-13T11:16:41.842;536843506336898548;314;813;-473
2021-11-13T11:16:41.861;536843506356584105;316;817;-479
2021-11-13T11:16:41.881;536843506376269662;311;814;-483
2021-11-13T11:16:41.901;536843506395955219;307;812;-481
2021-11-13T11:16:41.920;536843506415640776;309;799;-487
2021-11-13T11:16:41.940;536843506435325606;306;804;-489
2021-11-13T11:16:41.960;536843506455010436;303;808;-487
2021-11-13T11:16:41.979;536843506474695266;311;810;-485
2021-11-13T11:16:41.999;536843506494380096;312;809;-479
2021-11-13T11:16:42.019;536843506514064926;313;809;-482
2021-11-13T11:16:42.038;536843506533749756;317;804;-483
2021-11-13T11:16:42.058;536843506553434586;313;805;-484
2021-11-13T11:16:42.078;536843506573119416;306;815;-483
2021-11-13T11:16:42.098;536843506592804246;304;818;-484
2021-11-13T11:16:42.117;536843506612489076;309;806;-480
2021-11-13T11:16:42.137;536843506632173906;312;805;-483
2021-11-13T11:16:42.157;536843506651858736;320;815;-480
2021-11-13T11:16:42.176;536843506671543566;329;809;-477
2021-11-13T11:16:42.196;536843506691228396;316;801;-485
2021-11-13T11:16:42.216;536843506710913226;330;811;-477
2021-11-13T11:16:42.235;536843506730598056;325;811;-473
2021-11-13T11:16:42.255;536843506750282886;316;820;-466
2021-11-13T11:16:42.275;536843506769967716;315;818;-469
2021-11-13T11:16:42.294;536843506789652546;302;802;-478
2021-11-13T11:16:42.314;536843506809337376;303;811;-473
2021-11-13T11:16:42.334;536843506829022206;302;818;-479
2021-11-13T11:16:42.353;536843506848707036;304;811;-484
2021-11-13T11:16:42.373;536843506868391866;305;810;-483
2021-11-13T11:16:42.393;536843506888076696;308;812;-478
2021-11-13T11:16:42.413;536843506907761526;307;814;-478
2021-11-13T11:16:42.432;536843506927446356;313;814;-473
2021-11-13T11:16:42.452;536843506947131186;312;819;-463
2021-11-13T11:16:42.472;536843506966816016;316;827;-456
2021-11-13T11:16:42.491;536843506986500846;322;818;-454
2021-11-13T11:16:42.511;536843507006185676;320;821;-449
2021-11-13T11:16:42.531;536843507025870506;314;820;-449
2021-11-13T11:16:42.550;536843507045555336;311;826;-444
2021-11-13T11:16:42.570;536843507065240166;306;820;-446
2021-11-13T11:16:42.590;536843507084924996;306;816;-451
2021-11-13T11:16:42.609;536843507104609826;309;807;-462
2021-11-13T11:16:42.629;536843507124294656;315;816;-464
2021-11-13T11:16:42.649;536843507143977309;316;822;-465
2021-11-13T11:16:42.668;536843507163659954;312;821;-471
2021-11-13T11:16:42.688;536843507183342599;311;822;-475
2021-11-13T11:16:42.708;536843507203025244;315;812;-473
2021-11-13T11:16:42.727;536843507222707889;312;810;-475
2021-11-13T11:16:42.747;536843507242390534;312;813;-475
2021-11-13T11:16:42.767;536843507262073179;310;816;-474
2021-11-13T11:16:42.787;536843507281755824;305;812;-481
2021-11-13T11:16:42.806;536843507301438469;307;814;-480
2021-11-13T11:16:42.826;536843507321121114;308;808;-481
2021-11-13T11:16:42.846;536843507340803759;312;806;-481
2021-11-13T11:16:42.865;536843507360486404;312;808;-487
2021-11-13T11:16:42.885;536843507380169049;316;814;-482
2021-11-13T11:16:42.905;536843507399851694;317;814;-476
2021-11-13T11:16:42.924;536843507419534339;316;814;-481
2021-11-13T11:16:42.944;536843507439216984;326;815;-482
2021-11-13T11:16:42.964;536843507458899629;329;811;-476
2021-11-13T11:16:42.983;536843507478582274;342;805;-474
2021-11-13T11:16:43.003;536843507498264919;339;806;-474
2021-11-13T11:16:43.023;536843507517947564;321;811;-475
2021-11-13T11:16:43.042;536843507537630209;309;815;-470
2021-11-13T11:16:43.062;536843507557312854;302;819;-472
2021-11-13T11:16:43.082;536843507576995499;304;812;-475
2021-11-13T11:16:43.101;536843507596678144;304;808;-474
2021-11-13T11:16:43.121;536843507616360789;305;807;-468
2021-11-13T11:16:43.141;536843507636043434;314;805;-470
2021-11-13T11:16:43.160;536843507655726079;314;811;-482
2021-11-13T11:16:43.180;536843507675408724;312;823;-482
2021-11-13T11:16:43.200;536843507695091369;318;821;-476
2021-11-13T11:16:43.220;536843507714774014;317;811;-483
2021-11-13T11:16:43.239;536843507734456659;328;804;-481
2021-11-13T11:16:43.259;536843507754139304;329;800;-480
2021-11-13T11:16:43.279;536843507773821949;330;808;-479
2021-11-13T11:16:43.298;536843507793504594;318;816;-480
2021-11-13T11:16:43.318;536843507813187239;312;821;-472
2021-11-13T11:16:43.338;536843507832869884;309;812;-467
2021-11-13T11:16:43.357;536843507852556914;305;805;-468
2021-11-13T11:16:43.377;536843507872243928;305;807;-468
2021-11-13T11:16:43.397;536843507891930942;309;804;-470
2021-11-13T11:16:43.416;536843507911617956;313;823;-471
2021-11-13T11:16:43.436;536843507931304970;322;825;-482
2021-11-13T11:16:43.456;536843507950991984;322;810;-489
2021-11-13T11:16:43.475;536843507970678998;330;803;-488
2021-11-13T11:16:43.495;536843507990366012;323;804;-489
2021-11-13T11:16:43.515;536843508010053026;315;808;-486
2021-11-13T11:16:43.534;536843508029740040;304;810;-485
2021-11-13T11:16:43.554;536843508049427054;304;819;-483
2021-11-13T11:16:43.574;536843508069114068;302;814;-482
2021-11-13T11:16:43.594;536843508088801082;295;806;-478
2021-11-13T11:16:43.613;536843508108488096;295;808;-467
2021-11-13T11:16:43.633;536843508128175110;296;809;-473
2021-11-13T11:16:43.653;536843508147862124;306;820;-469
2021-11-13T11:16:43.672;536843508167549138;312;827;-461
2021-11-13T11:16:43.692;536843508187236152;328;829;-461
2021-11-13T11:16:43.712;536843508206923166;338;819;-460
2021-11-13T11:16:43.731;536843508226610180;334;821;-459
2021-11-13T11:16:43.751;536843508246297194;311;823;-462
2021-11-13T11:16:43.771;536843508265984208;302;814;-468
2021-11-13T11:16:43.790;536843508285671222;306;810;-465
2021-11-13T11:16:43.810;536843508305358236;312;803;-464
2021-11-13T11:16:43.830;536843508325045250;317;811;-468
2021-11-13T11:16:43.849;536843508344732264;316;822;-473
2021-11-13T11:16:43.869;536843508364419278;313;823;-467
2021-11-13T11:16:43.889;536843508384106292;317;815;-475
2021-11-13T11:16:43.909;536843508403793306;321;817;-472
2021-11-13T11:16:43.928;536843508423480320;318;815;-471
2021-11-13T11:16:43.948;536843508443167334;322;807;-467
2021-11-13T11:16:43.968;536843508462854348;313;808;-469
2021-11-13T11:16:43.987;536843508482541362;302;818;-466
2021-11-13T11:16:44.007;536843508502228376;301;824;-474
2021-11-13T11:16:44.027;536843508521915390;294;840;-467
2021-11-13T11:16:44.046;536843508541602404;297;820;-463
2021-11-13T11:16:44.066;536843508561289434;309;806;-469
2021-11-13T11:16:44.086;536843508580976448;317;806;-473
2021-11-13T11:16:44.105;536843508600663462;317;816;-467
2021-11-13T11:16:44.125;536843508620350476;315;821;-471
2021-11-13T11:16:44.145;536843508640037490;304;819;-479
2021-11-13T11:16:44.164;536843508659724504;299;805;-482
2021-11-13T11:16:44.184;536843508679411518;310;799;-486
2021-11-13T11:16:44.204;536843508699098532;306;812;-477
2021-11-13T11:16:44.224;536843508718785546;315;816;-479
2021-11-13T11:16:44.243;536843508738472560;316;812;-486
2021-11-13T11:16:44.263;536843508758159574;323;817;-490
2021-11-13T11:16:44.283;536843508777846588;326;833;-493
2021-11-13T11:16:44.302;536843508797533602;340;815;-482
2021-11-13T11:16:44.322;536843508817220616;347;792;-473
2021-11-13T11:16:44.342;536843508836907630;334;799;-480
2021-11-13T11:16:44.361;536843508856594644;300;812;-479
2021-11-13T11:16:44.381;536843508876281658;300;803;-478
2021-11-13T11:16:44.401;536843508895968672;322;807;-481
2021-11-13T11:16:44.420;536843508915655686;314;807;-486
2021-11-13T11:16:44.440;536843508935342700;313;800;-491
2021-11-13T11:16:44.460;536843508955029714;318;802;-493
2021-11-13T11:16:44.479;536843508974716728;316;800;-496
2021-11-13T11:16:44.499;536843508994403742;319;800;-495
2021-11-13T11:16:44.519;536843509014090756;315;808;-495
2021-11-13T11:16:44.539;536843509033777770;310;807;-488
2021-11-13T11:16:44.558;536843509053464784;307;809;-484
2021-11-13T11:16:44.578;536843509073151798;310;807;-480
2021-11-13T11:16:44.598;536843509092838812;312;806;-471
2021-11-13T11:16:44.617;536843509112525826;323;799;-467
2021-11-13T11:16:44.637;536843509132212840;327;800;-471
2021-11-13T11:16:44.657;536843509151899854;312;814;-471
2021-11-13T11:16:44.676;536843509171586868;314;823;-467
2021-11-13T11:16:44.696;536843509191273882;314;813;-476
2021-11-13T11:16:44.716;536843509210960896;320;808;-477
2021-11-13T11:16:44.735;536843509230647910;322;802;-483
2021-11-13T11:16:44.755;536843509250334924;322;801;-485
2021-11-13T11:16:44.775;536843509270024851;325;808;-484
2021-11-13T11:16:44.794;536843509289714778;323;805;-483
2021-11-13T11:16:44.814;536843509309404705;326;814;-480
2021-11-13T11:16:44.834;536843509329094632;320;820;-470
2021-11-13T11:16:44.854;536843509348784559;310;808;-466
2021-11-13T11:16:44.873;536843509368474486;311;803;-473
2021-11-13T11:16:44.893;536843509388164413;318;806;-475
2021-11-13T11:16:44.913;536843509407854340;316;804;-477
2021-11-13T11:16:44.932;536843509427544267;321;812;-474
2021-11-13T11:16:44.952;536843509447234194;323;814;-472
2021-11-13T11:16:44.972;536843509466924121;320;814;-469
2021-11-13T11:16:44.991;536843509486614048;317;808;-472
2021-11-13T11:16:45.011;536843509506303975;321;804;-478
2021-11-13T11:16:45.031;536843509525993902;320;802;-479
2021-11-13T11:16:45.050;536843509545683829;317;808;-482
2021-11-13T11:16:45.070;536843509565373756;316;811;-480
2021-11-13T11:16:45.090;536843509585063683;310;810;-483
2021-11-13T11:16:45.110;536843509604753610;313;809;-484
2021-11-13T11:16:45.129;536843509624443537;310;803;-485
2021-11-13T11:16:45.149;536843509644133464;312;800;-486
2021-11-13T11:16:45.169;536843509663823391;316;803;-484
2021-11-13T11:16:45.188;536843509683513318;316;806;-485
2021-11-13T11:16:45.208;536843509703203245;313;806;-485
2021-11-13T11:16:45.228;536843509722893172;318;808;-484
2021-11-13T11:16:45.247;536843509742583099;318;810;-485
2021-11-13T11:16:45.267;536843509762273026;320;810;-486
2021-11-13T11:16:45.287;536843509781962953;320;807;-484
2021-11-13T11:16:45.306;536843509801652880;321;809;-481
2021-11-13T11:16:45.326;536843509821342807;320;809;-479
2021-11-13T11:16:45.346;536843509841032734;322;803;-480
2021-11-13T11:16:45.365;536843509860722661;319;806;-478
2021-11-13T11:16:45.385;536843509880412588;316;809;-476
2021-11-13T11:16:45.405;536843509900102515;316;810;-478
2021-11-13T11:16:45.425;536843509919792442;315;810;-477
2021-11-13T11:16:45.444;536843509939482369;313;813;-475
2021-11-13T11:16:45.464;536843509959172296;312;812;-472
2021-11-13T11:16:45.484;536843509978857858;316;808;-468
2021-11-13T11:16:45.503;536843509998543416;314;803;-471
2021-11-13T11:16:45.523;536843510018228974;308;813;-472
2021-11-13T11:16:45.543;536843510037914532;306;809;-474
2021-11-13T11:16:45.562;536843510057600090;307;812;-474
2021-11-13T11:16:45.582;536843510077285648;317;811;-477
2021-11-13T11:16:45.602;536843510096971206;314;807;-476
2021-11-13T11:16:45.621;536843510116656764;322;808;-475
2021-11-13T11:16:45.641;536843510136342322;325;806;-481
2021-11-13T11:16:45.661;536843510156027880;323;814;-484
2021-11-13T11:16:45.680;536843510175713438;336;817;-480
2021-11-13T11:16:45.700;536843510195398996;338;820;-481
2021-11-13T11:16:45.720;536843510215084554;341;812;-482
2021-11-13T11:16:45.740;536843510234770112;340;805;-481
2021-11-13T11:16:45.759;536843510254455670;326;806;-480
2021-11-13T11:16:45.779;536843510274141228;318;812;-474
2021-11-13T11:16:45.799;536843510293826786;307;809;-473
2021-11-13T11:16:45.818;536843510313512344;302;804;-474
2021-11-13T11:16:45.838;536843510333197902;305;809;-471
2021-11-13T11:16:45.858;536843510352883460;308;810;-473
2021-11-13T11:16:45.877;536843510372569018;315;807;-474
2021-11-13T11:16:45.897;536843510392254576;324;811;-472
2021-11-13T11:16:45.917;536843510411940134;332;815;-474
2021-11-13T11:16:45.936;536843510431625692;327;818;-477
2021-11-13T11:16:45.956;536843510451311250;324;818;-471
2021-11-13T11:16:45.976;536843510470996808;318;810;-475
2021-11-13T11:16:45.995;536843510490682366;306;805;-477
2021-11-13T11:16:46.015;536843510510367924;304;810;-478
2021-11-13T11:16:46.035;536843510530053482;311;807;-477
2021-11-13T11:16:46.054;536843510549739040;320;807;-476
2021-11-13T11:16:46.074;536843510569424598;321;823;-471
2021-11-13T11:16:46.094;536843510589110156;326;821;-471
2021-11-13T11:16:46.114;536843510608795714;319;816;-474
2021-11-13T11:16:46.133;536843510628481272;310;805;-477
2021-11-13T11:16:46.153;536843510648166830;307;800;-481
2021-11-13T11:16:46.173;536843510667852388;304;806;-488
2021-11-13T11:16:46.192;536843510687541618;302;813;-492
2021-11-13T11:16:46.212;536843510707230816;305;807;-490
2021-11-13T11:16:46.232;536843510726920014;310;809;-488
2021-11-13T11:16:46.251;536843510746609212;301;812;-490
2021-11-13T11:16:46.271;536843510766298410;308;809;-485
2021-11-13T11:16:46.291;536843510785987608;307;806;-486
2021-11-13T11:16:46.310;536843510805676806;310;811;-482
2021-11-13T11:16:46.330;536843510825366004;302;808;-474
2021-11-13T11:16:46.350;536843510845055202;301;814;-466
2021-11-13T11:16:46.369;536843510864744400;302;820;-477
2021-11-13T11:16:46.389;536843510884433598;305;823;-475
2021-11-13T11:16:46.409;536843510904122796;303;825;-468
2021-11-13T11:16:46.429;536843510923811994;305;814;-472
2021-11-13T11:16:46.448;536843510943501192;294;816;-471
2021-11-13T11:16:46.468;536843510963190390;299;810;-470
2021-11-13T11:16:46.488;536843510982879588;301;808;-466
2021-11-13T11:16:46.507;536843511002568786;310;816;-468
2021-11-13T11:16:46.527;536843511022257984;304;822;-469
2021-11-13T11:16:46.547;536843511041947182;303;826;-463
2021-11-13T11:16:46.566;536843511061636380;304;825;-462
2021-11-13T11:16:46.586;536843511081325578;300;826;-462
2021-11-13T11:16:46.606;536843511101014776;304;822;-464
2021-11-13T11:16:46.625;536843511120703974;307;816;-465
2021-11-13T11:16:46.645;536843511140393172;314;810;-469
2021-11-13T11:16:46.665;536843511160082370;314;813;-464
2021-11-13T11:16:46.685;536843511179771568;313;817;-462
2021-11-13T11:16:46.704;536843511199460766;312;827;-464
2021-11-13T11:16:46.724;536843511219149964;312;821;-468
2021-11-13T11:16:46.744;536843511238839162;308;821;-466
2021-11-13T11:16:46.763;536843511258528360;304;817;-463
2021-11-13T11:16:46.783;536843511278217558;298;814;-464
2021-11-13T11:16:46.803;536843511297906756;303;812;-472
2021-11-13T11:16:46.822;536843511317595954;297;821;-475
2021-11-13T11:16:46.842;536843511337285152;287;824;-478
2021-11-13T11:16:46.862;536843511356974350;295;823;-478
2021-11-13T11:16:46.881;536843511376663548;296;808;-485
2021-11-13T11:16:46.901;536843511396354215;297;812;-493
2021-11-13T11:16:46.921;536843511416044870;302;803;-486
2021-11-13T11:16:46.940;536843511435735525;309;798;-486
2021-11-13T11:16:46.960;536843511455426180;316;825;-490
2021-11-13T11:16:46.980;536843511475116835;309;842;-490
2021-11-13T11:16:47.000;536843511494807490;298;831;-486
2021-11-13T11:16:47.019;536843511514498145;311;810;-480
2021-11-13T11:16:47.039;536843511534188800;317;798;-473
2021-11-13T11:16:47.059;536843511553879455;320;798;-469
2021-11-13T11:16:47.078;536843511573570110;322;812;-459
2021-11-13T11:16:47.098;536843511593260765;319;826;-458
2021-11-13T11:16:47.118;536843511612951420;310;838;-466
2021-11-13T11:16:47.137;536843511632642075;312;834;-465
2021-11-13T11:16:47.157;536843511652332730;334;822;-464
2021-11-13T11:16:47.177;536843511672023385;322;812;-475
2021-11-13T11:16:47.196;536843511691714040;324;805;-472
2021-11-13T11:16:47.216;536843511711404695;333;801;-477
2021-11-13T11:16:47.236;536843511731095350;334;811;-476
2021-11-13T11:16:47.256;536843511750786005;314;813;-476
2021-11-13T11:16:47.275;536843511770476660;314;803;-478
2021-11-13T11:16:47.295;536843511790167315;312;806;-481
2021-11-13T11:16:47.315;536843511809857970;300;817;-481
2021-11-13T11:16:47.334;536843511829548625;298;810;-475
2021-11-13T11:16:47.354;536843511849239280;307;802;-471
2021-11-13T11:16:47.374;536843511868929935;309;805;-473
2021-11-13T11:16:47.393;536843511888620590;313;803;-467
2021-11-13T11:16:47.413;536843511908311245;320;815;-462
2021-11-13T11:16:47.433;536843511928001900;317;830;-464
2021-11-13T11:16:47.452;536843511947692555;315;831;-462
2021-11-13T11:16:47.472;536843511967383210;314;821;-460
2021-11-13T11:16:47.492;536843511987073865;320;821;-462
2021-11-13T11:16:47.512;536843512006764520;326;814;-465
2021-11-13T11:16:47.531;536843512026455175;322;808;-468
2021-11-13T11:16:47.551;536843512046145830;322;814;-462
2021-11-13T11:16:47.571;536843512065836485;308;816;-470
2021-11-13T11:16:47.590;536843512085527140;313;815;-471
2021-11-13T11:16:47.610;536843512105214904;314;808;-477
2021-11-13T11:16:47.630;536843512124902646;324;815;-476
2021-11-13T11:16:47.649;536843512144590388;324;813;-473
2021-11-13T11:16:47.669;536843512164278130;315;808;-474
2021-11-13T11:16:47.689;536843512183965872;308;805;-483
2021-11-13T11:16:47.708;536843512203653614;311;801;-485
2021-11-13T11:16:47.728;536843512223341356;311;805;-485
2021-11-13T11:16:47.748;536843512243029098;308;820;-490
2021-11-13T11:16:47.767;536843512262716840;307;821;-486
2021-11-13T11:16:47.787;536843512282404582;312;811;-480
2021-11-13T11:16:47.807;536843512302092324;316;804;-475
2021-11-13T11:16:47.827;536843512321780066;318;802;-475
2021-11-13T11:16:47.846;536843512341467808;318;810;-472
2021-11-13T11:16:47.866;536843512361155550;311;812;-467
2021-11-13T11:16:47.886;536843512380843292;308;815;-466
2021-11-13T11:16:47.905;536843512400531034;312;822;-461
2021-11-13T11:16:47.925;536843512420218776;314;821;-463
2021-11-13T11:16:47.945;536843512439906518;317;815;-461
2021-11-13T11:16:47.964;536843512459594260;318;819;-463
2021-11-13T11:16:47.984;536843512479282002;314;819;-460
2021-11-13T11:16:48.004;536843512498969744;316;813;-463
2021-11-13T11:16:48.023;536843512518657486;321;813;-466
2021-11-13T11:16:48.043;536843512538345228;316;812;-468
2021-11-13T11:16:48.063;536843512558032970;316;813;-472
2021-11-13T11:16:48.082;536843512577720712;312;810;-476
2021-11-13T11:16:48.102;536843512597408454;314;817;-477
2021-11-13T11:16:48.122;536843512617096196;310;815;-477
2021-11-13T11:16:48.142;536843512636783938;310;810;-478
2021-11-13T11:16:48.161;536843512656471680;320;809;-474
2021-11-13T11:16:48.181;536843512676159422;312;804;-477
2021-11-13T11:16:48.201;536843512695847164;313;812;-475
2021-11-13T11:16:48.220;536843512715534906;313;810;-479
2021-11-13T11:16:48.240;536843512735222648;316;817;-477
2021-11-13T11:16:48.260;536843512754910390;317;814;-474
2021-11-13T11:16:48.279;536843512774598132;313;810;-472
2021-11-13T11:16:48.299;536843512794285874;309;806;-477
2021-11-13T11:16:48.319;536843512813976539;307;808;-478
2021-11-13T11:16:48.338;536843512833667194;301;808;-475
2021-11-13T11:16:48.358;536843512853357849;305;808;-465
2021-11-13T11:16:48.378;536843512873048504;310;808;-472
2021-11-13T11:16:48.397;536843512892739159;330;811;-480
2021-11-13T11:16:48.417;536843512912429814;355;813;-480
2021-11-13T11:16:48.437;536843512932120469;364;816;-481
2021-11-13T11:16:48.457;536843512951811124;359;831;-483
2021-11-13T11:16:48.476;536843512971501779;339;817;-482
2021-11-13T11:16:48.496;536843512991192434;325;802;-478
2021-11-13T11:16:48.516;536843513010883089;320;789;-476
2021-11-13T11:16:48.535;536843513030573744;305;795;-473
2021-11-13T11:16:48.555;536843513050264399;292;813;-474
2021-11-13T11:16:48.575;536843513069955054;295;821;-476
2021-11-13T11:16:48.594;536843513089645709;302;815;-479
2021-11-13T11:16:48.614;536843513109336364;305;813;-476
2021-11-13T11:16:48.634;536843513129027019;323;802;-469
2021-11-13T11:16:48.653;536843513148717674;328;805;-471
2021-11-13T11:16:48.673;536843513168408329;327;812;-474
2021-11-13T11:16:48.693;536843513188098984;327;818;-473
2021-11-13T11:16:48.713;536843513207789639;329;832;-475
2021-11-13T11:16:48.732;536843513227480294;327;821;-478
2021-11-13T11:16:48.752;536843513247170949;314;806;-471
2021-11-13T11:16:48.772;536843513266861604;313;799;-478
2021-11-13T11:16:48.791;536843513286552259;310;799;-483
2021-11-13T11:16:48.811;536843513306242914;301;803;-481
2021-11-13T11:16:48.831;536843513325933569;311;809;-484
2021-11-13T11:16:48.850;536843513345624224;314;814;-484
2021-11-13T11:16:48.870;536843513365314879;311;816;-488
2021-11-13T11:16:48.890;536843513385005534;311;810;-483
2021-11-13T11:16:48.909;536843513404696189;315;804;-482
2021-11-13T11:16:48.929;536843513424386844;324;799;-488
2021-11-13T11:16:48.949;536843513444077499;312;800;-491
2021-11-13T11:16:48.969;536843513463768154;308;812;-489
2021-11-13T11:16:48.988;536843513483458809;303;814;-489
2021-11-13T11:16:49.008;536843513503149464;309;814;-481
2021-11-13T11:16:49.028;536843513522835758;317;808;-482
2021-11-13T11:16:49.047;536843513542522044;316;814;-478
2021-11-13T11:16:49.067;536843513562208330;312;818;-453
2021-11-13T11:16:49.087;536843513581894616;309;813;-441
2021-11-13T11:16:49.106;536843513601580902;312;809;-448
2021-11-13T11:16:49.126;536843513621267188;308;825;-447
2021-11-13T11:16:49.146;536843513640953474;313;826;-450
2021-11-13T11:16:49.165;536843513660639760;317;823;-459
2021-11-13T11:16:49.185;536843513680326046;312;822;-468
2021-11-13T11:16:49.205;536843513700012332;305;817;-463
2021-11-13T11:16:49.224;536843513719698618;301;810;-460
2021-11-13T11:16:49.244;536843513739384904;304;806;-467
2021-11-13T11:16:49.264;536843513759071190;308;821;-481
2021-11-13T11:16:49.284;536843513778757476;306;817;-477
2021-11-13T11:16:49.303;536843513798443762;305;817;-472
2021-11-13T11:16:49.323;536843513818130048;312;814;-470
2021-11-13T11:16:49.343;536843513837816334;318;811;-479
2021-11-13T11:16:49.362;536843513857502620;319;813;-479
2021-11-13T11:16:49.382;536843513877188906;318;817;-471
2021-11-13T11:16:49.402;536843513896875192;321;812;-477
2021-11-13T11:16:49.421;536843513916561478;329;805;-483
2021-11-13T11:16:49.441;536843513936247764;315;805;-478
2021-11-13T11:16:49.461;536843513955934050;314;811;-480
2021-11-13T11:16:49.480;536843513975620336;313;808;-485
2021-11-13T11:16:49.500;536843513995306622;306;807;-482
2021-11-13T11:16:49.520;536843514014992908;311;802;-482
2021-11-13T11:16:49.539;536843514034679194;310;810;-486
2021-11-13T11:16:49.559;536843514054365480;307;821;-488
2021-11-13T11:16:49.579;536843514074051766;303;817;-485
2021-11-13T11:16:49.598;536843514093738052;305;805;-485
2021-11-13T11:16:49.618;536843514113424338;313;807;-488
2021-11-13T11:16:49.638;536843514133110624;316;807;-485
2021-11-13T11:16:49.658;536843514152796910;312;808;-480
2021-11-13T11:16:49.677;536843514172483196;309;807;-480
2021-11-13T11:16:49.697;536843514192169482;310;799;-473
2021-11-13T11:16:49.717;536843514211855768;326;801;-471
2021-11-13T11:16:49.736;536843514231546429;318;812;-471
2021-11-13T11:16:49.756;536843514251237084;322;818;-471
2021-11-13T11:16:49.776;536843514270927739;326;813;-479
2021-11-13T11:16:49.795;536843514290618394;332;810;-488
2021-11-13T11:16:49.815;536843514310309049;320;806;-485
2021-11-13T11:16:49.835;536843514329999704;317;803;-479
2021-11-13T11:16:49.854;536843514349690359;317;804;-474
2021-11-13T11:16:49.874;536843514369381014;315;813;-470
2021-11-13T11:16:49.894;536843514389071669;308;810;-474
2021-11-13T11:16:49.914;536843514408762324;309;807;-478
2021-11-13T11:16:49.933;536843514428452979;311;804;-479
2021-11-13T11:16:49.953;536843514448143634;314;798;-471
2021-11-13T11:16:49.973;536843514467834289;315;810;-470
2021-11-13T11:16:49.992;536843514487524944;307;816;-473
2021-11-13T11:16:50.012;536843514507215599;314;800;-474
2021-11-13T11:16:50.032;536843514526906254;347;811;-472
2021-11-13T11:16:50.051;536843514546596909;338;825;-475
2021-11-13T11:16:50.071;536843514566287564;317;820;-479
2021-11-13T11:16:50.091;536843514585978219;318;808;-479
2021-11-13T11:16:50.110;536843514605668874;319;807;-477
2021-11-13T11:16:50.130;536843514625359529;309;807;-482
2021-11-13T11:16:50.150;536843514645050184;305;808;-483
2021-11-13T11:16:50.169;536843514664740839;307;809;-481
2021-11-13T11:16:50.189;536843514684431494;312;803;-485
2021-11-13T11:16:50.209;536843514704122149;326;807;-490
2021-11-13T11:16:50.229;536843514723812804;332;815;-485
2021-11-13T11:16:50.248;536843514743503459;332;824;-474
2021-11-13T11:16:50.268;536843514763194114;319;818;-469
2021-11-13T11:16:50.288;536843514782884769;309;813;-467
2021-11-13T11:16:50.307;536843514802575424;305;801;-465
2021-11-13T11:16:50.327;536843514822266079;310;801;-463
2021-11-13T11:16:50.347;536843514841956734;314;811;-466
2021-11-13T11:16:50.366;536843514861647389;314;817;-470
2021-11-13T11:16:50.386;536843514881338044;316;817;-469
2021-11-13T11:16:50.406;536843514901028699;315;811;-471
2021-11-13T11:16:50.425;536843514920719354;320;809;-477
2021-11-13T11:16:50.445;536843514940402749;319;804;-483
2021-11-13T11:16:50.465;536843514960086122;319;805;-478
2021-11-13T11:16:50.485;536843514979769495;318;811;-477
2021-11-13T11:16:50.504;536843514999452868;316;811;-478
2021-11-13T11:16:50.524;536843515019136241;312;809;-481
2021-11-13T11:16:50.544;536843515038819614;311;810;-476
2021-11-13T11:16:50.563;536843515058502987;309;809;-477
2021-11-13T11:16:50.583;536843515078186360;310;807;-482
2021-11-13T11:16:50.603;536843515097869733;310;805;-489
2021-11-13T11:16:50.622;536843515117553106;314;805;-482
2021-11-13T11:16:50.642;536843515137236479;319;809;-485
2021-11-13T11:16:50.662;536843515156919852;323;805;-490
2021-11-13T11:16:50.681;536843515176603225;329;807;-489
2021-11-13T11:16:50.701;536843515196286598;329;805;-488
2021-11-13T11:16:50.721;536843515215969971;327;810;-487
2021-11-13T11:16:50.740;536843515235653344;329;809;-483
2021-11-13T11:16:50.760;536843515255336717;320;810;-481
2021-11-13T11:16:50.780;536843515275020090;328;808;-480
2021-11-13T11:16:50.799;536843515294703463;326;804;-477
2021-11-13T11:16:50.819;536843515314386836;325;806;-476
2021-11-13T11:16:50.839;536843515334070209;317;807;-471
2021-11-13T11:16:50.859;536843515353753582;318;811;-466
2021-11-13T11:16:50.878;536843515373436955;322;813;-459
2021-11-13T11:16:50.898;536843515393120328;322;816;-465
2021-11-13T11:16:50.918;536843515412803701;315;815;-477
2021-11-13T11:16:50.937;536843515432487074;308;805;-481
2021-11-13T11:16:50.957;536843515452170447;308;810;-483
2021-11-13T11:16:50.977;536843515471853820;304;814;-480
2021-11-13T11:16:50.996;536843515491537193;304;805;-477
2021-11-13T11:16:51.016;536843515511220566;312;802;-477
2021-11-13T11:16:51.036;536843515530903939;319;802;-473
2021-11-13T11:16:51.055;536843515550587312;320;811;-472
2021-11-13T11:16:51.075;536843515570270685;322;818;-472
2021-11-13T11:16:51.095;536843515589954058;328;823;-467
2021-11-13T11:16:51.114;536843515609637431;330;823;-465
2021-11-13T11:16:51.134;536843515629320804;333;811;-471
2021-11-13T11:16:51.154;536843515649010737;318;811;-473
2021-11-13T11:16:51.173;536843515668700664;316;808;-475
2021-11-13T11:16:51.193;536843515688390591;314;813;-482
2021-11-13T11:16:51.213;536843515708080518;329;824;-487
2021-11-13T11:16:51.233;536843515727770445;315;830;-489
2021-11-13T11:16:51.252;536843515747460372;311;813;-491
2021-11-13T11:16:51.272;536843515767150299;308;808;-493
2021-11-13T11:16:51.292;536843515786840226;302;803;-486
2021-11-13T11:16:51.311;536843515806530153;295;795;-487
2021-11-13T11:16:51.331;536843515826220080;283;796;-488
2021-11-13T11:16:51.351;536843515845910007;290;800;-494
2021-11-13T11:16:51.370;536843515865599934;301;799;-495
2021-11-13T11:16:51.390;536843515885289861;306;803;-494
2021-11-13T11:16:51.410;536843515904979788;302;824;-484
2021-11-13T11:16:51.429;536843515924669715;287;819;-473
2021-11-13T11:16:51.449;536843515944359642;287;803;-475
2021-11-13T11:16:51.469;536843515964049569;289;806;-480
2021-11-13T11:16:51.488;536843515983739496;293;814;-468
2021-11-13T11:16:51.508;536843516003429423;309;831;-447
2021-11-13T11:16:51.528;536843516023119350;307;835;-450
2021-11-13T11:16:51.548;536843516042809277;303;848;-446
2021-11-13T11:16:51.567;536843516062499204;304;857;-450
2021-11-13T11:16:51.587;536843516082189131;301;850;-442
2021-11-13T11:16:51.607;536843516101879058;295;833;-435
2021-11-13T11:16:51.626;536843516121568985;303;805;-441
2021-11-13T11:16:51.646;536843516141258912;303;801;-446
2021-11-13T11:16:51.666;536843516160948839;301;815;-451
2021-11-13T11:16:51.685;536843516180638766;305;834;-462
2021-11-13T11:16:51.705;536843516200328693;306;846;-471
2021-11-13T11:16:51.725;536843516220018620;312;842;-474
2021-11-13T11:16:51.744;536843516239708547;310;826;-468
2021-11-13T11:16:51.764;536843516259398474;308;815;-470
2021-11-13T11:16:51.784;536843516279088401;295;805;-472
2021-11-13T11:16:51.804;536843516298778328;296;807;-470
2021-11-13T11:16:51.823;536843516318468255;289;820;-463
2021-11-13T11:16:51.843;536843516338158182;288;822;-471
2021-11-13T11:16:51.863;536843516357845942;303;831;-464
2021-11-13T11:16:51.882;536843516377533684;308;838;-458
2021-11-13T11:16:51.902;536843516397221426;311;836;-458
2021-11-13T11:16:51.922;536843516416909168;311;836;-459
2021-11-13T11:16:51.941;536843516436596910;300;827;-448
2021-11-13T11:16:51.961;536843516456284652;303;814;-449
2021-11-13T11:16:51.981;536843516475972394;311;811;-456
2021-11-13T11:16:52.000;536843516495660136;312;813;-459
2021-11-13T11:16:52.020;536843516515347878;313;830;-460
2021-11-13T11:16:52.040;536843516535035620;309;844;-461
2021-11-13T11:16:52.059;536843516554723362;305;837;-469
2021-11-13T11:16:52.079;536843516574411104;304;815;-476
2021-11-13T11:16:52.099;536843516594098846;294;799;-474
2021-11-13T11:16:52.119;536843516613786588;304;796;-484
2021-11-13T11:16:52.138;536843516633474330;314;811;-494
2021-11-13T11:16:52.158;536843516653162072;304;825;-489
2021-11-13T11:16:52.178;536843516672849814;301;835;-487
2021-11-13T11:16:52.197;536843516692537556;307;822;-496
2021-11-13T11:16:52.217;536843516712225298;309;804;-488
2021-11-13T11:16:52.237;536843516731913040;313;790;-476
2021-11-13T11:16:52.256;536843516751600782;316;801;-479
2021-11-13T11:16:52.276;536843516771288524;308;817;-482
2021-11-13T11:16:52.296;536843516790976266;302;816;-487
2021-11-13T11:16:52.315;536843516810664008;303;807;-487
2021-11-13T11:16:52.335;536843516830351750;309;801;-482
2021-11-13T11:16:52.355;536843516850039492;313;808;-481
2021-11-13T11:16:52.374;536843516869727234;308;821;-479
2021-11-13T11:16:52.394;536843516889414976;315;808;-478
2021-11-13T11:16:52.414;536843516909102718;330;803;-477
2021-11-13T11:16:52.434;536843516928790460;325;802;-471
2021-11-13T11:16:52.453;536843516948478202;314;813;-470
2021-11-13T11:16:52.473;536843516968165944;307;836;-462
2021-11-13T11:16:52.493;536843516987853686;299;819;-465
2021-11-13T11:16:52.512;536843517007541428;312;816;-470
2021-11-13T11:16:52.532;536843517027229170;315;810;-473
2021-11-13T11:16:52.552;536843517046916912;325;809;-465
2021-11-13T11:16:52.571;536843517066612684;322;801;-475
2021-11-13T11:16:52.591;536843517086308436;316;804;-469
2021-11-13T11:16:52.611;536843517106004188;306;812;-470
2021-11-13T11:16:52.630;536843517125699940;306;810;-480
2021-11-13T11:16:52.650;536843517145395692;308;802;-482
2021-11-13T11:16:52.670;536843517165091444;317;799;-478
2021-11-13T11:16:52.690;536843517184787196;312;797;-494
2021-11-13T11:16:52.709;536843517204482948;316;798;-500
2021-11-13T11:16:52.729;536843517224178700;324;802;-496
2021-11-13T11:16:52.749;536843517243874452;336;796;-493
2021-11-13T11:16:52.768;536843517263570204;329;798;-496
2021-11-13T11:16:52.788;536843517283265956;316;787;-503
2021-11-13T11:16:52.808;536843517302961708;314;784;-505
2021-11-13T11:16:52.827;536843517322657460;318;791;-508
2021-11-13T11:16:52.847;536843517342353212;314;798;-511
2021-11-13T11:16:52.867;536843517362048964;308;803;-512
2021-11-13T11:16:52.886;536843517381744716;310;798;-504
2021-11-13T11:16:52.906;536843517401440468;314;791;-500
2021-11-13T11:16:52.926;536843517421136220;318;785;-496
2021-11-13T11:16:52.946;536843517440831972;316;787;-494
2021-11-13T11:16:52.965;536843517460527724;317;794;-490
2021-11-13T11:16:52.985;536843517480223476;316;808;-486
2021-11-13T11:16:53.005;536843517499919228;316;813;-484
2021-11-13T11:16:53.024;536843517519614980;315;805;-484
2021-11-13T11:16:53.044;536843517539310732;320;801;-483
2021-11-13T11:16:53.064;536843517559006484;316;801;-481
2021-11-13T11:16:53.083;536843517578702236;322;797;-484
2021-11-13T11:16:53.103;536843517598397988;313;794;-485
2021-11-13T11:16:53.123;536843517618093740;313;795;-488
2021-11-13T11:16:53.143;536843517637789492;313;794;-492
2021-11-13T11:16:53.162;536843517657485244;320;798;-496
2021-11-13T11:16:53.182;536843517677180996;315;794;-502
2021-11-13T11:16:53.202;536843517696876748;312;798;-503
2021-11-13T11:16:53.221;536843517716572500;305;800;-505
2021-11-13T11:16:53.241;536843517736268252;306;795;-503
2021-11-13T11:16:53.261;536843517755964004;311;790;-499
2021-11-13T11:16:53.280;536843517775653234;311;788;-500
2021-11-13T11:16:53.300;536843517795342432;312;794;-495
2021-11-13T11:16:53.320;536843517815031630;311;795;-495
2021-11-13T11:16:53.339;536843517834720828;317;793;-497
2021-11-13T11:16:53.359;536843517854410026;318;796;-496
2021-11-13T11:16:53.379;536843517874099224;314;795;-497
2021-11-13T11:16:53.399;536843517893788422;315;795;-497
2021-11-13T11:16:53.418;536843517913477620;320;796;-500
2021-11-13T11:16:53.438;536843517933166818;317;791;-498
2021-11-13T11:16:53.458;536843517952856016;312;791;-499
2021-11-13T11:16:53.477;536843517972545214;310;789;-500
2021-11-13T11:16:53.497;536843517992234412;315;788;-501
2021-11-13T11:16:53.517;536843518011923610;312;791;-503
2021-11-13T11:16:53.536;536843518031612808;314;799;-504
2021-11-13T11:16:53.556;536843518051302006;316;796;-502
2021-11-13T11:16:53.576;536843518070991204;315;794;-500
2021-11-13T11:16:53.595;536843518090680402;320;791;-501
2021-11-13T11:16:53.615;536843518110369600;315;789;-498
2021-11-13T11:16:53.635;536843518130058798;309;791;-499
2021-11-13T11:16:53.654;536843518149747996;305;792;-503
2021-11-13T11:16:53.674;536843518169437194;312;800;-497
2021-11-13T11:16:53.694;536843518189126392;318;795;-502
2021-11-13T11:16:53.714;536843518208815590;306;800;-500
2021-11-13T11:16:53.733;536843518228504788;322;797;-500
2021-11-13T11:16:53.753;536843518248193986;335;790;-498
2021-11-13T11:16:53.773;536843518267883184;332;786;-503
2021-11-13T11:16:53.792;536843518287572382;340;786;-505
2021-11-13T11:16:53.812;536843518307261580;334;791;-503
2021-11-13T11:16:53.832;536843518326950778;318;798;-497
2021-11-13T11:16:53.851;536843518346639976;316;803;-494
2021-11-13T11:16:53.871;536843518366329174;304;802;-488
2021-11-13T11:16:53.891;536843518386018372;303;796;-489
2021-11-13T11:16:53.910;536843518405707570;318;787;-488
2021-11-13T11:16:53.930;536843518425396768;325;791;-488
2021-11-13T11:16:53.950;536843518445085966;317;804;-484
2021-11-13T11:16:53.970;536843518464775164;319;811;-484
2021-11-13T11:16:53.989;536843518484460724;320;809;-484
2021-11-13T11:16:54.009;536843518504146282;333;800;-481
2021-11-13T11:16:54.029;536843518523831840;315;803;-479
2021-11-13T11:16:54.048;536843518543517398;308;809;-483
2021-11-13T11:16:54.068;536843518563202956;311;794;-489
2021-11-13T11:16:54.088;536843518582888514;315;785;-495
2021-11-13T11:16:54.107;536843518602574072;316;798;-495
2021-11-13T11:16:54.127;536843518622259630;319;798;-495
2021-11-13T11:16:54.147;536843518641945188;311;797;-495
2021-11-13T11:16:54.166;536843518661630746;304;800;-495
2021-11-13T11:16:54.186;536843518681316304;296;802;-500
2021-11-13T11:16:54.206;536843518701001862;293;803;-500
2021-11-13T11:16:54.225;536843518720687420;305;804;-495
2021-11-13T11:16:54.245;536843518740372978;300;801;-493
2021-11-13T11:16:54.265;536843518760058536;299;799;-495
2021-11-13T11:16:54.284;536843518779744094;300;800;-495
2021-11-13T11:16:54.304;536843518799429652;305;798;-492
2021-11-13T11:16:54.324;536843518819115210;320;794;-497
2021-11-13T11:16:54.344;536843518838800768;310;800;-501
2021-11-13T11:16:54.363;536843518858486326;307;812;-492
2021-11-13T11:16:54.383;536843518878171884;306;804;-488
2021-11-13T11:16:54.403;536843518897857442;301;815;-491
2021-11-13T11:16:54.422;536843518917543000;305;806;-494
2021-11-13T11:16:54.442;536843518937228558;317;791;-485
2021-11-13T11:16:54.462;536843518956914116;318;797;-482
2021-11-13T11:16:54.481;536843518976599674;314;806;-484
2021-11-13T11:16:54.501;536843518996285232;311;814;-481
2021-11-13T11:16:54.521;536843519015970790;299;822;-483
2021-11-13T11:16:54.540;536843519035656348;294;824;-486
2021-11-13T11:16:54.560;536843519055341906;292;817;-481
2021-11-13T11:16:54.580;536843519075027464;300;809;-474
2021-11-13T11:16:54.599;536843519094713022;307;802;-484
2021-11-13T11:16:54.619;536843519114398580;304;800;-481
2021-11-13T11:16:54.639;536843519134084138;311;816;-469
2021-11-13T11:16:54.659;536843519153769696;322;816;-478
2021-11-13T11:16:54.678;536843519173455254;311;822;-485
2021-11-13T11:16:54.698;536843519193137179;301;844;-480
2021-11-13T11:16:54.718;536843519212819096;286;846;-475
2021-11-13T11:16:54.737;536843519232501013;289;837;-472
2021-11-13T11:16:54.757;536843519252182930;317;810;-469
2021-11-13T11:16:54.777;536843519271864847;353;788;-471
2021-11-13T11:16:54.796;536843519291546764;351;803;-466
2021-11-13T11:16:54.816;536843519311228681;329;826;-463
2021-11-13T11:16:54.836;536843519330910598;317;845;-461
2021-11-13T11:16:54.855;536843519350592515;307;861;-468
2021-11-13T11:16:54.875;536843519370274432;295;852;-460
2021-11-13T11:16:54.895;536843519389956349;293;849;-443
2021-11-13T11:16:54.914;536843519409638266;288;833;-427
2021-11-13T11:16:54.934;536843519429320183;292;826;-417
2021-11-13T11:16:54.954;536843519449002100;302;814;-418
2021-11-13T11:16:54.973;536843519468684017;308;809;-410
2021-11-13T11:16:54.993;536843519488365934;303;813;-404
2021-11-13T11:16:55.013;536843519508047851;306;841;-397
2021-11-13T11:16:55.032;536843519527729768;310;861;-398
2021-11-13T11:16:55.052;536843519547411685;302;861;-401
2021-11-13T11:16:55.072;536843519567093602;306;849;-404
2021-11-13T11:16:55.092;536843519586775519;312;845;-406
2021-11-13T11:16:55.111;536843519606457436;329;847;-415
2021-11-13T11:16:55.131;536843519626139353;316;845;-423
2021-11-13T11:16:55.151;536843519645821270;306;847;-419
2021-11-13T11:16:55.170;536843519665503187;302;846;-424
2021-11-13T11:16:55.190;536843519685185104;303;836;-435
2021-11-13T11:16:55.210;536843519704867021;303;824;-447
2021-11-13T11:16:55.229;536843519724548938;297;816;-456
2021-11-13T11:16:55.249;536843519744230855;301;823;-467
2021-11-13T11:16:55.269;536843519763912772;302;824;-482
2021-11-13T11:16:55.288;536843519783594689;302;828;-481
2021-11-13T11:16:55.308;536843519803276606;310;824;-478
2021-11-13T11:16:55.328;536843519822958523;324;811;-486
2021-11-13T11:16:55.347;536843519842640440;322;801;-496
2021-11-13T11:16:55.367;536843519862322357;343;827;-488
2021-11-13T11:16:55.387;536843519882004274;331;819;-490
2021-11-13T11:16:55.406;536843519901684028;348;812;-489
2021-11-13T11:16:55.426;536843519921363760;334;793;-491
2021-11-13T11:16:55.446;536843519941043492;320;797;-492
2021-11-13T11:16:55.465;536843519960723224;319;817;-490
2021-11-13T11:16:55.485;536843519980402956;315;820;-486
2021-11-13T11:16:55.505;536843520000082688;315;820;-481
2021-11-13T11:16:55.525;536843520019762420;313;804;-471
2021-11-13T11:16:55.544;536843520039442152;319;804;-455
2021-11-13T11:16:55.564;536843520059121884;320;810;-451
2021-11-13T11:16:55.584;536843520078801616;314;818;-453
2021-11-13T11:16:55.603;536843520098481348;318;823;-439
2021-11-13T11:16:55.623;536843520118161080;331;835;-430
2021-11-13T11:16:55.643;536843520137840812;336;839;-423
2021-11-13T11:16:55.662;536843520157520544;346;834;-414
2021-11-13T11:16:55.682;536843520177200276;339;815;-408
2021-11-13T11:16:55.702;536843520196880008;338;815;-420
2021-11-13T11:16:55.721;536843520216559740;341;827;-438
2021-11-13T11:16:55.741;536843520236239472;345;844;-444
2021-11-13T11:16:55.761;536843520255919204;335;848;-450
2021-11-13T11:16:55.780;536843520275598936;313;839;-455
2021-11-13T11:16:55.800;536843520295278668;326;820;-461
2021-11-13T11:16:55.820;536843520314958400;328;803;-469
2021-11-13T11:16:55.839;536843520334638132;347;809;-468
2021-11-13T11:16:55.859;536843520354317864;348;816;-480
2021-11-13T11:16:55.879;536843520373997596;343;822;-486
2021-11-13T11:16:55.898;536843520393677328;331;827;-481
2021-11-13T11:16:55.918;536843520413357060;329;819;-479
2021-11-13T11:16:55.938;536843520433036792;323;807;-486
2021-11-13T11:16:55.957;536843520452716524;320;811;-480
2021-11-13T11:16:55.977;536843520472396256;319;806;-472
2021-11-13T11:16:55.997;536843520492075988;322;798;-473
2021-11-13T11:16:56.017;536843520511755720;328;811;-466
2021-11-13T11:16:56.036;536843520531435452;326;819;-465
2021-11-13T11:16:56.056;536843520551115184;332;818;-463
2021-11-13T11:16:56.076;536843520570794916;342;816;-459
2021-11-13T11:16:56.095;536843520590474648;339;823;-464
2021-11-13T11:16:56.115;536843520610164579;326;832;-461
2021-11-13T11:16:56.135;536843520629854506;322;821;-456
2021-11-13T11:16:56.154;536843520649544433;331;810;-452
2021-11-13T11:16:56.174;536843520669234360;307;811;-465
2021-11-13T11:16:56.194;536843520688924287;326;837;-456
2021-11-13T11:16:56.213;536843520708614214;333;819;-455
2021-11-13T11:16:56.233;536843520728304141;333;810;-456
2021-11-13T11:16:56.253;536843520747994068;327;814;-451
2021-11-13T11:16:56.272;536843520767683995;327;806;-446
2021-11-13T11:16:56.292;536843520787373922;326;806;-451
2021-11-13T11:16:56.312;536843520807063849;317;813;-456
2021-11-13T11:16:56.332;536843520826753776;333;817;-452
2021-11-13T11:16:56.351;536843520846443703;331;812;-456
2021-11-13T11:16:56.371;536843520866133630;324;806;-459
2021-11-13T11:16:56.391;536843520885823557;326;811;-456
2021-11-13T11:16:56.410;536843520905513484;324;809;-464
2021-11-13T11:16:56.430;536843520925203411;325;811;-465
2021-11-13T11:16:56.450;536843520944893338;330;818;-469
2021-11-13T11:16:56.469;536843520964583265;330;822;-475
2021-11-13T11:16:56.489;536843520984273192;335;814;-467
2021-11-13T11:16:56.509;536843521003963119;337;804;-467
2021-11-13T11:16:56.528;536843521023653046;338;802;-473
2021-11-13T11:16:56.548;536843521043342973;344;803;-478
2021-11-13T11:16:56.568;536843521063032900;343;806;-483
2021-11-13T11:16:56.587;536843521082722827;355;807;-479
2021-11-13T11:16:56.607;536843521102412754;362;806;-486
2021-11-13T11:16:56.627;536843521122102681;351;812;-492
2021-11-13T11:16:56.647;536843521141792608;341;801;-489
2021-11-13T11:16:56.666;536843521161482535;348;794;-490
2021-11-13T11:16:56.686;536843521181172462;347;789;-491
2021-11-13T11:16:56.706;536843521200862389;347;795;-491
2021-11-13T11:16:56.725;536843521220552316;343;807;-490
2021-11-13T11:16:56.745;536843521240242243;344;806;-493
2021-11-13T11:16:56.765;536843521259932170;344;806;-495
2021-11-13T11:16:56.784;536843521279622097;340;804;-487
2021-11-13T11:16:56.804;536843521299312024;349;793;-484
2021-11-13T11:16:56.824;536843521318999052;364;788;-488
2021-11-13T11:16:56.843;536843521338686066;349;796;-492
2021-11-13T11:16:56.863;536843521358373080;333;801;-488
2021-11-13T11:16:56.883;536843521378060094;341;800;-488
2021-11-13T11:16:56.902;536843521397747108;350;796;-497
2021-11-13T11:16:56.922;536843521417434122;359;792;-492
2021-11-13T11:16:56.942;536843521437121136;365;793;-492
2021-11-13T11:16:56.962;536843521456808150;363;796;-490
2021-11-13T11:16:56.981;536843521476495164;362;803;-490
2021-11-13T11:16:57.001;536843521496182178;357;802;-489
2021-11-13T11:16:57.021;536843521515869192;343;802;-486
2021-11-13T11:16:57.040;536843521535556206;328;799;-482
2021-11-13T11:16:57.060;536843521555243220;343;796;-476
2021-11-13T11:16:57.080;536843521574930234;352;796;-477
2021-11-13T11:16:57.099;536843521594617248;341;800;-474
2021-11-13T11:16:57.119;536843521614304262;344;801;-471
2021-11-13T11:16:57.139;536843521633991276;337;805;-474
2021-11-13T11:16:57.158;536843521653678290;337;802;-478
2021-11-13T11:16:57.178;536843521673365304;326;795;-479
2021-11-13T11:16:57.198;536843521693052318;317;803;-480
2021-11-13T11:16:57.217;536843521712739332;313;802;-475
2021-11-13T11:16:57.237;536843521732426346;307;798;-479
2021-11-13T11:16:57.257;536843521752113360;318;799;-485
2021-11-13T11:16:57.277;536843521771800374;329;804;-485
2021-11-13T11:16:57.296;536843521791487388;330;803;-486
2021-11-13T11:16:57.316;536843521811174402;339;804;-483
2021-11-13T11:16:57.336;536843521830861416;343;802;-477
2021-11-13T11:16:57.355;536843521850548430;339;797;-477
2021-11-13T11:16:57.375;536843521870235444;344;803;-481
2021-11-13T11:16:57.395;536843521889922458;336;815;-478
2021-11-13T11:16:57.414;536843521909609472;332;814;-466
2021-11-13T11:16:57.434;536843521929296486;339;808;-464
2021-11-13T11:16:57.454;536843521948983500;336;797;-468
2021-11-13T11:16:57.473;536843521968670514;333;796;-474
2021-11-13T11:16:57.493;536843521988357528;346;806;-483
2021-11-13T11:16:57.513;536843522008044542;358;804;-483
2021-11-13T11:16:57.532;536843522027735207;364;804;-486
2021-11-13T11:16:57.552;536843522047425862;354;809;-493
2021-11-13T11:16:57.572;536843522067116517;343;814;-486
2021-11-13T11:16:57.592;536843522086807172;341;800;-486
2021-11-13T11:16:57.611;536843522106497827;343;790;-490
2021-11-13T11:16:57.631;536843522126188482;340;790;-496
2021-11-13T11:16:57.651;536843522145879137;352;790;-495
2021-11-13T11:16:57.670;536843522165569792;335;798;-504
2021-11-13T11:16:57.690;536843522185260447;326;813;-500
2021-11-13T11:16:57.710;536843522204951102;329;814;-492
2021-11-13T11:16:57.729;536843522224641757;348;812;-490
2021-11-13T11:16:57.749;536843522244332412;347;801;-486
2021-11-13T11:16:57.769;536843522264023067;341;789;-473
2021-11-13T11:16:57.788;536843522283713722;351;792;-467
2021-11-13T11:16:57.808;536843522303404377;357;802;-464
2021-11-13T11:16:57.828;536843522323095032;339;820;-474
2021-11-13T11:16:57.848;536843522342785687;335;843;-473
2021-11-13T11:16:57.867;536843522362476342;329;843;-477
2021-11-13T11:16:57.887;536843522382166997;328;815;-468
2021-11-13T11:16:57.907;536843522401857652;328;784;-468
2021-11-13T11:16:57.926;536843522421548307;340;775;-465
2021-11-13T11:16:57.946;536843522441238962;340;777;-478
2021-11-13T11:16:57.966;536843522460929617;335;795;-491
2021-11-13T11:16:57.985;536843522480620272;334;829;-486
2021-11-13T11:16:58.005;536843522500310927;319;834;-469
2021-11-13T11:16:58.025;536843522520001582;330;814;-469
2021-11-13T11:16:58.044;536843522539692237;324;799;-467
2021-11-13T11:16:58.064;536843522559382892;333;792;-468
2021-11-13T11:16:58.084;536843522579073547;335;803;-469
2021-11-13T11:16:58.104;536843522598764202;333;815;-469
2021-11-13T11:16:58.123;536843522618454857;328;822;-459
2021-11-13T11:16:58.143;536843522638145512;322;825;-454
2021-11-13T11:16:58.163;536843522657836167;322;826;-454
2021-11-13T11:16:58.182;536843522677526822;312;806;-460
2021-11-13T11:16:58.202;536843522697217477;324;802;-456
2021-11-13T11:16:58.222;536843522716908132;331;811;-453
2021-11-13T11:16:58.241;536843522736602436;331;808;-455
2021-11-13T11:16:58.261;536843522756296732;342;821;-453
2021-11-13T11:16:58.281;536843522775991028;346;848;-457
2021-11-13T11:16:58.300;536843522795685324;351;829;-456
2021-11-13T11:16:58.320;536843522815379620;363;800;-468
2021-11-13T11:16:58.340;536843522835073916;359;802;-478
2021-11-13T11:16:58.360;536843522854768212;344;821;-477
2021-11-13T11:16:58.379;536843522874462508;336;848;-478
2021-11-13T11:16:58.399;536843522894156804;318;848;-476
2021-11-13T11:16:58.419;536843522913851100;317;816;-467
2021-11-13T11:16:58.438;536843522933545396;329;814;-452
2021-11-13T11:16:58.458;536843522953239692;337;810;-430
2021-11-13T11:16:58.478;536843522972933988;367;783;-440
2021-11-13T11:16:58.497;536843522992628284;304;763;-478
2021-11-13T11:16:58.517;536843523012322580;310;790;-485
2021-11-13T11:16:58.537;536843523032016876;326;805;-506
2021-11-13T11:16:58.556;536843523051711172;325;808;-514
2021-11-13T11:16:58.576;536843523071405468;319;812;-505
2021-11-13T11:16:58.596;536843523091099764;326;803;-491
2021-11-13T11:16:58.616;536843523110794060;329;804;-480
2021-11-13T11:16:58.635;536843523130488356;320;796;-475
2021-11-13T11:16:58.655;536843523150182652;341;793;-456
2021-11-13T11:16:58.675;536843523169876948;341;796;-453
2021-11-13T11:16:58.694;536843523189571244;348;805;-459
2021-11-13T11:16:58.714;536843523209265540;358;812;-473
2021-11-13T11:16:58.734;536843523228959836;356;815;-484
2021-11-13T11:16:58.753;536843523248654132;349;822;-489
2021-11-13T11:16:58.773;536843523268348428;351;803;-497
2021-11-13T11:16:58.793;536843523288042724;350;799;-506
2021-11-13T11:16:58.812;536843523307737020;328;784;-509
2021-11-13T11:16:58.832;536843523327431316;320;770;-515
2021-11-13T11:16:58.852;536843523347125612;328;771;-510
2021-11-13T11:16:58.872;536843523366819908;319;784;-516
2021-11-13T11:16:58.891;536843523386514204;331;794;-509
2021-11-13T11:16:58.911;536843523406208500;338;789;-512
2021-11-13T11:16:58.931;536843523425902796;346;785;-511
2021-11-13T11:16:58.950;536843523445586185;349;791;-505
2021-11-13T11:16:58.970;536843523465269558;342;796;-497
2021-11-13T11:16:58.990;536843523484952931;331;793;-494
2021-11-13T11:16:59.009;536843523504636304;336;789;-490
2021-11-13T11:16:59.029;536843523524319677;343;788;-486
2021-11-13T11:16:59.049;536843523544003050;330;791;-484
2021-11-13T11:16:59.068;536843523563686423;332;795;-481
2021-11-13T11:16:59.088;536843523583369796;327;798;-482
2021-11-13T11:16:59.108;536843523603053169;333;810;-476
2021-11-13T11:16:59.127;536843523622736542;333;802;-473
2021-11-13T11:16:59.147;536843523642419915;333;793;-473
2021-11-13T11:16:59.167;536843523662103288;336;793;-477
2021-11-13T11:16:59.187;536843523681786661;336;796;-480
2021-11-13T11:16:59.206;536843523701470034;325;802;-485
2021-11-13T11:16:59.226;536843523721153407;324;802;-491
2021-11-13T11:16:59.246;536843523740836780;331;798;-494
2021-11-13T11:16:59.265;536843523760520153;337;789;-500
2021-11-13T11:16:59.285;536843523780203526;346;786;-501
2021-11-13T11:16:59.305;536843523799886899;338;797;-502
2021-11-13T11:16:59.324;536843523819570272;329;795;-505
2021-11-13T11:16:59.344;536843523839253645;327;795;-505
2021-11-13T11:16:59.364;536843523858937018;332;797;-500
2021-11-13T11:16:59.383;536843523878620391;330;793;-503
2021-11-13T11:16:59.403;536843523898303764;332;792;-501
2021-11-13T11:16:59.423;536843523917987137;332;795;-496
2021-11-13T11:16:59.442;536843523937670510;331;790;-495
2021-11-13T11:16:59.462;536843523957353883;341;790;-494
2021-11-13T11:16:59.482;536843523977037256;351;789;-491
2021-11-13T11:16:59.501;536843523996720629;344;791;-494
2021-11-13T11:16:59.521;536843524016404002;336;797;-494
2021-11-13T11:16:59.541;536843524036087375;326;799;-495
2021-11-13T11:16:59.561;536843524055770748;316;795;-491
2021-11-13T11:16:59.580;536843524075454121;311;795;-496
2021-11-13T11:16:59.600;536843524095137494;313;792;-498
2021-11-13T11:16:59.620;536843524114820867;322;788;-499
2021-11-13T11:16:59.639;536843524134504240;332;788;-497
2021-11-13T11:16:59.659;536843524154194907;342;794;-496
2021-11-13T11:16:59.679;536843524173885562;347;794;-495
2021-11-13T11:16:59.698;536843524193576217;337;792;-496
2021-11-13T11:16:59.718;536843524213266872;347;794;-494
2021-11-13T11:16:59.738;536843524232957527;339;793;-497
2021-11-13T11:16:59.757;536843524252648182;344;788;-497
2021-11-13T11:16:59.777;536843524272338837;357;795;-494
2021-11-13T11:16:59.797;536843524292029492;344;800;-489
2021-11-13T11:16:59.816;536843524311720147;333;797;-490
2021-11-13T11:16:59.836;536843524331410802;331;798;-491
2021-11-13T11:16:59.856;536843524351101457;328;797;-492
2021-11-13T11:16:59.876;536843524370792112;317;797;-495
2021-11-13T11:16:59.895;536843524390482767;314;789;-503
2021-11-13T11:16:59.915;536843524410173422;322;783;-512
2021-11-13T11:16:59.935;536843524429864077;339;784;-515
2021-11-13T11:16:59.954;536843524449554732;338;785;-510
2021-11-13T11:16:59.974;536843524469245387;313;787;-508
2021-11-13T11:16:59.994;536843524488936042;306;793;-499
2021-11-13T11:17:00.013;536843524508626697;306;782;-501
2021-11-13T11:17:00.033;536843524528317352;304;781;-499
2021-11-13T11:17:00.053;536843524548008007;312;792;-495
2021-11-13T11:17:00.072;536843524567698662;313;787;-503
2021-11-13T11:17:00.092;536843524587389317;322;800;-504
2021-11-13T11:17:00.112;536843524607079972;320;813;-495
2021-11-13T11:17:00.132;536843524626770627;310;813;-478
2021-11-13T11:17:00.151;536843524646461282;313;804;-472
2021-11-13T11:17:00.171;536843524666151937;311;794;-475
2021-11-13T11:17:00.191;536843524685842592;312;799;-470
2021-11-13T11:17:00.210;536843524705533247;316;796;-469
2021-11-13T11:17:00.230;536843524725223902;327;803;-476
2021-11-13T11:17:00.250;536843524744914557;315;817;-479
2021-11-13T11:17:00.269;536843524764605212;321;817;-486
2021-11-13T11:17:00.289;536843524784295867;327;804;-495
2021-11-13T11:17:00.309;536843524803986522;331;797;-495
2021-11-13T11:17:00.328;536843524823677177;319;801;-492
2021-11-13T11:17:00.348;536843524843367832;312;801;-491
2021-11-13T11:17:00.368;536843524863062132;307;793;-495
2021-11-13T11:17:00.388;536843524882756428;310;797;-498
2021-11-13T11:17:00.407;536843524902450724;320;804;-492
2021-11-13T11:17:00.427;536843524922145020;327;817;-489
2021-11-13T11:17:00.447;536843524941839316;313;819;-479
2021-11-13T11:17:00.466;536843524961533612;308;801;-465
2021-11-13T11:17:00.486;536843524981227908;316;804;-474
2021-11-13T11:17:00.506;536843525000922204;325;805;-479
2021-11-13T11:17:00.525;536843525020616500;332;819;-471
2021-11-13T11:17:00.545;536843525040310796;321;827;-471
2021-11-13T11:17:00.565;536843525060005092;316;832;-471
2021-11-13T11:17:00.584;536843525079699388;311;821;-466
2021-11-13T11:17:00.604;536843525099393684;305;804;-462
2021-11-13T11:17:00.624;536843525119087980;313;793;-459
2021-11-13T11:17:00.644;536843525138782276;322;806;-465
2021-11-13T11:17:00.663;536843525158476572;327;820;-460
2021-11-13T11:17:00.683;536843525178170868;322;827;-459
2021-11-13T11:17:00.703;536843525197865164;310;826;-472
2021-11-13T11:17:00.722;536843525217559460;304;818;-470
2021-11-13T11:17:00.742;536843525237253756;315;811;-464
2021-11-13T11:17:00.762;536843525256948052;311;802;-463
2021-11-13T11:17:00.781;536843525276642348;317;803;-458
2021-11-13T11:17:00.801;536843525296336644;310;807;-464
2021-11-13T11:17:00.821;536843525316030940;313;817;-468
2021-11-13T11:17:00.840;536843525335725236;329;819;-463
2021-11-13T11:17:00.860;536843525355419532;328;826;-462
2021-11-13T11:17:00.880;536843525375113828;332;832;-459
2021-11-13T11:17:00.900;536843525394808124;319;839;-469
2021-11-13T11:17:00.919;536843525414502420;325;837;-462
2021-11-13T11:17:00.939;536843525434196716;325;828;-457
2021-11-13T11:17:00.959;536843525453891012;332;811;-455
2021-11-13T11:17:00.978;536843525473585308;324;803;-461
2021-11-13T11:17:00.998;536843525493279604;323;805;-457
2021-11-13T11:17:01.018;536843525512973900;332;812;-459
2021-11-13T11:17:01.037;536843525532668196;332;820;-468
2021-11-13T11:17:01.057;536843525552362492;324;829;-473
