Phone timestamp;sensor timestamp [ns];X [mg];Y [mg];Z [mg]
2021-11-13T11:21:46.217;536843810677230115;-173;956;-203
2021-11-13T11:21:46.236;536843810696930964;-177;961;-198
2021-11-13T11:21:46.256;536843810716631813;-174;963;-198
2021-11-13T11:21:46.276;536843810736332662;-183;954;-200
2021-11-13T11:21:46.295;536843810756033511;-166;960;-196
2021-11-13T11:21:46.315;536843810775734360;-165;959;-204
2021-11-13T11:21:46.335;536843810795435209;-158;963;-211
2021-11-13T11:21:46.354;536843810815136058;-169;958;-211
2021-11-13T11:21:46.374;536843810834836907;-168;953;-214
2021-11-13T11:21:46.394;536843810854537756;-170;957;-214
2021-11-13T11:21:46.414;536843810874238605;-175;952;-209
2021-11-13T11:21:46.433;536843810893939454;-184;955;-201
2021-11-13T11:21:46.453;536843810913640303;-190;953;-199
2021-11-13T11:21:46.473;536843810933341152;-181;961;-187
2021-11-13T11:21:46.492;536843810953042001;-175;964;-188
2021-11-13T11:21:46.512;536843810972742850;-179;961;-188
2021-11-13T11:21:46.532;536843810992443699;-190;952;-191
2021-11-13T11:21:46.551;536843811012144548;-183;960;-198
2021-11-13T11:21:46.571;536843811031845397;-180;958;-208
2021-11-13T11:21:46.591;536843811051546246;-179;958;-202
2021-11-13T11:21:46.611;536843811071247095;-177;957;-206
2021-11-13T11:21:46.630;536843811090947944;-174;960;-205
2021-11-13T11:21:46.650;536843811110648793;-170;958;-202
2021-11-13T11:21:46.670;536843811130349642;-166;964;-195
2021-11-13T11:21:46.689;536843811150050491;-166;960;-192
2021-11-13T11:21:46.709;536843811169751340;-173;965;-184
2021-11-13T11:21:46.729;536843811189452189;-175;963;-179
2021-11-13T11:21:46.748;536843811209153038;-191;958;-182
2021-11-13T11:21:46.768;536843811228853887;-186;957;-181
2021-11-13T11:21:46.788;536843811248554736;-169;964;-175
2021-11-13T11:21:46.808;536843811268255585;-162;965;-185
2021-11-13T11:21:46.827;536843811287956434;-160;961;-193
2021-11-13T11:21:46.847;536843811307657283;-168;962;-200
2021-11-13T11:21:46.867;536843811327358132;-168;958;-198
2021-11-13T11:21:46.886;536843811347058981;-184;961;-202
2021-11-13T11:21:46.906;536843811366759830;-180;952;-199
2021-11-13T11:21:46.926;536843811386460709;-183;961;-190
2021-11-13T11:21:46.945;536843811406161558;-187;956;-188
2021-11-13T11:21:46.965;536843811425862407;-188;959;-203
2021-11-13T11:21:46.985;536843811445563256;-175;954;-201
2021-11-13T11:21:47.005;536843811465264105;-188;957;-200
2021-11-13T11:21:47.024;536843811484964954;-186;951;-206
2021-11-13T11:21:47.044;536843811504665803;-165;957;-206
2021-11-13T11:21:47.064;536843811524366652;-162;962;-198
2021-11-13T11:21:47.083;536843811544067501;-172;964;-204
2021-11-13T11:21:47.103;536843811563768350;-183;956;-205
2021-11-13T11:21:47.123;536843811583469199;-163;957;-193
2021-11-13T11:21:47.142;536843811603170048;-152;968;-184
2021-11-13T11:21:47.162;536843811622870897;-161;969;-186
2021-11-13T11:21:47.182;536843811642571746;-175;964;-186
2021-11-13T11:21:47.202;536843811662272595;-170;958;-187
2021-11-13T11:21:47.221;536843811681973444;-171;962;-196
2021-11-13T11:21:47.241;536843811701674293;-175;961;-192
2021-11-13T11:21:47.261;536843811721375142;-176;963;-199
2021-11-13T11:21:47.280;536843811741075991;-187;956;-201
2021-11-13T11:21:47.300;536843811760776840;-179;957;-196
2021-11-13T11:21:47.320;536843811780477689;-178;960;-199
2021-11-13T11:21:47.339;536843811800178538;-179;961;-196
2021-11-13T11:21:47.359;536843811819879387;-180;962;-197
2021-11-13T11:21:47.379;536843811839580236;-182;961;-192
2021-11-13T11:21:47.399;536843811859281085;-164;955;-181
2021-11-13T11:21:47.418;536843811878981934;-144;967;-167
2021-11-13T11:21:47.438;536843811898682783;-142;970;-172
2021-11-13T11:21:47.458;536843811918383632;-148;966;-172
2021-11-13T11:21:47.477;536843811938084481;-146;964;-179
2021-11-13T11:21:47.497;536843811957785330;-177;962;-188
2021-11-13T11:21:47.517;536843811977486179;-187;959;-191
2021-11-13T11:21:47.536;536843811997187028;-184;951;-201
2021-11-13T11:21:47.556;536843812016887877;-182;958;-199
2021-11-13T11:21:47.576;536843812036588726;-178;960;-204
2021-11-13T11:21:47.596;536843812056289575;-173;958;-207
2021-11-13T11:21:47.615;536843812075990424;-173;961;-208
2021-11-13T11:21:47.635;536843812095686928;-170;958;-206
2021-11-13T11:21:47.655;536843812115383408;-164;964;-212
2021-11-13T11:21:47.674;536843812135079888;-158;960;-207
2021-11-13T11:21:47.694;536843812154776368;-167;956;-208
2021-11-13T11:21:47.714;536843812174472848;-165;963;-203
2021-11-13T11:21:47.733;536843812194169328;-158;962;-196
2021-11-13T11:21:47.753;536843812213865808;-165;963;-193
2021-11-13T11:21:47.773;536843812233562288;-175;961;-190
2021-11-13T11:21:47.793;536843812253258768;-181;958;-196
2021-11-13T11:21:47.812;536843812272955248;-185;959;-200
2021-11-13T11:21:47.832;536843812292651728;-180;960;-196
2021-11-13T11:21:47.852;536843812312348208;-173;961;-195
2021-11-13T11:21:47.871;536843812332044688;-182;954;-198
2021-11-13T11:21:47.891;536843812351741168;-179;959;-202
2021-11-13T11:21:47.911;536843812371437648;-179;962;-201
2021-11-13T11:21:47.930;536843812391134128;-186;952;-196
2021-11-13T11:21:47.950;536843812410830608;-174;963;-198
2021-11-13T11:21:47.970;536843812430527088;-172;965;-195
2021-11-13T11:21:47.989;536843812450223568;-162;955;-193
2021-11-13T11:21:48.009;536843812469920048;-152;966;-189
2021-11-13T11:21:48.029;536843812489616528;-138;964;-186
2021-11-13T11:21:48.049;536843812509313008;-132;968;-189
2021-11-13T11:21:48.068;536843812529009488;-149;967;-196
2021-11-13T11:21:48.088;536843812548705968;-153;959;-188
2021-11-13T11:21:48.108;536843812568402448;-151;965;-192
2021-11-13T11:21:48.127;536843812588098928;-165;968;-191
2021-11-13T11:21:48.147;536843812607795408;-177;961;-182
2021-11-13T11:21:48.167;536843812627491888;-185;961;-184
2021-11-13T11:21:48.186;536843812647188368;-189;955;-193
2021-11-13T11:21:48.206;536843812666884848;-181;962;-193
2021-11-13T11:21:48.226;536843812686581328;-183;960;-185
2021-11-13T11:21:48.246;536843812706277808;-190;955;-184
2021-11-13T11:21:48.265;536843812725974288;-190;958;-191
2021-11-13T11:21:48.285;536843812745670768;-191;957;-184
2021-11-13T11:21:48.305;536843812765367248;-191;956;-179
2021-11-13T11:21:48.324;536843812785063728;-197;961;-178
2021-11-13T11:21:48.344;536843812804770411;-197;952;-176
2021-11-13T11:21:48.364;536843812824477086;-188;959;-182
2021-11-13T11:21:48.383;536843812844183761;-186;963;-180
2021-11-13T11:21:48.403;536843812863890436;-184;958;-178
2021-11-13T11:21:48.423;536843812883597111;-174;962;-177
2021-11-13T11:21:48.443;536843812903303786;-170;962;-180
2021-11-13T11:21:48.462;536843812923010461;-167;961;-175
2021-11-13T11:21:48.482;536843812942717136;-168;965;-177
2021-11-13T11:21:48.502;536843812962423811;-178;965;-184
2021-11-13T11:21:48.521;536843812982130486;-182;958;-185
2021-11-13T11:21:48.541;536843813001837161;-177;956;-180
2021-11-13T11:21:48.561;536843813021543836;-183;962;-169
2021-11-13T11:21:48.581;536843813041250511;-196;960;-167
2021-11-13T11:21:48.600;536843813060957186;-192;963;-182
2021-11-13T11:21:48.620;536843813080663861;-186;959;-186
2021-11-13T11:21:48.640;536843813100370536;-190;957;-190
2021-11-13T11:21:48.659;536843813120077211;-191;953;-194
2021-11-13T11:21:48.679;536843813139783886;-190;954;-192
2021-11-13T11:21:48.699;536843813159490561;-179;960;-185
2021-11-13T11:21:48.718;536843813179197236;-180;958;-178
2021-11-13T11:21:48.738;536843813198903911;-176;966;-171
2021-11-13T11:21:48.758;536843813218610586;-183;963;-171
2021-11-13T11:21:48.778;536843813238317261;-183;961;-176
2021-11-13T11:21:48.797;536843813258023936;-185;961;-187
2021-11-13T11:21:48.817;536843813277730611;-177;958;-189
2021-11-13T11:21:48.837;536843813297437286;-179;956;-196
2021-11-13T11:21:48.856;536843813317143961;-174;958;-200
2021-11-13T11:21:48.876;536843813336850636;-167;959;-200
2021-11-13T11:21:48.896;536843813356557311;-169;960;-197
2021-11-13T11:21:48.916;536843813376263986;-183;957;-199
2021-11-13T11:21:48.935;536843813395970661;-192;954;-198
2021-11-13T11:21:48.955;536843813415677336;-184;955;-192
2021-11-13T11:21:48.975;536843813435384011;-187;964;-190
2021-11-13T11:21:48.994;536843813455090686;-189;959;-175
2021-11-13T11:21:49.014;536843813474797361;-197;956;-182
2021-11-13T11:21:49.034;536843813494504036;-187;957;-189
2021-11-13T11:21:49.053;536843813514204175;-175;966;-182
2021-11-13T11:21:49.073;536843813533904296;-164;961;-187
2021-11-13T11:21:49.093;536843813553604417;-160;963;-183
2021-11-13T11:21:49.113;536843813573304538;-160;965;-178
2021-11-13T11:21:49.132;536843813593004659;-163;964;-186
2021-11-13T11:21:49.152;536843813612704780;-169;963;-191
2021-11-13T11:21:49.172;536843813632404901;-164;961;-188
2021-11-13T11:21:49.191;536843813652105022;-164;958;-185
2021-11-13T11:21:49.211;536843813671805143;-157;964;-183
2021-11-13T11:21:49.231;536843813691505264;-166;967;-178
2021-11-13T11:21:49.250;536843813711205385;-186;959;-184
2021-11-13T11:21:49.270;536843813730905506;-195;958;-191
2021-11-13T11:21:49.290;536843813750605627;-195;956;-191
2021-11-13T11:21:49.310;536843813770305748;-198;951;-188
2021-11-13T11:21:49.329;536843813790005869;-196;961;-191
2021-11-13T11:21:49.349;536843813809705990;-191;951;-197
2021-11-13T11:21:49.369;536843813829406111;-186;954;-197
2021-11-13T11:21:49.388;536843813849106232;-179;955;-191
2021-11-13T11:21:49.408;536843813868806353;-173;960;-181
2021-11-13T11:21:49.428;536843813888506474;-175;964;-187
2021-11-13T11:21:49.447;536843813908206595;-177;958;-176
2021-11-13T11:21:49.467;536843813927906716;-181;962;-182
2021-11-13T11:21:49.487;536843813947606837;-188;959;-186
2021-11-13T11:21:49.507;536843813967306958;-190;953;-194
2021-11-13T11:21:49.526;536843813987007079;-189;956;-204
2021-11-13T11:21:49.546;536843814006707200;-185;958;-202
2021-11-13T11:21:49.566;536843814026407321;-182;954;-203
2021-11-13T11:21:49.585;536843814046107442;-186;954;-213
2021-11-13T11:21:49.605;536843814065807563;-191;951;-213
2021-11-13T11:21:49.625;536843814085507684;-188;956;-202
2021-11-13T11:21:49.644;536843814105207805;-187;951;-203
2021-11-13T11:21:49.664;536843814124907926;-194;951;-202
2021-11-13T11:21:49.684;536843814144608047;-191;958;-194
2021-11-13T11:21:49.704;536843814164308168;-192;959;-191
2021-11-13T11:21:49.723;536843814184008289;-190;954;-195
2021-11-13T11:21:49.743;536843814203708410;-198;954;-198
2021-11-13T11:21:49.763;536843814223415829;-197;952;-199
2021-11-13T11:21:49.782;536843814243123232;-193;951;-201
2021-11-13T11:21:49.802;536843814262830635;-189;955;-201
2021-11-13T11:21:49.822;536843814282538038;-191;953;-197
2021-11-13T11:21:49.842;536843814302245441;-190;952;-188
2021-11-13T11:21:49.861;536843814321952844;-189;961;-180
2021-11-13T11:21:49.881;536843814341660247;-198;957;-188
2021-11-13T11:21:49.901;536843814361367650;-202;953;-198
2021-11-13T11:21:49.920;536843814381075053;-200;950;-204
2021-11-13T11:21:49.940;536843814400782456;-189;956;-209
2021-11-13T11:21:49.960;536843814420489859;-186;949;-213
2021-11-13T11:21:49.979;536843814440197262;-154;952;-204
2021-11-13T11:21:49.999;536843814459904665;-153;961;-200
2021-11-13T11:21:50.019;536843814479612068;-171;961;-198
2021-11-13T11:21:50.039;536843814499319471;-190;959;-199
2021-11-13T11:21:50.058;536843814519026874;-204;952;-209
2021-11-13T11:21:50.078;536843814538734277;-191;949;-209
2021-11-13T11:21:50.098;536843814558441680;-170;961;-196
2021-11-13T11:21:50.117;536843814578149083;-158;962;-196
2021-11-13T11:21:50.137;536843814597856486;-167;958;-200
2021-11-13T11:21:50.157;536843814617563889;-172;952;-203
2021-11-13T11:21:50.177;536843814637271292;-194;950;-215
2021-11-13T11:21:50.196;536843814656978695;-189;952;-209
2021-11-13T11:21:50.216;536843814676686098;-156;964;-199
2021-11-13T11:21:50.236;536843814696393501;-146;965;-195
2021-11-13T11:21:50.255;536843814716100904;-169;960;-206
2021-11-13T11:21:50.275;536843814735808307;-169;957;-209
2021-11-13T11:21:50.295;536843814755515710;-170;954;-206
2021-11-13T11:21:50.314;536843814775223113;-167;958;-208
2021-11-13T11:21:50.334;536843814794930516;-175;961;-209
2021-11-13T11:21:50.354;536843814814637919;-191;951;-204
2021-11-13T11:21:50.374;536843814834345322;-188;956;-205
2021-11-13T11:21:50.393;536843814854052725;-188;956;-206
2021-11-13T11:21:50.413;536843814873760128;-190;958;-209
2021-11-13T11:21:50.433;536843814893467531;-192;948;-215
2021-11-13T11:21:50.452;536843814913174934;-191;952;-217
2021-11-13T11:21:50.472;536843814932875079;-178;956;-218
2021-11-13T11:21:50.492;536843814952575200;-165;952;-208
2021-11-13T11:21:50.512;536843814972275321;-175;958;-209
2021-11-13T11:21:50.531;536843814991975442;-183;959;-208
2021-11-13T11:21:50.551;536843815011675563;-170;954;-202
2021-11-13T11:21:50.571;536843815031375684;-147;965;-190
2021-11-13T11:21:50.590;536843815051075805;-145;966;-188
2021-11-13T11:21:50.610;536843815070775926;-154;967;-188
2021-11-13T11:21:50.630;536843815090476047;-160;962;-195
2021-11-13T11:21:50.649;536843815110176168;-154;959;-191
2021-11-13T11:21:50.669;536843815129876289;-166;958;-202
2021-11-13T11:21:50.689;536843815149576410;-169;961;-204
2021-11-13T11:21:50.709;536843815169276531;-183;953;-214
2021-11-13T11:21:50.728;536843815188976652;-182;953;-211
2021-11-13T11:21:50.748;536843815208676773;-188;955;-211
2021-11-13T11:21:50.768;536843815228376894;-189;952;-218
2021-11-13T11:21:50.787;536843815248077015;-185;952;-210
2021-11-13T11:21:50.807;536843815267777136;-183;958;-207
2021-11-13T11:21:50.827;536843815287477257;-184;957;-207
2021-11-13T11:21:50.846;536843815307177378;-182;953;-207
2021-11-13T11:21:50.866;536843815326877499;-176;958;-206
2021-11-13T11:21:50.886;536843815346577620;-172;958;-209
2021-11-13T11:21:50.906;536843815366277741;-170;957;-211
2021-11-13T11:21:50.925;536843815385977862;-175;957;-212
2021-11-13T11:21:50.945;536843815405677983;-174;955;-214
2021-11-13T11:21:50.965;536843815425378104;-176;956;-216
2021-11-13T11:21:50.984;536843815445078225;-172;956;-215
2021-11-13T11:21:51.004;536843815464778346;-178;956;-213
2021-11-13T11:21:51.024;536843815484478467;-172;957;-214
2021-11-13T11:21:51.043;536843815504178588;-156;958;-206
2021-11-13T11:21:51.063;536843815523878709;-156;963;-204
2021-11-13T11:21:51.083;536843815543578830;-165;960;-197
2021-11-13T11:21:51.103;536843815563278951;-174;959;-203
2021-11-13T11:21:51.122;536843815582979072;-168;962;-203
2021-11-13T11:21:51.142;536843815602679193;-173;958;-202
2021-11-13T11:21:51.162;536843815622379314;-166;959;-201
2021-11-13T11:21:51.181;536843815642075816;-179;954;-201
2021-11-13T11:21:51.201;536843815661772296;-184;957;-208
2021-11-13T11:21:51.221;536843815681468776;-180;959;-207
2021-11-13T11:21:51.240;536843815701165256;-173;957;-211
2021-11-13T11:21:51.260;536843815720861736;-176;959;-209
2021-11-13T11:21:51.280;536843815740558216;-176;958;-206
2021-11-13T11:21:51.300;536843815760254696;-177;954;-204
2021-11-13T11:21:51.319;536843815779951176;-179;957;-203
2021-11-13T11:21:51.339;536843815799647656;-184;960;-202
2021-11-13T11:21:51.359;536843815819344136;-183;951;-206
2021-11-13T11:21:51.378;536843815839040616;-182;955;-207
2021-11-13T11:21:51.398;536843815858737096;-180;958;-204
2021-11-13T11:21:51.418;536843815878433576;-178;957;-202
2021-11-13T11:21:51.437;536843815898130056;-176;959;-199
2021-11-13T11:21:51.457;536843815917826536;-176;956;-195
2021-11-13T11:21:51.477;536843815937523016;-178;958;-199
2021-11-13T11:21:51.496;536843815957219496;-183;957;-197
2021-11-13T11:21:51.516;536843815976915976;-187;957;-199
2021-11-13T11:21:51.536;536843815996612456;-178;964;-200
2021-11-13T11:21:51.556;536843816016308936;-176;957;-203
2021-11-13T11:21:51.575;536843816036005416;-185;954;-208
2021-11-13T11:21:51.595;536843816055701896;-187;953;-214
2021-11-13T11:21:51.615;536843816075398376;-193;957;-211
2021-11-13T11:21:51.634;536843816095094856;-199;950;-212
2021-11-13T11:21:51.654;536843816114791336;-193;953;-204
2021-11-13T11:21:51.674;536843816134487816;-183;957;-200
2021-11-13T11:21:51.693;536843816154184296;-173;958;-208
2021-11-13T11:21:51.713;536843816173880776;-165;960;-211
2021-11-13T11:21:51.733;536843816193577256;-159;959;-211
2021-11-13T11:21:51.753;536843816213273736;-161;958;-219
2021-11-13T11:21:51.772;536843816232970216;-167;959;-215
2021-11-13T11:21:51.792;536843816252666696;-173;953;-211
2021-11-13T11:21:51.812;536843816272363176;-171;961;-208
2021-11-13T11:21:51.831;536843816292059656;-180;951;-209
2021-11-13T11:21:51.851;536843816311756136;-189;958;-210
2021-11-13T11:21:51.871;536843816331452616;-193;953;-200
2021-11-13T11:21:51.890;536843816351149124;-196;953;-208
2021-11-13T11:21:51.910;536843816370845604;-193;957;-211
2021-11-13T11:21:51.930;536843816390542084;-175;959;-212
2021-11-13T11:21:51.950;536843816410238564;-171;955;-205
2021-11-13T11:21:51.969;536843816429935044;-176;958;-202
2021-11-13T11:21:51.989;536843816449631524;-168;963;-193
2021-11-13T11:21:52.009;536843816469328004;-171;959;-195
2021-11-13T11:21:52.028;536843816489024484;-178;959;-204
2021-11-13T11:21:52.048;536843816508720964;-165;957;-196
2021-11-13T11:21:52.068;536843816528417444;-164;957;-203
2021-11-13T11:21:52.087;536843816548113924;-171;958;-202
2021-11-13T11:21:52.107;536843816567810404;-172;957;-184
2021-11-13T11:21:52.127;536843816587506884;-176;960;-182
2021-11-13T11:21:52.146;536843816607203364;-184;963;-178
2021-11-13T11:21:52.166;536843816626899844;-184;958;-180
2021-11-13T11:21:52.186;536843816646596324;-183;954;-190
2021-11-13T11:21:52.206;536843816666292804;-186;954;-197
2021-11-13T11:21:52.225;536843816685989284;-182;961;-194
2021-11-13T11:21:52.245;536843816705685764;-179;961;-195
2021-11-13T11:21:52.265;536843816725382244;-168;960;-193
2021-11-13T11:21:52.284;536843816745078724;-168;957;-197
2021-11-13T11:21:52.304;536843816764775204;-170;959;-199
2021-11-13T11:21:52.324;536843816784471684;-169;960;-202
2021-11-13T11:21:52.343;536843816804168164;-169;963;-201
2021-11-13T11:21:52.363;536843816823864644;-161;960;-197
2021-11-13T11:21:52.383;536843816843561124;-169;963;-202
2021-11-13T11:21:52.403;536843816863257604;-176;958;-210
2021-11-13T11:21:52.422;536843816882954084;-181;957;-216
2021-11-13T11:21:52.442;536843816902650564;-180;954;-215
2021-11-13T11:21:52.462;536843816922347044;-182;956;-213
2021-11-13T11:21:52.481;536843816942043524;-185;954;-207
2021-11-13T11:21:52.501;536843816961740004;-182;955;-212
2021-11-13T11:21:52.521;536843816981436484;-189;956;-214
2021-11-13T11:21:52.540;536843817001132964;-187;951;-212
2021-11-13T11:21:52.560;536843817020829444;-182;954;-210
2021-11-13T11:21:52.580;536843817040525924;-186;955;-208
2021-11-13T11:21:52.599;536843817060218789;-187;952;-207
2021-11-13T11:21:52.619;536843817079911628;-180;955;-200
2021-11-13T11:21:52.639;536843817099604467;-174;961;-205
2021-11-13T11:21:52.659;536843817119297306;-177;956;-201
2021-11-13T11:21:52.678;536843817138990145;-178;957;-198
2021-11-13T11:21:52.698;536843817158682984;-173;962;-201
2021-11-13T11:21:52.718;536843817178375823;-159;958;-194
2021-11-13T11:21:52.737;536843817198068662;-163;959;-192
2021-11-13T11:21:52.757;536843817217761501;-158;962;-189
2021-11-13T11:21:52.777;536843817237454340;-173;961;-189
2021-11-13T11:21:52.796;536843817257147179;-178;965;-185
2021-11-13T11:21:52.816;536843817276840018;-192;956;-196
2021-11-13T11:21:52.836;536843817296532857;-194;951;-213
2021-11-13T11:21:52.855;536843817316225696;-179;953;-207
2021-11-13T11:21:52.875;536843817335918535;-191;956;-210
2021-11-13T11:21:52.895;536843817355611374;-199;949;-216
2021-11-13T11:21:52.915;536843817375304213;-195;950;-214
2021-11-13T11:21:52.934;536843817394997052;-193;951;-213
2021-11-13T11:21:52.954;536843817414689891;-197;952;-212
2021-11-13T11:21:52.974;536843817434382730;-194;950;-217
2021-11-13T11:21:52.993;536843817454075569;-167;958;-217
2021-11-13T11:21:53.013;536843817473768408;-156;958;-219
2021-11-13T11:21:53.033;536843817493461247;-173;959;-206
2021-11-13T11:21:53.052;536843817513154086;-185;958;-201
2021-11-13T11:21:53.072;536843817532846925;-180;958;-204
2021-11-13T11:21:53.092;536843817552539764;-177;961;-211
2021-11-13T11:21:53.112;536843817572232603;-179;954;-210
2021-11-13T11:21:53.131;536843817591925442;-155;959;-212
2021-11-13T11:21:53.151;536843817611618281;-156;957;-201
2021-11-13T11:21:53.171;536843817631311120;-164;965;-189
2021-11-13T11:21:53.190;536843817651003959;-174;954;-194
2021-11-13T11:21:53.210;536843817670696798;-180;960;-212
2021-11-13T11:21:53.230;536843817690389637;-172;957;-212
2021-11-13T11:21:53.249;536843817710082476;-164;958;-216
2021-11-13T11:21:53.269;536843817729775315;-175;957;-219
2021-11-13T11:21:53.289;536843817749468154;-169;951;-209
2021-11-13T11:21:53.308;536843817769158823;-164;954;-200
2021-11-13T11:21:53.328;536843817788849478;-173;958;-199
2021-11-13T11:21:53.348;536843817808540133;-186;962;-209
2021-11-13T11:21:53.368;536843817828230788;-184;956;-202
2021-11-13T11:21:53.387;536843817847921443;-178;958;-197
2021-11-13T11:21:53.407;536843817867612098;-175;963;-188
2021-11-13T11:21:53.427;536843817887302753;-165;964;-197
2021-11-13T11:21:53.446;536843817906993408;-148;962;-200
2021-11-13T11:21:53.466;536843817926684063;-158;960;-211
2021-11-13T11:21:53.486;536843817946374718;-172;959;-221
2021-11-13T11:21:53.505;536843817966065373;-157;958;-220
2021-11-13T11:21:53.525;536843817985756028;-158;953;-219
2021-11-13T11:21:53.545;536843818005446683;-146;963;-210
2021-11-13T11:21:53.564;536843818025137338;-152;963;-204
2021-11-13T11:21:53.584;536843818044827993;-157;962;-195
2021-11-13T11:21:53.604;536843818064518648;-156;962;-195
2021-11-13T11:21:53.623;536843818084209303;-150;964;-194
2021-11-13T11:21:53.643;536843818103899958;-150;968;-199
2021-11-13T11:21:53.663;536843818123590613;-145;960;-201
2021-11-13T11:21:53.683;536843818143281268;-146;962;-203
2021-11-13T11:21:53.702;536843818162971923;-162;960;-208
2021-11-13T11:21:53.722;536843818182662578;-183;954;-210
2021-11-13T11:21:53.742;536843818202353233;-187;957;-213
2021-11-13T11:21:53.761;536843818222043888;-196;950;-216
2021-11-13T11:21:53.781;536843818241734543;-193;951;-215
2021-11-13T11:21:53.801;536843818261425198;-195;953;-213
2021-11-13T11:21:53.820;536843818281115853;-199;952;-215
2021-11-13T11:21:53.840;536843818300806508;-198;948;-207
2021-11-13T11:21:53.860;536843818320497163;-193;955;-207
2021-11-13T11:21:53.879;536843818340187818;-180;959;-208
2021-11-13T11:21:53.899;536843818359878473;-174;954;-214
2021-11-13T11:21:53.919;536843818379569128;-158;963;-218
2021-11-13T11:21:53.939;536843818399259783;-141;960;-211
2021-11-13T11:21:53.958;536843818418950438;-140;959;-211
2021-11-13T11:21:53.978;536843818438641093;-132;962;-204
2021-11-13T11:21:53.998;536843818458331748;-139;962;-202
2021-11-13T11:21:54.017;536843818478034060;-145;966;-199
2021-11-13T11:21:54.037;536843818497736366;-163;962;-206
2021-11-13T11:21:54.057;536843818517438672;-168;958;-206
2021-11-13T11:21:54.076;536843818537140978;-170;955;-203
2021-11-13T11:21:54.096;536843818556843284;-172;956;-202
2021-11-13T11:21:54.116;536843818576545590;-180;961;-208
2021-11-13T11:21:54.136;536843818596247896;-185;956;-212
2021-11-13T11:21:54.155;536843818615950202;-181;950;-212
2021-11-13T11:21:54.175;536843818635652508;-169;958;-218
2021-11-13T11:21:54.195;536843818655354814;-167;961;-209
2021-11-13T11:21:54.214;536843818675057120;-178;956;-209
2021-11-13T11:21:54.234;536843818694759426;-178;954;-214
2021-11-13T11:21:54.254;536843818714461732;-176;957;-210
2021-11-13T11:21:54.273;536843818734164038;-180;953;-215
2021-11-13T11:21:54.293;536843818753866344;-188;955;-217
2021-11-13T11:21:54.313;536843818773568650;-189;949;-212
2021-11-13T11:21:54.333;536843818793270956;-188;960;-215
2021-11-13T11:21:54.352;536843818812973262;-183;954;-208
2021-11-13T11:21:54.372;536843818832675568;-189;951;-211
2021-11-13T11:21:54.392;536843818852377874;-192;953;-210
2021-11-13T11:21:54.411;536843818872080180;-183;955;-210
2021-11-13T11:21:54.431;536843818891782486;-185;957;-211
2021-11-13T11:21:54.451;536843818911484792;-181;952;-205
2021-11-13T11:21:54.470;536843818931187098;-183;956;-203
2021-11-13T11:21:54.490;536843818950889404;-184;954;-204
2021-11-13T11:21:54.510;536843818970591710;-178;958;-209
2021-11-13T11:21:54.530;536843818990294016;-180;956;-207
2021-11-13T11:21:54.549;536843819009996322;-178;955;-210
2021-11-13T11:21:54.569;536843819029698628;-182;954;-207
2021-11-13T11:21:54.589;536843819049400934;-185;956;-205
2021-11-13T11:21:54.608;536843819069103240;-180;958;-207
2021-11-13T11:21:54.628;536843819088805546;-172;959;-199
2021-11-13T11:21:54.648;536843819108507852;-162;965;-199
2021-11-13T11:21:54.667;536843819128210158;-169;958;-194
2021-11-13T11:21:54.687;536843819147912464;-157;964;-197
2021-11-13T11:21:54.707;536843819167614770;-155;960;-197
2021-11-13T11:21:54.727;536843819187311272;-173;964;-202
2021-11-13T11:21:54.746;536843819207007752;-185;956;-201
2021-11-13T11:21:54.766;536843819226704232;-187;951;-202
2021-11-13T11:21:54.786;536843819246400712;-180;954;-193
2021-11-13T11:21:54.805;536843819266097192;-165;961;-182
2021-11-13T11:21:54.825;536843819285793672;-174;966;-194
2021-11-13T11:21:54.845;536843819305490152;-182;961;-199
2021-11-13T11:21:54.864;536843819325186632;-189;951;-199
2021-11-13T11:21:54.884;536843819344883112;-192;955;-203
2021-11-13T11:21:54.904;536843819364579592;-181;957;-196
2021-11-13T11:21:54.924;536843819384276072;-170;955;-190
2021-11-13T11:21:54.943;536843819403972552;-173;963;-187
2021-11-13T11:21:54.963;536843819423669032;-171;960;-186
2021-11-13T11:21:54.983;536843819443365512;-172;963;-191
2021-11-13T11:21:55.002;536843819463061992;-186;960;-189
2021-11-13T11:21:55.022;536843819482758472;-190;953;-191
2021-11-13T11:21:55.042;536843819502454952;-187;954;-202
2021-11-13T11:21:55.061;536843819522151432;-182;956;-201
2021-11-13T11:21:55.081;536843819541847912;-177;958;-202
2021-11-13T11:21:55.101;536843819561544392;-183;957;-202
2021-11-13T11:21:55.121;536843819581240872;-184;953;-200
2021-11-13T11:21:55.140;536843819600937352;-180;959;-194
2021-11-13T11:21:55.160;536843819620633832;-172;963;-188
2021-11-13T11:21:55.180;536843819640330312;-172;964;-198
2021-11-13T11:21:55.199;536843819660026792;-169;960;-204
2021-11-13T11:21:55.219;536843819679723272;-173;957;-207
2021-11-13T11:21:55.239;536843819699419752;-161;958;-199
2021-11-13T11:21:55.258;536843819719116232;-164;963;-196
2021-11-13T11:21:55.278;536843819738812712;-183;955;-199
2021-11-13T11:21:55.298;536843819758509192;-187;956;-193
2021-11-13T11:21:55.317;536843819778205672;-190;960;-191
2021-11-13T11:21:55.337;536843819797902152;-191;954;-206
2021-11-13T11:21:55.357;536843819817598632;-187;954;-221
2021-11-13T11:21:55.377;536843819837295112;-175;950;-223
2021-11-13T11:21:55.396;536843819856991592;-168;956;-222
2021-11-13T11:21:55.416;536843819876688072;-164;962;-221
2021-11-13T11:21:55.436;536843819896383112;-164;957;-215
2021-11-13T11:21:55.455;536843819916078136;-165;960;-212
2021-11-13T11:21:55.475;536843819935773160;-175;958;-214
2021-11-13T11:21:55.495;536843819955468184;-169;959;-213
2021-11-13T11:21:55.514;536843819975163208;-173;961;-202
2021-11-13T11:21:55.534;536843819994858232;-182;956;-195
2021-11-13T11:21:55.554;536843820014553256;-183;952;-203
2021-11-13T11:21:55.574;536843820034248280;-188;955;-215
2021-11-13T11:21:55.593;536843820053943304;-182;956;-213
2021-11-13T11:21:55.613;536843820073638328;-184;951;-214
2021-11-13T11:21:55.633;536843820093333352;-192;947;-218
2021-11-13T11:21:55.652;536843820113028376;-196;951;-221
2021-11-13T11:21:55.672;536843820132723400;-187;955;-214
2021-11-13T11:21:55.692;536843820152418424;-181;955;-211
2021-11-13T11:21:55.711;536843820172113448;-181;957;-206
2021-11-13T11:21:55.731;536843820191808472;-177;954;-202
2021-11-13T11:21:55.751;536843820211503496;-176;960;-201
2021-11-13T11:21:55.770;536843820231198520;-179;960;-192
2021-11-13T11:21:55.790;536843820250893544;-179;956;-199
2021-11-13T11:21:55.810;536843820270588568;-194;954;-205
2021-11-13T11:21:55.830;536843820290283592;-194;954;-204
2021-11-13T11:21:55.849;536843820309978616;-196;949;-217
2021-11-13T11:21:55.869;536843820329673640;-191;950;-222
2021-11-13T11:21:55.889;536843820349368664;-195;949;-223
2021-11-13T11:21:55.908;536843820369063688;-189;949;-224
2021-11-13T11:21:55.928;536843820388758712;-186;949;-224
2021-11-13T11:21:55.948;536843820408453736;-187;952;-216
2021-11-13T11:21:55.967;536843820428148760;-185;958;-211
2021-11-13T11:21:55.987;536843820447843784;-181;957;-211
2021-11-13T11:21:56.007;536843820467538808;-162;955;-201
2021-11-13T11:21:56.027;536843820487233832;-167;961;-203
2021-11-13T11:21:56.046;536843820506928856;-171;962;-200
2021-11-13T11:21:56.066;536843820526623880;-184;957;-200
2021-11-13T11:21:56.086;536843820546318904;-182;964;-202
2021-11-13T11:21:56.105;536843820566013928;-178;956;-210
2021-11-13T11:21:56.125;536843820585708952;-174;954;-217
2021-11-13T11:21:56.145;536843820605406889;-180;947;-216
2021-11-13T11:21:56.164;536843820625104826;-174;954;-213
2021-11-13T11:21:56.184;536843820644802763;-190;955;-207
2021-11-13T11:21:56.204;536843820664500700;-202;952;-207
2021-11-13T11:21:56.223;536843820684198637;-205;955;-221
2021-11-13T11:21:56.243;536843820703896574;-184;949;-219
2021-11-13T11:21:56.263;536843820723594511;-155;952;-213
2021-11-13T11:21:56.283;536843820743292448;-146;961;-197
2021-11-13T11:21:56.302;536843820762990385;-156;961;-192
2021-11-13T11:21:56.322;536843820782688322;-166;962;-198
2021-11-13T11:21:56.342;536843820802386259;-168;961;-203
2021-11-13T11:21:56.361;536843820822084196;-181;955;-203
2021-11-13T11:21:56.381;536843820841782133;-187;954;-212
2021-11-13T11:21:56.401;536843820861480070;-178;957;-209
2021-11-13T11:21:56.420;536843820881178007;-179;953;-218
2021-11-13T11:21:56.440;536843820900875944;-167;954;-217
2021-11-13T11:21:56.460;536843820920573881;-178;952;-215
2021-11-13T11:21:56.480;536843820940271818;-190;956;-226
2021-11-13T11:21:56.499;536843820959969755;-183;954;-222
2021-11-13T11:21:56.519;536843820979667692;-163;955;-216
2021-11-13T11:21:56.539;536843820999365629;-150;963;-209
2021-11-13T11:21:56.558;536843821019063566;-144;961;-204
2021-11-13T11:21:56.578;536843821038761503;-155;962;-205
2021-11-13T11:21:56.598;536843821058459440;-169;957;-208
2021-11-13T11:21:56.617;536843821078157377;-173;959;-209
2021-11-13T11:21:56.637;536843821097855314;-189;953;-220
2021-11-13T11:21:56.657;536843821117553251;-197;947;-217
2021-11-13T11:21:56.677;536843821137251188;-195;954;-220
2021-11-13T11:21:56.696;536843821156949125;-182;954;-216
2021-11-13T11:21:56.716;536843821176647062;-186;951;-211
2021-11-13T11:21:56.736;536843821196344999;-188;953;-208
2021-11-13T11:21:56.755;536843821216042936;-190;954;-212
2021-11-13T11:21:56.775;536843821235740873;-179;962;-207
2021-11-13T11:21:56.795;536843821255438810;-162;962;-199
2021-11-13T11:21:56.814;536843821275136747;-159;961;-197
2021-11-13T11:21:56.834;536843821294834684;-161;960;-196
2021-11-13T11:21:56.854;536843821314527553;-153;965;-198
2021-11-13T11:21:56.873;536843821334220392;-163;959;-206
2021-11-13T11:21:56.893;536843821353913231;-167;959;-209
2021-11-13T11:21:56.913;536843821373606070;-173;958;-210
2021-11-13T11:21:56.933;536843821393298909;-175;954;-215
2021-11-13T11:21:56.952;536843821412991748;-162;957;-206
2021-11-13T11:21:56.972;536843821432684587;-146;958;-208
2021-11-13T11:21:56.992;536843821452377426;-156;962;-207
2021-11-13T11:21:57.011;536843821472070265;-152;961;-204
2021-11-13T11:21:57.031;536843821491763104;-158;961;-209
2021-11-13T11:21:57.051;536843821511455943;-152;960;-212
2021-11-13T11:21:57.070;536843821531148782;-148;965;-208
2021-11-13T11:21:57.090;536843821550841621;-167;957;-209
2021-11-13T11:21:57.110;536843821570534460;-166;962;-219
2021-11-13T11:21:57.129;536843821590227299;-172;955;-214
2021-11-13T11:21:57.149;536843821609920138;-182;952;-210
2021-11-13T11:21:57.169;536843821629612977;-198;950;-218
2021-11-13T11:21:57.189;536843821649305816;-185;950;-219
2021-11-13T11:21:57.208;536843821668998655;-165;962;-214
2021-11-13T11:21:57.228;536843821688691494;-162;959;-200
2021-11-13T11:21:57.248;536843821708384333;-163;959;-198
2021-11-13T11:21:57.267;536843821728077172;-163;964;-204
2021-11-13T11:21:57.287;536843821747770011;-170;959;-198
2021-11-13T11:21:57.307;536843821767462850;-180;957;-197
2021-11-13T11:21:57.326;536843821787155689;-187;954;-201
2021-11-13T11:21:57.346;536843821806848528;-182;958;-199
2021-11-13T11:21:57.366;536843821826541367;-178;957;-197
2021-11-13T11:21:57.386;536843821846234206;-177;958;-195
2021-11-13T11:21:57.405;536843821865927045;-177;959;-198
2021-11-13T11:21:57.425;536843821885619884;-168;961;-203
2021-11-13T11:21:57.445;536843821905312723;-167;959;-207
2021-11-13T11:21:57.464;536843821925005562;-164;957;-211
2021-11-13T11:21:57.484;536843821944698401;-175;957;-211
2021-11-13T11:21:57.504;536843821964391240;-160;959;-202
2021-11-13T11:21:57.523;536843821984084079;-172;962;-202
2021-11-13T11:21:57.543;536843822003776918;-169;961;-200
2021-11-13T11:21:57.563;536843822023484337;-182;957;-208
2021-11-13T11:21:57.582;536843822043191740;-181;954;-210
2021-11-13T11:21:57.602;536843822062899143;-178;952;-202
2021-11-13T11:21:57.622;536843822082606546;-171;957;-206
2021-11-13T11:21:57.642;536843822102313949;-177;962;-211
2021-11-13T11:21:57.661;536843822122021352;-171;959;-199
2021-11-13T11:21:57.681;536843822141728755;-185;948;-206
2021-11-13T11:21:57.701;536843822161436158;-186;957;-215
2021-11-13T11:21:57.720;536843822181143561;-176;960;-209
2021-11-13T11:21:57.740;536843822200850964;-171;954;-199
2021-11-13T11:21:57.760;536843822220558367;-168;957;-199
2021-11-13T11:21:57.780;536843822240265770;-157;960;-195
2021-11-13T11:21:57.799;536843822259973173;-170;959;-194
2021-11-13T11:21:57.819;536843822279680576;-188;962;-201
2021-11-13T11:21:57.839;536843822299387979;-188;958;-197
2021-11-13T11:21:57.858;536843822319095382;-172;958;-200
2021-11-13T11:21:57.878;536843822338802785;-148;963;-197
2021-11-13T11:21:57.898;536843822358510188;-155;962;-199
2021-11-13T11:21:57.917;536843822378217591;-173;956;-202
2021-11-13T11:21:57.937;536843822397924994;-171;959;-206
2021-11-13T11:21:57.957;536843822417632397;-171;959;-211
2021-11-13T11:21:57.977;536843822437339800;-162;962;-208
2021-11-13T11:21:57.996;536843822457047203;-164;958;-212
2021-11-13T11:21:58.016;536843822476754606;-169;961;-214
2021-11-13T11:21:58.036;536843822496462009;-179;955;-207
2021-11-13T11:21:58.055;536843822516169412;-183;954;-205
2021-11-13T11:21:58.075;536843822535876815;-187;956;-196
2021-11-13T11:21:58.095;536843822555584218;-180;956;-195
2021-11-13T11:21:58.115;536843822575291621;-185;960;-202
2021-11-13T11:21:58.134;536843822594999024;-188;955;-205
2021-11-13T11:21:58.154;536843822614706427;-178;958;-207
2021-11-13T11:21:58.174;536843822634413830;-166;964;-205
2021-11-13T11:21:58.193;536843822654121233;-152;959;-195
2021-11-13T11:21:58.213;536843822673828636;-153;963;-201
2021-11-13T11:21:58.233;536843822693536039;-156;963;-200
2021-11-13T11:21:58.253;536843822713243442;-158;961;-194
2021-11-13T11:21:58.272;536843822732947218;-150;964;-189
2021-11-13T11:21:58.292;536843822752650980;-161;963;-196
2021-11-13T11:21:58.312;536843822772354742;-175;957;-195
2021-11-13T11:21:58.331;536843822792058504;-172;964;-196
2021-11-13T11:21:58.351;536843822811762266;-179;958;-200
2021-11-13T11:21:58.371;536843822831466028;-183;956;-207
2021-11-13T11:21:58.390;536843822851169790;-178;957;-211
2021-11-13T11:21:58.410;536843822870873552;-180;955;-216
2021-11-13T11:21:58.430;536843822890577314;-176;956;-216
2021-11-13T11:21:58.450;536843822910281076;-174;955;-215
2021-11-13T11:21:58.469;536843822929984838;-165;961;-210
2021-11-13T11:21:58.489;536843822949688600;-151;962;-204
2021-11-13T11:21:58.509;536843822969392362;-159;958;-208
2021-11-13T11:21:58.528;536843822989096124;-165;959;-203
2021-11-13T11:21:58.548;536843823008799886;-163;960;-205
2021-11-13T11:21:58.568;536843823028503648;-176;959;-197
2021-11-13T11:21:58.587;536843823048207410;-180;958;-195
2021-11-13T11:21:58.607;536843823067911172;-185;957;-191
2021-11-13T11:21:58.627;536843823087614934;-187;959;-202
2021-11-13T11:21:58.647;536843823107318696;-180;958;-207
2021-11-13T11:21:58.666;536843823127022458;-172;955;-209
2021-11-13T11:21:58.686;536843823146726220;-174;958;-213
2021-11-13T11:21:58.706;536843823166429982;-182;953;-210
2021-11-13T11:21:58.725;536843823186133744;-183;954;-208
2021-11-13T11:21:58.745;536843823205837506;-181;958;-212
2021-11-13T11:21:58.765;536843823225541268;-179;955;-213
2021-11-13T11:21:58.785;536843823245245030;-185;953;-215
2021-11-13T11:21:58.804;536843823264948792;-178;954;-210
2021-11-13T11:21:58.824;536843823284652554;-171;960;-206
2021-11-13T11:21:58.844;536843823304356316;-175;957;-204
2021-11-13T11:21:58.863;536843823324060078;-173;958;-200
2021-11-13T11:21:58.883;536843823343763840;-184;955;-207
2021-11-13T11:21:58.903;536843823363467602;-183;955;-219
2021-11-13T11:21:58.922;536843823383171364;-174;952;-215
2021-11-13T11:21:58.942;536843823402875126;-169;958;-215
2021-11-13T11:21:58.962;536843823422578888;-167;959;-211
2021-11-13T11:21:58.982;536843823442286307;-175;953;-215
2021-11-13T11:21:59.001;536843823461993710;-179;957;-216
2021-11-13T11:21:59.021;536843823481701113;-178;952;-213
2021-11-13T11:21:59.041;536843823501408516;-180;950;-207
2021-11-13T11:21:59.060;536843823521115919;-179;962;-204
2021-11-13T11:21:59.080;536843823540823322;-187;961;-204
2021-11-13T11:21:59.100;536843823560530725;-187;951;-205
2021-11-13T11:21:59.120;536843823580238128;-176;953;-198
2021-11-13T11:21:59.139;536843823599945531;-187;956;-199
2021-11-13T11:21:59.159;536843823619652934;-181;962;-202
2021-11-13T11:21:59.179;536843823639360337;-175;961;-208
2021-11-13T11:21:59.198;536843823659067740;-154;961;-208
2021-11-13T11:21:59.218;536843823678775143;-172;951;-212
2021-11-13T11:21:59.238;536843823698482546;-183;959;-210
2021-11-13T11:21:59.257;536843823718189949;-162;965;-206
2021-11-13T11:21:59.277;536843823737897352;-144;960;-203
2021-11-13T11:21:59.297;536843823757604755;-153;964;-201
2021-11-13T11:21:59.317;536843823777312158;-167;962;-209
2021-11-13T11:21:59.336;536843823797019561;-165;961;-212
2021-11-13T11:21:59.356;536843823816726964;-164;955;-207
2021-11-13T11:21:59.376;536843823836434367;-168;957;-207
2021-11-13T11:21:59.395;536843823856141770;-171;956;-207
2021-11-13T11:21:59.415;536843823875849173;-172;961;-212
2021-11-13T11:21:59.435;536843823895556576;-183;956;-215
2021-11-13T11:21:59.455;536843823915263979;-189;955;-218
2021-11-13T11:21:59.474;536843823934971382;-190;952;-220
2021-11-13T11:21:59.494;536843823954678785;-173;951;-214
2021-11-13T11:21:59.514;536843823974386188;-183;958;-213
2021-11-13T11:21:59.533;536843823994093591;-182;953;-210
2021-11-13T11:21:59.553;536843824013800994;-178;957;-208
2021-11-13T11:21:59.573;536843824033508397;-167;960;-207
2021-11-13T11:21:59.592;536843824053215800;-170;958;-203
2021-11-13T11:21:59.612;536843824072923203;-167;961;-201
2021-11-13T11:21:59.632;536843824092630606;-169;960;-202
2021-11-13T11:21:59.652;536843824112338009;-160;960;-200
2021-11-13T11:21:59.671;536843824132045412;-176;959;-205
2021-11-13T11:21:59.691;536843824151749188;-174;951;-200
2021-11-13T11:21:59.711;536843824171452950;-169;961;-208
2021-11-13T11:21:59.730;536843824191156712;-175;959;-214
2021-11-13T11:21:59.750;536843824210860474;-176;952;-211
2021-11-13T11:21:59.770;536843824230564236;-182;954;-218
2021-11-13T11:21:59.790;536843824250267998;-176;954;-222
2021-11-13T11:21:59.809;536843824269971760;-178;955;-220
2021-11-13T11:21:59.829;536843824289675522;-186;952;-223
2021-11-13T11:21:59.849;536843824309379284;-179;949;-220
2021-11-13T11:21:59.868;536843824329083046;-176;957;-217
2021-11-13T11:21:59.888;536843824348786808;-183;957;-220
2021-11-13T11:21:59.908;536843824368490570;-191;952;-218
2021-11-13T11:21:59.927;536843824388194332;-191;957;-213
2021-11-13T11:21:59.947;536843824407898094;-188;951;-209
2021-11-13T11:21:59.967;536843824427601856;-178;956;-211
2021-11-13T11:21:59.987;536843824447305618;-157;958;-207
2021-11-13T11:22:00.006;536843824467009380;-160;959;-202
2021-11-13T11:22:00.026;536843824486713142;-152;970;-194
2021-11-13T11:22:00.046;536843824506416904;-145;961;-196
2021-11-13T11:22:00.065;536843824526120666;-141;963;-191
2021-11-13T11:22:00.085;536843824545824428;-149;959;-194
2021-11-13T11:22:00.105;536843824565528190;-154;962;-205
2021-11-13T11:22:00.125;536843824585231952;-180;948;-209
2021-11-13T11:22:00.144;536843824604935714;-180;960;-207
2021-11-13T11:22:00.164;536843824624639476;-188;954;-211
2021-11-13T11:22:00.184;536843824644343238;-189;954;-206
2021-11-13T11:22:00.203;536843824664047000;-195;952;-211
2021-11-13T11:22:00.223;536843824683750762;-204;951;-215
2021-11-13T11:22:00.243;536843824703454524;-194;951;-210
2021-11-13T11:22:00.262;536843824723158286;-194;953;-209
2021-11-13T11:22:00.282;536843824742862048;-192;951;-213
2021-11-13T11:22:00.302;536843824762565810;-188;952;-214
2021-11-13T11:22:00.322;536843824782269572;-188;951;-212
2021-11-13T11:22:00.341;536843824801973334;-195;947;-211
2021-11-13T11:22:00.361;536843824821677096;-186;956;-212
2021-11-13T11:22:00.381;536843824841380858;-186;951;-205
2021-11-13T11:22:00.400;536843824861086807;-184;953;-206
2021-11-13T11:22:00.420;536843824880792754;-182;956;-209
2021-11-13T11:22:00.440;536843824900498701;-180;953;-216
2021-11-13T11:22:00.459;536843824920204648;-175;955;-207
2021-11-13T11:22:00.479;536843824939910595;-181;956;-205
2021-11-13T11:22:00.499;536843824959616542;-187;956;-210
2021-11-13T11:22:00.519;536843824979322489;-185;955;-211
2021-11-13T11:22:00.538;536843824999028436;-179;952;-201
2021-11-13T11:22:00.558;536843825018734383;-181;959;-209
2021-11-13T11:22:00.578;536843825038440330;-175;958;-206
2021-11-13T11:22:00.597;536843825058146277;-180;956;-200
2021-11-13T11:22:00.617;536843825077852224;-190;956;-212
2021-11-13T11:22:00.637;536843825097558171;-190;948;-209
2021-11-13T11:22:00.657;536843825117264118;-181;952;-208
2021-11-13T11:22:00.676;536843825136970065;-187;950;-205
2021-11-13T11:22:00.696;536843825156676012;-193;954;-209
2021-11-13T11:22:00.716;536843825176381959;-193;957;-206
2021-11-13T11:22:00.735;536843825196087906;-185;953;-208
2021-11-13T11:22:00.755;536843825215793853;-163;962;-198
2021-11-13T11:22:00.775;536843825235499800;-166;954;-198
2021-11-13T11:22:00.794;536843825255205747;-173;959;-202
2021-11-13T11:22:00.814;536843825274911694;-175;958;-209
2021-11-13T11:22:00.834;536843825294617641;-164;957;-212
2021-11-13T11:22:00.854;536843825314323588;-160;958;-209
2021-11-13T11:22:00.873;536843825334029535;-177;956;-213
2021-11-13T11:22:00.893;536843825353735482;-178;958;-211
2021-11-13T11:22:00.913;536843825373441429;-170;960;-209
2021-11-13T11:22:00.932;536843825393147376;-181;957;-213
2021-11-13T11:22:00.952;536843825412853323;-184;953;-210
2021-11-13T11:22:00.972;536843825432559270;-183;954;-210
2021-11-13T11:22:00.992;536843825452265217;-186;959;-211
2021-11-13T11:22:01.011;536843825471971164;-185;954;-212
2021-11-13T11:22:01.031;536843825491677111;-169;953;-204
2021-11-13T11:22:01.051;536843825511383058;-186;956;-211
2021-11-13T11:22:01.070;536843825531089005;-191;950;-209
2021-11-13T11:22:01.090;536843825550794952;-181;955;-201
2021-11-13T11:22:01.110;536843825570492895;-189;959;-199
2021-11-13T11:22:01.129;536843825590190832;-189;957;-200
2021-11-13T11:22:01.149;536843825609888769;-183;953;-206
2021-11-13T11:22:01.169;536843825629586706;-178;957;-208
2021-11-13T11:22:01.189;536843825649284643;-163;957;-203
2021-11-13T11:22:01.208;536843825668982580;-166;961;-204
2021-11-13T11:22:01.228;536843825688680517;-161;962;-204
2021-11-13T11:22:01.248;536843825708378454;-163;957;-206
2021-11-13T11:22:01.267;536843825728076391;-156;955;-197
2021-11-13T11:22:01.287;536843825747774328;-158;964;-199
2021-11-13T11:22:01.307;536843825767472265;-174;961;-195
2021-11-13T11:22:01.326;536843825787170202;-176;955;-189
2021-11-13T11:22:01.346;536843825806868139;-183;959;-185
2021-11-13T11:22:01.366;536843825826566076;-188;962;-194
2021-11-13T11:22:01.386;536843825846264013;-193;956;-200
2021-11-13T11:22:01.405;536843825865961950;-189;954;-202
2021-11-13T11:22:01.425;536843825885659887;-190;954;-216
2021-11-13T11:22:01.445;536843825905357824;-181;954;-227
2021-11-13T11:22:01.464;536843825925055761;-183;946;-233
2021-11-13T11:22:01.484;536843825944753698;-178;950;-228
2021-11-13T11:22:01.504;536843825964451635;-168;957;-221
2021-11-13T11:22:01.523;536843825984149572;-155;963;-217
2021-11-13T11:22:01.543;536843826003847509;-161;958;-217
2021-11-13T11:22:01.563;536843826023545446;-150;960;-207
2021-11-13T11:22:01.583;536843826043243383;-154;963;-209
2021-11-13T11:22:01.602;536843826062941320;-148;965;-207
2021-11-13T11:22:01.622;536843826082639257;-150;962;-206
2021-11-13T11:22:01.642;536843826102337194;-165;962;-210
2021-11-13T11:22:01.661;536843826122035131;-176;955;-220
2021-11-13T11:22:01.681;536843826141733068;-177;955;-219
2021-11-13T11:22:01.701;536843826161431005;-181;952;-228
2021-11-13T11:22:01.720;536843826181128942;-190;946;-229
2021-11-13T11:22:01.740;536843826200826879;-172;956;-222
2021-11-13T11:22:01.760;536843826220524816;-181;956;-219
2021-11-13T11:22:01.779;536843826240222753;-185;953;-217
2021-11-13T11:22:01.799;536843826259920690;-183;957;-212
2021-11-13T11:22:01.819;536843826279614291;-167;961;-207
2021-11-13T11:22:01.839;536843826299307858;-168;959;-204
2021-11-13T11:22:01.858;536843826319001425;-162;961;-194
2021-11-13T11:22:01.878;536843826338694992;-167;963;-193
2021-11-13T11:22:01.898;536843826358388559;-172;958;-196
2021-11-13T11:22:01.917;536843826378082126;-173;959;-198
2021-11-13T11:22:01.937;536843826397775693;-163;962;-214
2021-11-13T11:22:01.957;536843826417469260;-159;956;-213
2021-11-13T11:22:01.976;536843826437162827;-160;960;-215
2021-11-13T11:22:01.996;536843826456856394;-162;957;-215
2021-11-13T11:22:02.016;536843826476549961;-168;954;-212
2021-11-13T11:22:02.036;536843826496243528;-178;956;-208
2021-11-13T11:22:02.055;536843826515937095;-187;958;-204
2021-11-13T11:22:02.075;536843826535630662;-173;958;-201
2021-11-13T11:22:02.095;536843826555324229;-161;966;-196
2021-11-13T11:22:02.114;536843826575017796;-167;964;-203
2021-11-13T11:22:02.134;536843826594711363;-167;955;-201
2021-11-13T11:22:02.154;536843826614404930;-158;958;-203
2021-11-13T11:22:02.173;536843826634098497;-176;958;-214
2021-11-13T11:22:02.193;536843826653792064;-190;954;-224
2021-11-13T11:22:02.213;536843826673485631;-190;948;-227
2021-11-13T11:22:02.232;536843826693179198;-184;947;-226
2021-11-13T11:22:02.252;536843826712872765;-172;954;-219
2021-11-13T11:22:02.272;536843826732566332;-178;954;-212
2021-11-13T11:22:02.292;536843826752259899;-180;957;-207
2021-11-13T11:22:02.311;536843826771953466;-180;960;-213
2021-11-13T11:22:02.331;536843826791647033;-183;954;-208
2021-11-13T11:22:02.351;536843826811340600;-188;955;-208
2021-11-13T11:22:02.370;536843826831034167;-183;954;-197
2021-11-13T11:22:02.390;536843826850727734;-179;956;-199
2021-11-13T11:22:02.410;536843826870421301;-185;958;-206
2021-11-13T11:22:02.429;536843826890114868;-185;956;-198
2021-11-13T11:22:02.449;536843826909808435;-185;959;-202
2021-11-13T11:22:02.469;536843826929502002;-183;958;-208
2021-11-13T11:22:02.488;536843826949195569;-167;960;-210
2021-11-13T11:22:02.508;536843826968889136;-156;958;-211
2021-11-13T11:22:02.528;536843826988589281;-165;956;-219
2021-11-13T11:22:02.548;536843827008289402;-166;957;-218
2021-11-13T11:22:02.567;536843827027989523;-152;958;-216
2021-11-13T11:22:02.587;536843827047689644;-166;959;-210
2021-11-13T11:22:02.607;536843827067389765;-175;957;-208
2021-11-13T11:22:02.626;536843827087089886;-184;956;-211
2021-11-13T11:22:02.646;536843827106790007;-184;958;-211
2021-11-13T11:22:02.666;536843827126490128;-184;953;-211
2021-11-13T11:22:02.685;536843827146190249;-180;958;-210
2021-11-13T11:22:02.705;536843827165890370;-159;958;-209
2021-11-13T11:22:02.725;536843827185590491;-159;957;-215
2021-11-13T11:22:02.745;536843827205290612;-149;963;-209
2021-11-13T11:22:02.764;536843827224990733;-158;961;-219
2021-11-13T11:22:02.784;536843827244690854;-157;961;-215
2021-11-13T11:22:02.804;536843827264390975;-157;957;-217
2021-11-13T11:22:02.823;536843827284091096;-154;960;-219
2021-11-13T11:22:02.843;536843827303791217;-167;958;-217
2021-11-13T11:22:02.863;536843827323491338;-173;956;-220
2021-11-13T11:22:02.882;536843827343191459;-183;954;-227
2021-11-13T11:22:02.902;536843827362891580;-179;952;-226
2021-11-13T11:22:02.922;536843827382591701;-175;957;-222
2021-11-13T11:22:02.942;536843827402291822;-170;957;-217
2021-11-13T11:22:02.961;536843827421991943;-176;958;-217
2021-11-13T11:22:02.981;536843827441692064;-168;957;-209
2021-11-13T11:22:03.001;536843827461392185;-177;958;-206
2021-11-13T11:22:03.020;536843827481092306;-171;960;-207
2021-11-13T11:22:03.040;536843827500792427;-179;958;-206
2021-11-13T11:22:03.060;536843827520492548;-159;961;-200
2021-11-13T11:22:03.079;536843827540192669;-167;962;-204
2021-11-13T11:22:03.099;536843827559892790;-175;957;-206
2021-11-13T11:22:03.119;536843827579592911;-170;962;-208
2021-11-13T11:22:03.139;536843827599293032;-147;963;-201
2021-11-13T11:22:03.158;536843827618993153;-135;962;-194
2021-11-13T11:22:03.178;536843827638693274;-137;968;-192
2021-11-13T11:22:03.198;536843827658393395;-142;967;-185
2021-11-13T11:22:03.217;536843827678093516;-129;968;-183
2021-11-13T11:22:03.237;536843827697789280;-128;966;-182
2021-11-13T11:22:03.257;536843827717485032;-129;967;-189
2021-11-13T11:22:03.276;536843827737180784;-137;966;-198
2021-11-13T11:22:03.296;536843827756876536;-151;963;-208
2021-11-13T11:22:03.316;536843827776572288;-162;957;-215
2021-11-13T11:22:03.336;536843827796268040;-172;958;-217
2021-11-13T11:22:03.355;536843827815963792;-185;955;-216
2021-11-13T11:22:03.375;536843827835659544;-180;955;-217
2021-11-13T11:22:03.395;536843827855355296;-184;950;-218
2021-11-13T11:22:03.414;536843827875051048;-189;952;-220
2021-11-13T11:22:03.434;536843827894746800;-191;952;-222
2021-11-13T11:22:03.454;536843827914442552;-175;956;-213
2021-11-13T11:22:03.473;536843827934138304;-179;958;-213
2021-11-13T11:22:03.493;536843827953834056;-175;955;-210
2021-11-13T11:22:03.513;536843827973529808;-177;954;-216
2021-11-13T11:22:03.532;536843827993225560;-176;959;-217
2021-11-13T11:22:03.552;536843828012921312;-185;955;-217
2021-11-13T11:22:03.572;536843828032617064;-187;951;-215
2021-11-13T11:22:03.592;536843828052312816;-179;957;-217
2021-11-13T11:22:03.611;536843828072008568;-180;956;-213
2021-11-13T11:22:03.631;536843828091704320;-180;955;-206
2021-11-13T11:22:03.651;536843828111400072;-184;957;-205
2021-11-13T11:22:03.670;536843828131095824;-180;956;-206
2021-11-13T11:22:03.690;536843828150791576;-180;960;-207
2021-11-13T11:22:03.710;536843828170487328;-175;957;-209
2021-11-13T11:22:03.729;536843828190183080;-186;953;-217
2021-11-13T11:22:03.749;536843828209878832;-180;953;-213
2021-11-13T11:22:03.769;536843828229574584;-170;954;-214
2021-11-13T11:22:03.789;536843828249270336;-164;962;-208
2021-11-13T11:22:03.808;536843828268966088;-180;958;-203
2021-11-13T11:22:03.828;536843828288661840;-186;951;-197
2021-11-13T11:22:03.848;536843828308357592;-177;961;-201
2021-11-13T11:22:03.867;536843828328053344;-163;965;-198
2021-11-13T11:22:03.887;536843828347749096;-171;959;-196
2021-11-13T11:22:03.907;536843828367444848;-173;957;-187
2021-11-13T11:22:03.926;536843828387140600;-169;964;-194
2021-11-13T11:22:03.946;536843828406837110;-154;964;-197
2021-11-13T11:22:03.966;536843828426533590;-175;958;-210
2021-11-13T11:22:03.985;536843828446230070;-179;957;-211
2021-11-13T11:22:04.005;536843828465926550;-182;950;-215
2021-11-13T11:22:04.025;536843828485623030;-174;959;-215
2021-11-13T11:22:04.045;536843828505319510;-164;964;-207
2021-11-13T11:22:04.064;536843828525015990;-152;963;-205
2021-11-13T11:22:04.084;536843828544712470;-153;958;-202
2021-11-13T11:22:04.104;536843828564408950;-145;962;-203
2021-11-13T11:22:04.123;536843828584105430;-151;964;-205
2021-11-13T11:22:04.143;536843828603801910;-160;969;-202
2021-11-13T11:22:04.163;536843828623498390;-163;961;-194
2021-11-13T11:22:04.182;536843828643194870;-163;960;-199
2021-11-13T11:22:04.202;536843828662891350;-152;963;-193
2021-11-13T11:22:04.222;536843828682587830;-165;958;-198
2021-11-13T11:22:04.242;536843828702284310;-171;962;-195
2021-11-13T11:22:04.261;536843828721980790;-171;960;-199
2021-11-13T11:22:04.281;536843828741677270;-166;961;-200
2021-11-13T11:22:04.301;536843828761373750;-164;961;-203
2021-11-13T11:22:04.320;536843828781070230;-158;960;-203
2021-11-13T11:22:04.340;536843828800766710;-167;956;-204
2021-11-13T11:22:04.360;536843828820463190;-164;965;-203
2021-11-13T11:22:04.379;536843828840159670;-155;963;-189
2021-11-13T11:22:04.399;536843828859856150;-148;963;-194
2021-11-13T11:22:04.419;536843828879552630;-161;964;-194
2021-11-13T11:22:04.439;536843828899249110;-160;963;-197
2021-11-13T11:22:04.458;536843828918945590;-160;962;-205
2021-11-13T11:22:04.478;536843828938642070;-165;961;-208
2021-11-13T11:22:04.498;536843828958338550;-164;959;-213
2021-11-13T11:22:04.517;536843828978035030;-169;954;-221
2021-11-13T11:22:04.537;536843828997731510;-160;958;-223
2021-11-13T11:22:04.557;536843829017427990;-169;956;-224
2021-11-13T11:22:04.576;536843829037124470;-172;952;-228
2021-11-13T11:22:04.596;536843829056820950;-172;957;-223
2021-11-13T11:22:04.616;536843829076517430;-178;954;-217
2021-11-13T11:22:04.635;536843829096213910;-174;963;-219
