Phone timestamp;sensor timestamp [ns];X [mg];Y [mg];Z [mg]
2021-11-13T11:16:39.933;536843401717441345;-180;1180;-80
2021-11-13T11:16:39.952;536843401737199720;-191;1106;-105
2021-11-13T11:16:39.972;536843401756958095;-82;1131;-172
2021-11-13T11:16:39.992;536843401776716470;-56;1049;-205
2021-11-13T11:16:40.012;536843401796474845;-18;1041;-160
2021-11-13T11:16:40.031;536843401816233220;-94;1023;-151
2021-11-13T11:16:40.051;536843401835991595;-115;1045;-104
2021-11-13T11:16:40.071;536843401855749970;-182;1052;-93
2021-11-13T11:16:40.091;536843401875508345;-218;979;-32
2021-11-13T11:16:40.110;536843401895266720;-219;985;-38
2021-11-13T11:16:40.130;536843401915025095;-254;987;-28
2021-11-13T11:16:40.150;536843401934783470;-213;935;75
2021-11-13T11:16:40.170;536843401954541845;-231;915;35
2021-11-13T11:16:40.189;536843401974300220;-157;924;3
2021-11-13T11:16:40.209;536843401994058595;-183;860;-129
2021-11-13T11:16:40.229;536843402013816970;63;899;-182
2021-11-13T11:16:40.249;536843402033575345;-33;821;-209
2021-11-13T11:16:40.268;536843402053333720;-135;739;-201
2021-11-13T11:16:40.288;536843402073092095;-166;766;-192
2021-11-13T11:16:40.308;536843402092850470;-125;792;-86
2021-11-13T11:16:40.328;536843402112608845;-123;809;-48
2021-11-13T11:16:40.347;536843402132367220;-182;735;-50
2021-11-13T11:16:40.367;536843402152125595;-225;761;-104
2021-11-13T11:16:40.387;536843402171883970;-241;772;-165
2021-11-13T11:16:40.407;536843402191642345;-193;848;-213
2021-11-13T11:16:40.426;536843402211400720;-28;848;-173
2021-11-13T11:16:40.446;536843402231159095;-120;833;-155
2021-11-13T11:16:40.466;536843402250917470;-165;791;-163
2021-11-13T11:16:40.486;536843402270675845;-326;862;-191
2021-11-13T11:16:40.505;536843402290434220;-384;851;-143
2021-11-13T11:16:40.525;536843402310192595;-202;887;-72
2021-11-13T11:16:40.545;536843402329950970;-293;806;-77
2021-11-13T11:16:40.565;536843402349709345;-135;826;-161
2021-11-13T11:16:40.585;536843402369467720;-96;893;-94
2021-11-13T11:16:40.604;536843402389226095;-213;847;-227
2021-11-13T11:16:40.624;536843402408984470;-250;867;-196
2021-11-13T11:16:40.644;536843402428742877;-333;892;-78
2021-11-13T11:16:40.664;536843402448501252;-238;916;-117
2021-11-13T11:16:40.683;536843402468259627;-191;918;-106
2021-11-13T11:16:40.703;536843402488018002;-128;964;-148
2021-11-13T11:16:40.723;536843402507776377;-120;986;-68
2021-11-13T11:16:40.743;536843402527534752;-169;933;-89
2021-11-13T11:16:40.762;536843402547293127;-283;985;-195
2021-11-13T11:16:40.782;536843402567051502;-217;990;-54
2021-11-13T11:16:40.802;536843402586809877;-206;979;-92
2021-11-13T11:16:40.822;536843402606568252;-134;979;-121
2021-11-13T11:16:40.841;536843402626326627;-220;952;-69
2021-11-13T11:16:40.861;536843402646085002;-184;939;-96
2021-11-13T11:16:40.881;536843402665843377;-205;948;-141
2021-11-13T11:16:40.901;536843402685601752;-130;952;-94
2021-11-13T11:16:40.920;536843402705360127;-181;945;-42
2021-11-13T11:16:40.940;536843402725118502;-226;947;-65
2021-11-13T11:16:40.960;536843402744876877;-246;958;-116
2021-11-13T11:16:40.980;536843402764635252;-185;976;-125
2021-11-13T11:16:40.999;536843402784393627;-166;964;-108
2021-11-13T11:16:41.019;536843402804152002;-180;964;-85
2021-11-13T11:16:41.039;536843402823910377;-258;949;-63
2021-11-13T11:16:41.059;536843402843668752;-272;944;-120
2021-11-13T11:16:41.078;536843402863427127;-240;972;-122
2021-11-13T11:16:41.098;536843402883185502;-165;941;-44
2021-11-13T11:16:41.118;536843402902943877;-211;935;-85
2021-11-13T11:16:41.138;536843402922702252;-236;940;-133
2021-11-13T11:16:41.158;536843402942460627;-256;933;-175
2021-11-13T11:16:41.177;536843402962219002;-256;923;-170
2021-11-13T11:16:41.197;536843402981977377;-227;921;-91
2021-11-13T11:16:41.217;536843403001735752;-266;882;-117
2021-11-13T11:16:41.237;536843403021494127;-263;892;-163
2021-11-13T11:16:41.256;536843403041252502;-236;895;-139
2021-11-13T11:16:41.276;536843403061010877;-237;857;-129
2021-11-13T11:16:41.296;536843403080769252;-239;857;-184
2021-11-13T11:16:41.316;536843403100527627;-223;820;-182
2021-11-13T11:16:41.335;536843403120286002;-218;846;-176
2021-11-13T11:16:41.355;536843403140048040;-242;835;-167
2021-11-13T11:16:41.375;536843403159810056;-193;758;-110
2021-11-13T11:16:41.395;536843403179572072;-282;791;-190
2021-11-13T11:16:41.414;536843403199334088;-237;751;-209
2021-11-13T11:16:41.434;536843403219096104;-103;817;-98
2021-11-13T11:16:41.454;536843403238858120;-101;820;-48
2021-11-13T11:16:41.474;536843403258620136;-192;795;-117
2021-11-13T11:16:41.493;536843403278382152;-235;824;-143
2021-11-13T11:16:41.513;536843403298144168;-233;874;-131
2021-11-13T11:16:41.533;536843403317906184;-156;912;-72
2021-11-13T11:16:41.553;536843403337668200;-137;890;-74
2021-11-13T11:16:41.572;536843403357430216;-207;914;-172
2021-11-13T11:16:41.592;536843403377192232;-161;931;-214
2021-11-13T11:16:41.612;536843403396954248;-135;940;-129
2021-11-13T11:16:41.632;536843403416716264;-202;942;-88
2021-11-13T11:16:41.652;536843403436478280;-163;937;-51
2021-11-13T11:16:41.671;536843403456240296;-223;965;-181
2021-11-13T11:16:41.691;536843403476002312;-100;986;-136
2021-11-13T11:16:41.711;536843403495764328;-188;998;-131
2021-11-13T11:16:41.731;536843403515526344;-146;992;-63
2021-11-13T11:16:41.750;536843403535288360;-234;1041;-81
2021-11-13T11:16:41.770;536843403555050376;-153;1115;-72
2021-11-13T11:16:41.790;536843403574812392;-197;1106;-96
2021-11-13T11:16:41.810;536843403594574408;-183;1089;-143
2021-11-13T11:16:41.829;536843403614336424;-150;1088;-94
2021-11-13T11:16:41.849;536843403634098440;-151;1102;-115
2021-11-13T11:16:41.869;536843403653860456;-191;1074;-152
2021-11-13T11:16:41.889;536843403673622472;-203;1140;-144
2021-11-13T11:16:41.908;536843403693384488;-209;1047;-129
2021-11-13T11:16:41.928;536843403713146504;-166;1071;-105
2021-11-13T11:16:41.948;536843403732908520;-163;1102;-130
2021-11-13T11:16:41.968;536843403752670536;-198;1082;-104
2021-11-13T11:16:41.987;536843403772432552;-181;1087;-126
2021-11-13T11:16:42.007;536843403792194568;-215;1098;-193
2021-11-13T11:16:42.027;536843403811956584;-153;1071;-178
2021-11-13T11:16:42.047;536843403831718600;-120;1101;-192
2021-11-13T11:16:42.067;536843403851475539;-106;1090;-160
2021-11-13T11:16:42.086;536843403871232458;-218;1129;-171
2021-11-13T11:16:42.106;536843403890989377;-241;1114;-114
2021-11-13T11:16:42.126;536843403910746296;-184;1135;-160
2021-11-13T11:16:42.146;536843403930503215;-157;1090;-214
2021-11-13T11:16:42.165;536843403950260134;-139;1071;-219
2021-11-13T11:16:42.185;536843403970017053;-147;1044;-212
2021-11-13T11:16:42.205;536843403989773972;-187;1012;-209
2021-11-13T11:16:42.225;536843404009530891;-170;1007;-188
2021-11-13T11:16:42.244;536843404029287810;-213;974;-184
2021-11-13T11:16:42.264;536843404049044729;-218;976;-143
2021-11-13T11:16:42.284;536843404068801648;-235;974;-141
2021-11-13T11:16:42.304;536843404088558567;-230;962;-140
2021-11-13T11:16:42.323;536843404108315486;-235;963;-154
2021-11-13T11:16:42.343;536843404128072405;-228;934;-146
2021-11-13T11:16:42.363;536843404147829324;-200;929;-148
2021-11-13T11:16:42.383;536843404167586243;-233;917;-133
2021-11-13T11:16:42.402;536843404187343162;-253;934;-136
2021-11-13T11:16:42.422;536843404207100081;-246;933;-76
2021-11-13T11:16:42.442;536843404226857000;-262;916;-85
2021-11-13T11:16:42.462;536843404246613919;-264;938;-109
2021-11-13T11:16:42.481;536843404266370838;-262;949;-93
2021-11-13T11:16:42.501;536843404286127757;-207;939;-130
2021-11-13T11:16:42.521;536843404305884676;-232;941;-127
2021-11-13T11:16:42.541;536843404325641595;-210;950;-130
2021-11-13T11:16:42.560;536843404345398514;-200;954;-137
2021-11-13T11:16:42.580;536843404365155433;-203;958;-137
2021-11-13T11:16:42.600;536843404384912352;-200;956;-126
2021-11-13T11:16:42.620;536843404404669271;-205;960;-135
2021-11-13T11:16:42.639;536843404424426190;-198;963;-148
2021-11-13T11:16:42.659;536843404444183109;-174;969;-179
2021-11-13T11:16:42.679;536843404463940028;-169;975;-155
2021-11-13T11:16:42.699;536843404483696947;-163;952;-135
2021-11-13T11:16:42.719;536843404503453866;-207;948;-111
2021-11-13T11:16:42.738;536843404523210785;-184;977;-97
2021-11-13T11:16:42.758;536843404542967704;-226;976;-71
2021-11-13T11:16:42.778;536843404562723903;-264;991;-88
2021-11-13T11:16:42.798;536843404582480094;-270;1037;-42
2021-11-13T11:16:42.817;536843404602236285;-261;1056;-93
2021-11-13T11:16:42.837;536843404621992476;-255;1121;-135
2021-11-13T11:16:42.857;536843404641748667;-254;1199;-151
2021-11-13T11:16:42.877;536843404661504858;-299;1215;-81
2021-11-13T11:16:42.896;536843404681261049;-301;1270;-78
2021-11-13T11:16:42.916;536843404701017240;-338;1266;-65
2021-11-13T11:16:42.936;536843404720773431;-306;1241;-59
2021-11-13T11:16:42.956;536843404740529622;-259;1268;-101
2021-11-13T11:16:42.975;536843404760285813;-246;1205;-101
2021-11-13T11:16:42.995;536843404780042004;-187;1208;-163
2021-11-13T11:16:43.015;536843404799798195;-168;1192;-114
2021-11-13T11:16:43.035;536843404819554386;-215;1169;-40
2021-11-13T11:16:43.054;536843404839310577;-232;1153;-43
2021-11-13T11:16:43.074;536843404859066768;-229;1151;0
2021-11-13T11:16:43.094;536843404878822959;-227;1147;-67
2021-11-13T11:16:43.114;536843404898579150;-91;1117;-60
2021-11-13T11:16:43.133;536843404918335341;-161;1055;-49
2021-11-13T11:16:43.153;536843404938091532;-163;1067;-138
2021-11-13T11:16:43.173;536843404957847723;-79;1038;-187
2021-11-13T11:16:43.193;536843404977603914;-34;1024;-140
2021-11-13T11:16:43.212;536843404997360105;-138;964;-143
2021-11-13T11:16:43.232;536843405017116296;-71;980;-44
2021-11-13T11:16:43.252;536843405036872487;-191;917;-109
2021-11-13T11:16:43.272;536843405056628678;-80;864;-123
2021-11-13T11:16:43.291;536843405076384869;-93;875;-87
2021-11-13T11:16:43.311;536843405096141060;-130;857;-66
2021-11-13T11:16:43.331;536843405115897251;-106;838;-17
2021-11-13T11:16:43.351;536843405135653442;-123;852;-84
2021-11-13T11:16:43.370;536843405155409633;-28;911;-101
2021-11-13T11:16:43.390;536843405175165824;-149;884;-154
2021-11-13T11:16:43.410;536843405194922015;-62;891;-162
2021-11-13T11:16:43.430;536843405214678206;-166;896;-121
2021-11-13T11:16:43.449;536843405234434397;-132;843;-99
2021-11-13T11:16:43.469;536843405254190588;-185;801;-121
2021-11-13T11:16:43.489;536843405273940987;-191;783;-134
2021-11-13T11:16:43.509;536843405293691352;-271;788;-133
2021-11-13T11:16:43.529;536843405313441717;-174;762;-134
2021-11-13T11:16:43.548;536843405333192082;-65;783;-72
2021-11-13T11:16:43.568;536843405352942447;-89;792;-73
2021-11-13T11:16:43.588;536843405372692812;-226;742;-172
2021-11-13T11:16:43.608;536843405392443177;-230;835;-222
2021-11-13T11:16:43.627;536843405412193542;-204;876;-111
2021-11-13T11:16:43.647;536843405431943907;-349;782;-155
2021-11-13T11:16:43.667;536843405451694272;-260;870;-189
2021-11-13T11:16:43.687;536843405471444637;-378;842;-278
2021-11-13T11:16:43.706;536843405491195002;-164;916;-264
2021-11-13T11:16:43.726;536843405510945367;-154;882;-68
2021-11-13T11:16:43.746;536843405530695732;-260;823;-91
2021-11-13T11:16:43.766;536843405550446097;-325;885;-277
2021-11-13T11:16:43.785;536843405570196462;-203;932;-199
2021-11-13T11:16:43.805;536843405589946827;-148;884;-202
2021-11-13T11:16:43.825;536843405609697192;-73;878;-206
2021-11-13T11:16:43.845;536843405629447557;-226;901;-203
2021-11-13T11:16:43.864;536843405649197922;-296;872;-282
2021-11-13T11:16:43.884;536843405668948287;-306;926;-237
2021-11-13T11:16:43.904;536843405688698652;-198;867;-142
2021-11-13T11:16:43.924;536843405708449017;-108;875;-142
2021-11-13T11:16:43.943;536843405728199382;-246;843;-193
2021-11-13T11:16:43.963;536843405747949747;-219;857;-215
2021-11-13T11:16:43.983;536843405767700112;-236;815;-218
2021-11-13T11:16:44.003;536843405787450477;-272;814;-227
2021-11-13T11:16:44.022;536843405807200842;11;865;-82
2021-11-13T11:16:44.042;536843405826951207;-316;737;-182
2021-11-13T11:16:44.062;536843405846701572;-198;722;-272
2021-11-13T11:16:44.082;536843405866451937;-105;877;-185
2021-11-13T11:16:44.101;536843405886202302;-64;787;-61
2021-11-13T11:16:44.121;536843405905952667;-181;809;-84
2021-11-13T11:16:44.141;536843405925703032;-167;840;-170
2021-11-13T11:16:44.161;536843405945453397;5;906;-106
2021-11-13T11:16:44.180;536843405965203762;-101;930;-102
2021-11-13T11:16:44.200;536843405984954858;-174;929;-134
2021-11-13T11:16:44.220;536843406004705952;1;1002;-8
2021-11-13T11:16:44.240;536843406024457046;-266;947;-70
2021-11-13T11:16:44.259;536843406044208140;-111;927;-52
2021-11-13T11:16:44.279;536843406063959234;-104;975;-39
2021-11-13T11:16:44.299;536843406083710328;-114;984;-78
2021-11-13T11:16:44.319;536843406103461422;-76;935;-146
2021-11-13T11:16:44.338;536843406123212516;-59;988;-167
2021-11-13T11:16:44.358;536843406142963610;-33;1027;-44
2021-11-13T11:16:44.378;536843406162714704;-85;1036;-74
2021-11-13T11:16:44.398;536843406182465798;-79;1033;-87
2021-11-13T11:16:44.417;536843406202216892;-117;1078;-99
2021-11-13T11:16:44.437;536843406221967986;-98;1062;-119
2021-11-13T11:16:44.457;536843406241719080;-126;1068;-110
2021-11-13T11:16:44.477;536843406261470174;-86;1102;-108
2021-11-13T11:16:44.496;536843406281221268;-91;1037;-88
2021-11-13T11:16:44.516;536843406300972362;-96;1050;-30
2021-11-13T11:16:44.536;536843406320723456;-164;1084;-51
2021-11-13T11:16:44.556;536843406340474550;-184;1071;-9
2021-11-13T11:16:44.575;536843406360225644;-144;1095;-87
2021-11-13T11:16:44.595;536843406379976738;-76;1065;-88
2021-11-13T11:16:44.615;536843406399727832;-103;1041;-128
2021-11-13T11:16:44.635;536843406419478926;-84;1101;-169
2021-11-13T11:16:44.654;536843406439230020;-87;1100;-167
2021-11-13T11:16:44.674;536843406458981114;-81;1134;-249
2021-11-13T11:16:44.694;536843406478732208;-119;1143;-166
2021-11-13T11:16:44.714;536843406498483302;-130;1137;-127
2021-11-13T11:16:44.733;536843406518234396;-168;1132;-122
2021-11-13T11:16:44.753;536843406537985490;-141;1126;-110
2021-11-13T11:16:44.773;536843406557736584;-165;1148;-114
2021-11-13T11:16:44.793;536843406577487678;-139;1120;-128
2021-11-13T11:16:44.812;536843406597238772;-164;1115;-82
2021-11-13T11:16:44.832;536843406616989866;-181;1118;-91
2021-11-13T11:16:44.852;536843406636740960;-170;1110;-102
2021-11-13T11:16:44.872;536843406656492054;-105;1090;-107
2021-11-13T11:16:44.891;536843406676243148;-125;1045;-138
2021-11-13T11:16:44.911;536843406695992073;-104;1027;-150
2021-11-13T11:16:44.931;536843406715740982;-113;994;-139
2021-11-13T11:16:44.951;536843406735489891;-103;988;-131
2021-11-13T11:16:44.970;536843406755238800;-97;966;-123
2021-11-13T11:16:44.990;536843406774987709;-102;947;-89
2021-11-13T11:16:45.010;536843406794736618;-131;942;-74
2021-11-13T11:16:45.030;536843406814485527;-116;944;-64
2021-11-13T11:16:45.049;536843406834234436;-118;929;-92
2021-11-13T11:16:45.069;536843406853983345;-82;925;-98
2021-11-13T11:16:45.089;536843406873732254;-114;925;-102
2021-11-13T11:16:45.109;536843406893481163;-86;936;-96
2021-11-13T11:16:45.128;536843406913230072;-136;935;-86
2021-11-13T11:16:45.148;536843406932978981;-122;938;-110
2021-11-13T11:16:45.168;536843406952727890;-142;952;-92
2021-11-13T11:16:45.188;536843406972476799;-145;973;-92
2021-11-13T11:16:45.207;536843406992225708;-147;970;-87
2021-11-13T11:16:45.227;536843407011974617;-182;973;-89
2021-11-13T11:16:45.247;536843407031723526;-165;992;-92
2021-11-13T11:16:45.267;536843407051472435;-172;995;-96
2021-11-13T11:16:45.286;536843407071221344;-149;987;-126
2021-11-13T11:16:45.306;536843407090970253;-169;989;-149
2021-11-13T11:16:45.326;536843407110719162;-202;1023;-147
2021-11-13T11:16:45.346;536843407130468071;-194;997;-108
2021-11-13T11:16:45.365;536843407150216980;-206;983;-103
2021-11-13T11:16:45.385;536843407169965889;-236;991;-127
2021-11-13T11:16:45.405;536843407189714798;-181;986;-108
2021-11-13T11:16:45.425;536843407209463707;-204;975;-115
2021-11-13T11:16:45.444;536843407229212616;-196;968;-124
2021-11-13T11:16:45.464;536843407248961525;-169;967;-144
2021-11-13T11:16:45.484;536843407268710434;-146;967;-144
2021-11-13T11:16:45.504;536843407288459343;-164;983;-173
2021-11-13T11:16:45.523;536843407308208252;-166;1000;-122
2021-11-13T11:16:45.543;536843407327957161;-214;1037;-142
2021-11-13T11:16:45.563;536843407347706070;-248;1116;-120
2021-11-13T11:16:45.583;536843407367454979;-252;1173;-130
2021-11-13T11:16:45.602;536843407387203888;-248;1240;-151
2021-11-13T11:16:45.622;536843407406963728;-258;1260;-147
2021-11-13T11:16:45.642;536843407426723560;-258;1281;-154
2021-11-13T11:16:45.662;536843407446483392;-284;1271;-169
2021-11-13T11:16:45.681;536843407466243224;-248;1272;-156
2021-11-13T11:16:45.701;536843407486003056;-240;1258;-169
2021-11-13T11:16:45.721;536843407505762888;-194;1208;-160
2021-11-13T11:16:45.741;536843407525522720;-178;1189;-161
2021-11-13T11:16:45.760;536843407545282552;-188;1128;-128
2021-11-13T11:16:45.780;536843407565042384;-192;1137;-98
2021-11-13T11:16:45.800;536843407584802216;-221;1116;-61
2021-11-13T11:16:45.820;536843407604562048;-206;1094;-93
2021-11-13T11:16:45.839;536843407624321880;-144;1072;-129
2021-11-13T11:16:45.859;536843407644081712;-87;1075;-166
2021-11-13T11:16:45.879;536843407663841544;-76;1036;-180
2021-11-13T11:16:45.899;536843407683601376;-148;1020;-167
2021-11-13T11:16:45.918;536843407703361208;-148;989;-154
2021-11-13T11:16:45.938;536843407723121040;-128;1001;-108
2021-11-13T11:16:45.958;536843407742880872;-186;963;-74
2021-11-13T11:16:45.978;536843407762640704;-213;915;-87
2021-11-13T11:16:45.997;536843407782400536;-89;914;-33
2021-11-13T11:16:46.017;536843407802160368;-125;916;-49
2021-11-13T11:16:46.037;536843407821920200;-156;840;-88
2021-11-13T11:16:46.057;536843407841680032;-35;841;-90
2021-11-13T11:16:46.076;536843407861439864;-167;822;-177
2021-11-13T11:16:46.096;536843407881199696;-69;807;-108
2021-11-13T11:16:46.116;536843407900959528;-172;808;-48
2021-11-13T11:16:46.136;536843407920719360;-231;749;-166
2021-11-13T11:16:46.156;536843407940479192;-200;841;-150
2021-11-13T11:16:46.175;536843407960239024;-104;779;-122
2021-11-13T11:16:46.195;536843407979998856;-211;748;-97
2021-11-13T11:16:46.215;536843407999758688;-251;739;-124
2021-11-13T11:16:46.235;536843408019518520;-159;805;-109
2021-11-13T11:16:46.254;536843408039278352;-312;750;-147
2021-11-13T11:16:46.274;536843408059038184;-282;764;-239
2021-11-13T11:16:46.294;536843408078798016;-217;827;-144
2021-11-13T11:16:46.314;536843408098557848;-279;829;-40
2021-11-13T11:16:46.333;536843408118303138;-246;845;-94
2021-11-13T11:16:46.353;536843408138048406;-287;843;-234
2021-11-13T11:16:46.373;536843408157793674;-319;923;-251
2021-11-13T11:16:46.393;536843408177538942;-173;874;-111
2021-11-13T11:16:46.412;536843408197284210;-299;907;-97
2021-11-13T11:16:46.432;536843408217029478;-343;861;-98
2021-11-13T11:16:46.452;536843408236774746;-355;892;-174
2021-11-13T11:16:46.472;536843408256520014;-362;892;-136
2021-11-13T11:16:46.491;536843408276265282;-281;883;-150
2021-11-13T11:16:46.511;536843408296010550;-195;922;-62
2021-11-13T11:16:46.531;536843408315755818;-265;850;-127
2021-11-13T11:16:46.551;536843408335501086;-417;868;-288
2021-11-13T11:16:46.570;536843408355246354;-402;908;-247
2021-11-13T11:16:46.590;536843408374991622;-278;902;-110
2021-11-13T11:16:46.610;536843408394736890;-267;877;-62
2021-11-13T11:16:46.630;536843408414482158;-235;882;-12
2021-11-13T11:16:46.649;536843408434227426;-386;837;-199
2021-11-13T11:16:46.669;536843408453972694;-391;893;-282
2021-11-13T11:16:46.689;536843408473717962;-335;837;-150
2021-11-13T11:16:46.709;536843408493463230;-295;852;-168
2021-11-13T11:16:46.728;536843408513208498;-308;796;-217
2021-11-13T11:16:46.748;536843408532953766;-296;847;-183
2021-11-13T11:16:46.768;536843408552699034;-311;753;-166
2021-11-13T11:16:46.788;536843408572444302;-345;775;-187
2021-11-13T11:16:46.807;536843408592189570;-332;761;-189
2021-11-13T11:16:46.827;536843408611934838;-160;799;-41
2021-11-13T11:16:46.847;536843408631680106;-323;748;-146
2021-11-13T11:16:46.866;536843408651425374;-191;714;-162
2021-11-13T11:16:46.886;536843408671170642;-194;870;-167
2021-11-13T11:16:46.906;536843408690915910;-207;756;-160
2021-11-13T11:16:46.926;536843408710661178;-136;817;-145
2021-11-13T11:16:46.945;536843408730406446;-243;809;-215
2021-11-13T11:16:46.965;536843408750151714;-99;833;-132
2021-11-13T11:16:46.985;536843408769896982;-214;909;-149
2021-11-13T11:16:47.005;536843408789642250;-241;820;-170
2021-11-13T11:16:47.024;536843408809387518;-99;924;-37
2021-11-13T11:16:47.044;536843408829136445;-241;901;-112
2021-11-13T11:16:47.064;536843408848885354;-123;960;-124
2021-11-13T11:16:47.084;536843408868634263;-179;944;-145
2021-11-13T11:16:47.103;536843408888383172;-215;978;-212
2021-11-13T11:16:47.123;536843408908132081;-161;992;-154
2021-11-13T11:16:47.143;536843408927880990;-224;1035;-135
2021-11-13T11:16:47.163;536843408947629899;-152;1045;-107
2021-11-13T11:16:47.182;536843408967378808;-237;1076;-126
2021-11-13T11:16:47.202;536843408987127717;-130;1027;-126
2021-11-13T11:16:47.222;536843409006876626;-190;1044;-211
2021-11-13T11:16:47.242;536843409026625535;-179;1028;-125
2021-11-13T11:16:47.261;536843409046374444;-166;1054;-72
2021-11-13T11:16:47.281;536843409066123353;-206;1033;-109
2021-11-13T11:16:47.301;536843409085872262;-201;1089;-130
2021-11-13T11:16:47.321;536843409105621171;-177;1091;-188
2021-11-13T11:16:47.340;536843409125370080;-176;1118;-193
2021-11-13T11:16:47.360;536843409145118989;-159;1143;-168
2021-11-13T11:16:47.380;536843409164867898;-180;1100;-197
2021-11-13T11:16:47.400;536843409184616807;-191;1185;-213
2021-11-13T11:16:47.419;536843409204365716;-325;1186;-236
2021-11-13T11:16:47.439;536843409224114625;-230;1177;-94
2021-11-13T11:16:47.459;536843409243863534;-232;1160;-63
2021-11-13T11:16:47.479;536843409263612443;-292;1123;-202
2021-11-13T11:16:47.498;536843409283361352;-224;1187;-169
2021-11-13T11:16:47.518;536843409303110261;-222;1117;-139
2021-11-13T11:16:47.538;536843409322859170;-189;1097;-122
2021-11-13T11:16:47.558;536843409342608079;-166;1086;-99
2021-11-13T11:16:47.577;536843409362356988;-186;1068;-102
2021-11-13T11:16:47.597;536843409382105897;-209;1042;-119
2021-11-13T11:16:47.617;536843409401854806;-171;1020;-111
2021-11-13T11:16:47.637;536843409421603715;-180;997;-137
2021-11-13T11:16:47.656;536843409441352624;-163;982;-183
2021-11-13T11:16:47.676;536843409461101533;-135;969;-165
2021-11-13T11:16:47.696;536843409480850442;-143;960;-183
2021-11-13T11:16:47.716;536843409500599351;-143;952;-142
2021-11-13T11:16:47.735;536843409520348260;-191;948;-157
2021-11-13T11:16:47.755;536843409540107366;-174;956;-144
2021-11-13T11:16:47.775;536843409559866470;-190;937;-143
2021-11-13T11:16:47.795;536843409579625574;-198;929;-129
2021-11-13T11:16:47.814;536843409599384678;-209;948;-151
2021-11-13T11:16:47.834;536843409619143782;-182;948;-149
2021-11-13T11:16:47.854;536843409638902886;-195;949;-131
2021-11-13T11:16:47.874;536843409658661990;-244;961;-100
2021-11-13T11:16:47.893;536843409678421094;-238;947;-91
2021-11-13T11:16:47.913;536843409698180198;-225;979;-63
2021-11-13T11:16:47.933;536843409717939302;-247;959;-96
2021-11-13T11:16:47.953;536843409737698406;-234;995;-106
2021-11-13T11:16:47.973;536843409757457510;-250;967;-126
2021-11-13T11:16:47.992;536843409777216614;-204;981;-146
2021-11-13T11:16:48.012;536843409796975718;-221;965;-138
2021-11-13T11:16:48.032;536843409816734822;-217;962;-139
2021-11-13T11:16:48.052;536843409836493926;-216;969;-157
2021-11-13T11:16:48.071;536843409856253030;-228;969;-131
2021-11-13T11:16:48.091;536843409876012134;-212;939;-114
2021-11-13T11:16:48.111;536843409895771238;-262;947;-119
2021-11-13T11:16:48.131;536843409915530342;-227;943;-102
2021-11-13T11:16:48.150;536843409935289446;-226;936;-123
2021-11-13T11:16:48.170;536843409955048550;-218;940;-109
2021-11-13T11:16:48.190;536843409974807654;-206;930;-134
2021-11-13T11:16:48.210;536843409994566758;-192;943;-146
2021-11-13T11:16:48.229;536843410014325862;-173;957;-161
2021-11-13T11:16:48.249;536843410034084966;-189;950;-126
2021-11-13T11:16:48.269;536843410053844070;-206;954;-100
2021-11-13T11:16:48.289;536843410073603174;-212;979;-99
2021-11-13T11:16:48.308;536843410093362278;-228;1067;-121
2021-11-13T11:16:48.328;536843410113121382;-285;1104;-101
2021-11-13T11:16:48.348;536843410132880486;-328;1233;-173
2021-11-13T11:16:48.368;536843410152639590;-280;1279;-201
2021-11-13T11:16:48.387;536843410172398694;-202;1366;-186
2021-11-13T11:16:48.407;536843410192157798;-256;1373;-159
2021-11-13T11:16:48.427;536843410211916902;-278;1365;-115
2021-11-13T11:16:48.447;536843410231676006;-283;1347;-100
2021-11-13T11:16:48.466;536843410251429302;-272;1264;-71
2021-11-13T11:16:48.486;536843410271182580;-242;1258;-54
2021-11-13T11:16:48.506;536843410290935858;-258;1161;-65
2021-11-13T11:16:48.526;536843410310689136;-149;1140;-79
2021-11-13T11:16:48.546;536843410330442414;-186;1099;-121
2021-11-13T11:16:48.565;536843410350195692;-150;1107;-142
2021-11-13T11:16:48.585;536843410369948970;-125;1051;-171
2021-11-13T11:16:48.605;536843410389702248;-54;1023;-91
2021-11-13T11:16:48.625;536843410409455526;-95;1009;-81
2021-11-13T11:16:48.644;536843410429208804;-131;1008;-67
2021-11-13T11:16:48.664;536843410448962082;-216;978;-54
2021-11-13T11:16:48.684;536843410468715360;-201;965;-71
2021-11-13T11:16:48.704;536843410488468638;-81;924;-27
2021-11-13T11:16:48.723;536843410508221916;-150;928;-27
2021-11-13T11:16:48.743;536843410527975194;-131;862;-51
2021-11-13T11:16:48.763;536843410547728472;-111;833;-109
2021-11-13T11:16:48.783;536843410567481750;-130;865;-146
2021-11-13T11:16:48.802;536843410587235028;-22;859;-159
2021-11-13T11:16:48.822;536843410606988306;-68;781;-214
2021-11-13T11:16:48.842;536843410626741584;-95;794;-246
2021-11-13T11:16:48.862;536843410646494862;-57;796;-174
2021-11-13T11:16:48.881;536843410666248140;-158;819;-173
2021-11-13T11:16:48.901;536843410686001418;-145;818;-42
2021-11-13T11:16:48.921;536843410705754696;-161;846;-39
2021-11-13T11:16:48.941;536843410725507974;-202;811;-119
2021-11-13T11:16:48.960;536843410745261252;-148;823;-184
2021-11-13T11:16:48.980;536843410765014530;-232;822;-212
2021-11-13T11:16:49.000;536843410784767808;-118;862;-122
2021-11-13T11:16:49.020;536843410804521086;-230;817;-117
2021-11-13T11:16:49.039;536843410824274364;-269;815;-173
2021-11-13T11:16:49.059;536843410844027642;-227;908;-96
2021-11-13T11:16:49.079;536843410863780920;-345;864;-187
2021-11-13T11:16:49.099;536843410883534198;-248;936;-131
2021-11-13T11:16:49.118;536843410903287476;-232;884;-100
2021-11-13T11:16:49.138;536843410923040754;-238;879;-138
2021-11-13T11:16:49.158;536843410942794032;-254;901;-218
2021-11-13T11:16:49.178;536843410962546598;-366;859;-307
2021-11-13T11:16:49.197;536843410982299148;-333;840;-164
2021-11-13T11:16:49.217;536843411002051698;-213;837;34
2021-11-13T11:16:49.237;536843411021804248;-350;831;-133
2021-11-13T11:16:49.257;536843411041556798;-262;850;-179
2021-11-13T11:16:49.276;536843411061309348;-149;825;-244
2021-11-13T11:16:49.296;536843411081061898;-302;871;-263
2021-11-13T11:16:49.316;536843411100814448;-265;888;-73
2021-11-13T11:16:49.336;536843411120566998;-318;854;-180
2021-11-13T11:16:49.355;536843411140319548;-252;959;-203
2021-11-13T11:16:49.375;536843411160072098;-241;905;-148
2021-11-13T11:16:49.395;536843411179824648;-323;862;-292
2021-11-13T11:16:49.415;536843411199577198;-380;897;-336
2021-11-13T11:16:49.434;536843411219329748;-209;850;-110
2021-11-13T11:16:49.454;536843411239082298;-230;871;-110
2021-11-13T11:16:49.474;536843411258834848;-305;785;-152
2021-11-13T11:16:49.494;536843411278587398;-153;830;-153
2021-11-13T11:16:49.513;536843411298339948;-359;760;-253
2021-11-13T11:16:49.533;536843411318092498;-283;797;-252
2021-11-13T11:16:49.553;536843411337845048;-73;843;-68
2021-11-13T11:16:49.573;536843411357597598;-303;715;-153
2021-11-13T11:16:49.592;536843411377350148;-318;768;-359
2021-11-13T11:16:49.612;536843411397102698;-36;809;-112
2021-11-13T11:16:49.632;536843411416855248;-241;795;-178
2021-11-13T11:16:49.652;536843411436607798;-168;780;-238
2021-11-13T11:16:49.671;536843411456360348;30;911;-27
2021-11-13T11:16:49.691;536843411476112898;-329;821;-123
2021-11-13T11:16:49.711;536843411495865448;-148;870;-180
2021-11-13T11:16:49.731;536843411515617998;-156;950;-91
2021-11-13T11:16:49.750;536843411535370548;-261;902;-116
2021-11-13T11:16:49.770;536843411555123098;-132;932;-122
2021-11-13T11:16:49.790;536843411574875648;-207;1017;-230
2021-11-13T11:16:49.810;536843411594628198;-141;960;-171
2021-11-13T11:16:49.829;536843411614380748;-90;987;-175
2021-11-13T11:16:49.849;536843411634133298;-212;1029;-273
2021-11-13T11:16:49.869;536843411653885848;-183;1007;-199
2021-11-13T11:16:49.889;536843411673634773;-168;1025;-133
2021-11-13T11:16:49.908;536843411693383682;-265;1081;-201
2021-11-13T11:16:49.928;536843411713132591;-185;1015;-167
2021-11-13T11:16:49.948;536843411732881500;-183;1057;-168
2021-11-13T11:16:49.968;536843411752630409;-258;1086;-91
2021-11-13T11:16:49.987;536843411772379318;-279;1064;-100
2021-11-13T11:16:50.007;536843411792128227;-281;1120;-124
2021-11-13T11:16:50.027;536843411811877136;-239;1060;-119
2021-11-13T11:16:50.047;536843411831626045;-172;1076;-108
2021-11-13T11:16:50.066;536843411851374954;-238;1062;-140
2021-11-13T11:16:50.086;536843411871123863;-179;1052;-131
2021-11-13T11:16:50.106;536843411890872772;-191;1095;-168
2021-11-13T11:16:50.126;536843411910621681;-215;1070;-115
2021-11-13T11:16:50.145;536843411930370590;-263;1097;-28
2021-11-13T11:16:50.165;536843411950119499;-292;1124;20
2021-11-13T11:16:50.185;536843411969868408;-331;1105;-4
2021-11-13T11:16:50.205;536843411989617317;-270;1115;-30
2021-11-13T11:16:50.224;536843412009366226;-299;1097;-57
2021-11-13T11:16:50.244;536843412029115135;-265;1073;-47
2021-11-13T11:16:50.264;536843412048864044;-231;1053;-107
2021-11-13T11:16:50.284;536843412068612953;-220;1041;-117
2021-11-13T11:16:50.303;536843412088361862;-200;1046;-101
2021-11-13T11:16:50.323;536843412108110771;-206;1037;-118
2021-11-13T11:16:50.343;536843412127859680;-206;1023;-120
2021-11-13T11:16:50.363;536843412147608589;-196;1007;-111
2021-11-13T11:16:50.382;536843412167357498;-198;987;-63
2021-11-13T11:16:50.402;536843412187106407;-230;980;-44
2021-11-13T11:16:50.422;536843412206855316;-217;976;-56
2021-11-13T11:16:50.442;536843412226604225;-201;967;-51
2021-11-13T11:16:50.461;536843412246353134;-198;959;-57
2021-11-13T11:16:50.481;536843412266102043;-209;938;-59
2021-11-13T11:16:50.501;536843412285850952;-144;945;-77
2021-11-13T11:16:50.521;536843412305599861;-145;956;-129
2021-11-13T11:16:50.540;536843412325348770;-152;960;-149
2021-11-13T11:16:50.560;536843412345097679;-150;973;-136
2021-11-13T11:16:50.580;536843412364846588;-144;1003;-101
2021-11-13T11:16:50.600;536843412384586041;-193;1024;-124
2021-11-13T11:16:50.619;536843412404325484;-246;1100;-151
2021-11-13T11:16:50.639;536843412424064927;-238;1142;-72
2021-11-13T11:16:50.659;536843412443804370;-255;1174;-94
2021-11-13T11:16:50.679;536843412463543813;-249;1203;-73
2021-11-13T11:16:50.698;536843412483283256;-280;1239;-122
2021-11-13T11:16:50.718;536843412503022699;-230;1246;-116
2021-11-13T11:16:50.738;536843412522762142;-233;1204;-97
2021-11-13T11:16:50.758;536843412542501585;-240;1197;-118
2021-11-13T11:16:50.777;536843412562241028;-205;1179;-111
2021-11-13T11:16:50.797;536843412581980471;-216;1146;-112
2021-11-13T11:16:50.817;536843412601719914;-150;1184;-112
2021-11-13T11:16:50.837;536843412621459357;-158;1114;-94
2021-11-13T11:16:50.856;536843412641198800;-141;1114;-35
2021-11-13T11:16:50.876;536843412660938243;-180;1113;-37
2021-11-13T11:16:50.896;536843412680677686;-175;1104;-9
2021-11-13T11:16:50.915;536843412700417129;-266;1071;13
2021-11-13T11:16:50.935;536843412720156572;-125;1035;34
2021-11-13T11:16:50.955;536843412739896015;-224;1033;-22
2021-11-13T11:16:50.975;536843412759635458;-190;1019;-88
2021-11-13T11:16:50.994;536843412779374901;-112;984;-74
2021-11-13T11:16:51.014;536843412799114344;-144;966;-110
2021-11-13T11:16:51.034;536843412818853787;-62;956;-92
2021-11-13T11:16:51.054;536843412838593230;-123;915;-109
2021-11-13T11:16:51.073;536843412858332673;-79;942;-102
2021-11-13T11:16:51.093;536843412878072116;-136;917;-85
2021-11-13T11:16:51.113;536843412897811559;-99;944;-71
2021-11-13T11:16:51.133;536843412917551002;-137;906;-84
2021-11-13T11:16:51.152;536843412937290445;-172;908;-76
2021-11-13T11:16:51.172;536843412957029888;-92;889;-59
2021-11-13T11:16:51.192;536843412976769331;-200;936;-44
2021-11-13T11:16:51.212;536843412996508774;-205;916;-56
2021-11-13T11:16:51.231;536843413016248217;-207;933;-98
2021-11-13T11:16:51.251;536843413035987660;-116;889;-81
2021-11-13T11:16:51.271;536843413055727103;-184;888;-112
2021-11-13T11:16:51.291;536843413075466546;-186;890;-112
2021-11-13T11:16:51.310;536843413095214005;-263;835;-130
2021-11-13T11:16:51.330;536843413114961458;-225;903;-118
2021-11-13T11:16:51.350;536843413134708911;-132;912;-78
2021-11-13T11:16:51.370;536843413154456364;-215;852;-79
2021-11-13T11:16:51.389;536843413174203817;-198;765;-74
2021-11-13T11:16:51.409;536843413193951270;-201;842;-129
2021-11-13T11:16:51.429;536843413213698723;-282;813;-98
2021-11-13T11:16:51.449;536843413233446176;-242;784;-122
2021-11-13T11:16:51.468;536843413253193629;-253;830;-113
2021-11-13T11:16:51.488;536843413272941082;-149;834;-52
2021-11-13T11:16:51.508;536843413292688535;-122;905;-19
2021-11-13T11:16:51.527;536843413312435988;-266;850;-87
2021-11-13T11:16:51.547;536843413332183441;-466;804;-271
2021-11-13T11:16:51.567;536843413351930894;-390;953;-352
2021-11-13T11:16:51.587;536843413371678347;25;967;-55
2021-11-13T11:16:51.606;536843413391425800;-127;896;16
2021-11-13T11:16:51.626;536843413411173253;-186;908;-12
2021-11-13T11:16:51.646;536843413430920706;-342;952;-189
2021-11-13T11:16:51.666;536843413450668159;-281;958;-272
2021-11-13T11:16:51.685;536843413470415612;-206;971;-195
2021-11-13T11:16:51.705;536843413490163065;-194;865;-132
2021-11-13T11:16:51.725;536843413509910518;-313;921;-188
2021-11-13T11:16:51.745;536843413529657971;-172;909;-119
2021-11-13T11:16:51.764;536843413549405424;-259;852;-183
2021-11-13T11:16:51.784;536843413569152877;-327;871;-248
2021-11-13T11:16:51.804;536843413588900330;-198;882;-134
2021-11-13T11:16:51.824;536843413608647783;-243;840;-179
2021-11-13T11:16:51.843;536843413628395236;-299;880;-168
2021-11-13T11:16:51.863;536843413648142689;-284;880;-178
2021-11-13T11:16:51.883;536843413667890142;-295;881;-199
2021-11-13T11:16:51.903;536843413687637595;-215;885;-145
2021-11-13T11:16:51.922;536843413707385048;-312;857;-143
2021-11-13T11:16:51.942;536843413727132501;-360;858;-193
2021-11-13T11:16:51.962;536843413746879954;-269;890;-192
2021-11-13T11:16:51.982;536843413766627407;-278;852;-140
2021-11-13T11:16:52.001;536843413786374860;-249;828;-133
2021-11-13T11:16:52.021;536843413806127422;-364;798;-206
2021-11-13T11:16:52.041;536843413825879972;-165;881;-110
2021-11-13T11:16:52.061;536843413845632522;-284;823;-122
2021-11-13T11:16:52.080;536843413865385072;-274;788;-182
2021-11-13T11:16:52.100;536843413885137622;-146;863;-164
2021-11-13T11:16:52.120;536843413904890172;-231;859;-123
2021-11-13T11:16:52.140;536843413924642722;-198;781;-118
2021-11-13T11:16:52.159;536843413944395272;-196;900;-55
2021-11-13T11:16:52.179;536843413964147822;-274;852;-187
2021-11-13T11:16:52.199;536843413983900372;-64;911;-143
2021-11-13T11:16:52.219;536843414003652922;-188;902;-127
2021-11-13T11:16:52.238;536843414023405472;-172;886;-149
2021-11-13T11:16:52.258;536843414043158022;-148;968;-22
2021-11-13T11:16:52.278;536843414062910572;-204;974;-110
2021-11-13T11:16:52.298;536843414082663122;-93;939;-134
2021-11-13T11:16:52.317;536843414102415672;-189;1009;-166
2021-11-13T11:16:52.337;536843414122168222;-181;950;-123
2021-11-13T11:16:52.357;536843414141920772;-151;1000;-74
2021-11-13T11:16:52.377;536843414161673322;-210;998;-132
2021-11-13T11:16:52.396;536843414181425872;-185;1010;-183
2021-11-13T11:16:52.416;536843414201178422;-106;1005;-154
2021-11-13T11:16:52.436;536843414220930972;-120;1014;-173
2021-11-13T11:16:52.456;536843414240683522;-122;1066;-184
2021-11-13T11:16:52.475;536843414260436072;-171;1051;-157
2021-11-13T11:16:52.495;536843414280188622;-178;1056;-126
2021-11-13T11:16:52.515;536843414299941172;-193;1078;-91
2021-11-13T11:16:52.535;536843414319693722;-162;1014;-105
2021-11-13T11:16:52.555;536843414339446272;-94;1037;-101
2021-11-13T11:16:52.574;536843414359198822;-179;1036;-169
2021-11-13T11:16:52.594;536843414378951372;-122;1048;-118
2021-11-13T11:16:52.614;536843414398703922;-141;1049;-130
2021-11-13T11:16:52.634;536843414418456472;-127;1045;-160
2021-11-13T11:16:52.653;536843414438209022;-160;1073;-122
2021-11-13T11:16:52.673;536843414457961572;-167;1095;-77
2021-11-13T11:16:52.693;536843414477714122;-175;1084;-74
2021-11-13T11:16:52.713;536843414497466672;-216;1056;-109
2021-11-13T11:16:52.732;536843414517219238;-176;1041;-103
2021-11-13T11:16:52.752;536843414536971788;-209;1047;-121
2021-11-13T11:16:52.772;536843414556724338;-198;1062;-123
2021-11-13T11:16:52.792;536843414576476888;-196;1074;-65
2021-11-13T11:16:52.811;536843414596229438;-220;1030;-84
2021-11-13T11:16:52.831;536843414615981988;-215;1054;-127
2021-11-13T11:16:52.851;536843414635734538;-209;1063;-177
2021-11-13T11:16:52.871;536843414655487088;-135;1049;-155
2021-11-13T11:16:52.890;536843414675239638;-176;1001;-115
2021-11-13T11:16:52.910;536843414694992188;-201;1014;-105
2021-11-13T11:16:52.930;536843414714744738;-194;1030;-108
2021-11-13T11:16:52.950;536843414734497288;-230;1029;-102
2021-11-13T11:16:52.969;536843414754249838;-212;1013;-45
2021-11-13T11:16:52.989;536843414774002388;-236;1009;-27
2021-11-13T11:16:53.009;536843414793754938;-227;1014;-61
2021-11-13T11:16:53.029;536843414813507488;-203;1002;-63
2021-11-13T11:16:53.048;536843414833260038;-219;995;-59
2021-11-13T11:16:53.068;536843414853012588;-196;993;-81
2021-11-13T11:16:53.088;536843414872765138;-205;974;-74
2021-11-13T11:16:53.108;536843414892517688;-207;983;-61
2021-11-13T11:16:53.127;536843414912270238;-208;969;-57
2021-11-13T11:16:53.147;536843414932022788;-216;964;-80
2021-11-13T11:16:53.167;536843414951775338;-221;967;-92
2021-11-13T11:16:53.187;536843414971527888;-212;951;-55
2021-11-13T11:16:53.206;536843414991280438;-217;946;-32
2021-11-13T11:16:53.226;536843415011032988;-208;939;-35
2021-11-13T11:16:53.246;536843415030785538;-222;936;-66
2021-11-13T11:16:53.266;536843415050538088;-210;963;-94
2021-11-13T11:16:53.285;536843415070290638;-204;956;-72
2021-11-13T11:16:53.305;536843415090043188;-205;952;-34
2021-11-13T11:16:53.325;536843415109795738;-212;963;-52
2021-11-13T11:16:53.345;536843415129548288;-226;969;-86
2021-11-13T11:16:53.364;536843415149300838;-199;976;-71
2021-11-13T11:16:53.384;536843415169053388;-211;978;-69
2021-11-13T11:16:53.404;536843415188805938;-205;974;-81
2021-11-13T11:16:53.424;536843415208558488;-193;976;-64
2021-11-13T11:16:53.443;536843415228311050;-220;979;-75
2021-11-13T11:16:53.463;536843415248063600;-221;980;-82
2021-11-13T11:16:53.483;536843415267816150;-205;977;-73
2021-11-13T11:16:53.503;536843415287568700;-228;981;-50
2021-11-13T11:16:53.522;536843415307321250;-239;978;-58
2021-11-13T11:16:53.542;536843415327073800;-231;980;-60
2021-11-13T11:16:53.562;536843415346826350;-227;976;-61
2021-11-13T11:16:53.582;536843415366578900;-233;982;-84
2021-11-13T11:16:53.601;536843415386331450;-230;998;-89
2021-11-13T11:16:53.621;536843415406084000;-236;1044;-92
2021-11-13T11:16:53.641;536843415425836550;-258;1107;-67
2021-11-13T11:16:53.661;536843415445589100;-289;1198;-62
2021-11-13T11:16:53.680;536843415465341650;-305;1258;-56
2021-11-13T11:16:53.700;536843415485094200;-338;1288;-89
2021-11-13T11:16:53.720;536843415504846750;-293;1354;-160
2021-11-13T11:16:53.740;536843415524599300;-274;1320;-151
2021-11-13T11:16:53.759;536843415544351850;-234;1356;-142
2021-11-13T11:16:53.779;536843415564104400;-245;1252;-96
2021-11-13T11:16:53.799;536843415583856950;-172;1223;-38
2021-11-13T11:16:53.819;536843415603609500;-148;1190;-73
2021-11-13T11:16:53.838;536843415623362050;-178;1103;-70
2021-11-13T11:16:53.858;536843415643114600;-166;1096;-100
2021-11-13T11:16:53.878;536843415662867150;-198;1092;-184
2021-11-13T11:16:53.898;536843415682619700;20;1076;-103
2021-11-13T11:16:53.917;536843415702372250;-39;1002;-117
2021-11-13T11:16:53.937;536843415722124800;-58;1022;-47
2021-11-13T11:16:53.957;536843415741877350;-133;1003;50
2021-11-13T11:16:53.977;536843415761629900;-217;1031;52
2021-11-13T11:16:53.996;536843415781382450;-198;920;52
2021-11-13T11:16:54.016;536843415801135000;-233;971;8
2021-11-13T11:16:54.036;536843415820887550;-179;944;-24
2021-11-13T11:16:54.056;536843415840640100;-153;904;-101
2021-11-13T11:16:54.075;536843415860392650;-101;892;-141
2021-11-13T11:16:54.095;536843415880145200;-36;889;-163
2021-11-13T11:16:54.115;536843415899897750;-81;797;-85
2021-11-13T11:16:54.135;536843415919650300;-142;758;-68
2021-11-13T11:16:54.154;536843415939415247;-118;791;-29
2021-11-13T11:16:54.174;536843415959180176;-198;768;-56
2021-11-13T11:16:54.194;536843415978945105;-147;783;-40
2021-11-13T11:16:54.214;536843415998710034;-202;793;-13
2021-11-13T11:16:54.234;536843416018474963;-190;764;6
2021-11-13T11:16:54.253;536843416038239892;-185;825;-95
2021-11-13T11:16:54.273;536843416058004821;-165;836;-188
2021-11-13T11:16:54.293;536843416077769750;-163;898;-195
2021-11-13T11:16:54.313;536843416097534679;-155;870;-190
2021-11-13T11:16:54.332;536843416117299608;-131;912;-109
2021-11-13T11:16:54.352;536843416137064537;-218;899;-47
2021-11-13T11:16:54.372;536843416156829466;-333;837;-53
2021-11-13T11:16:54.392;536843416176594395;-311;913;-70
2021-11-13T11:16:54.411;536843416196359324;-280;923;-115
2021-11-13T11:16:54.431;536843416216124253;-326;884;-85
2021-11-13T11:16:54.451;536843416235889182;-167;896;-74
2021-11-13T11:16:54.471;536843416255654111;-175;894;-165
2021-11-13T11:16:54.490;536843416275419040;-322;893;-246
2021-11-13T11:16:54.510;536843416295183969;-259;926;-202
2021-11-13T11:16:54.530;536843416314948898;-320;836;-169
2021-11-13T11:16:54.550;536843416334713827;-249;920;-120
2021-11-13T11:16:54.570;536843416354478756;-124;920;-97
2021-11-13T11:16:54.589;536843416374243685;-230;894;-146
2021-11-13T11:16:54.609;536843416394008614;-344;930;-157
2021-11-13T11:16:54.629;536843416413773543;-277;882;-118
2021-11-13T11:16:54.649;536843416433538472;-251;938;-231
2021-11-13T11:16:54.668;536843416453303401;-226;939;-130
2021-11-13T11:16:54.688;536843416473068330;-267;906;-231
2021-11-13T11:16:54.708;536843416492833259;-280;976;-248
2021-11-13T11:16:54.728;536843416512598188;-177;958;-84
2021-11-13T11:16:54.747;536843416532363117;-270;942;-76
2021-11-13T11:16:54.767;536843416552128046;-237;946;-91
2021-11-13T11:16:54.787;536843416571892975;-275;903;-192
2021-11-13T11:16:54.807;536843416591657904;-290;893;-195
2021-11-13T11:16:54.826;536843416611422833;-160;893;-146
2021-11-13T11:16:54.846;536843416631187762;-309;849;-196
2021-11-13T11:16:54.866;536843416650946866;-308;887;-200
2021-11-13T11:16:54.886;536843416670705970;-258;889;-159
2021-11-13T11:16:54.906;536843416690465074;-265;912;-155
2021-11-13T11:16:54.925;536843416710224178;-318;863;-172
2021-11-13T11:16:54.945;536843416729983282;-314;897;-204
2021-11-13T11:16:54.965;536843416749742386;-288;913;-169
2021-11-13T11:16:54.985;536843416769501490;-257;922;-121
2021-11-13T11:16:55.004;536843416789260594;-277;854;-144
2021-11-13T11:16:55.024;536843416809019698;-329;868;-205
2021-11-13T11:16:55.044;536843416828778802;-292;857;-160
2021-11-13T11:16:55.064;536843416848537906;-278;858;-145
2021-11-13T11:16:55.083;536843416868297010;-335;779;-157
2021-11-13T11:16:55.103;536843416888056114;-230;798;-166
2021-11-13T11:16:55.123;536843416907815218;-209;835;-174
2021-11-13T11:16:55.143;536843416927574322;-250;762;-185
2021-11-13T11:16:55.162;536843416947333426;-179;764;-179
2021-11-13T11:16:55.182;536843416967092530;-310;816;-212
2021-11-13T11:16:55.202;536843416986851634;-170;826;-73
2021-11-13T11:16:55.222;536843417006610738;-255;837;-85
2021-11-13T11:16:55.241;536843417026369842;-222;873;-187
2021-11-13T11:16:55.261;536843417046128946;-114;886;-119
2021-11-13T11:16:55.281;536843417065888050;-246;851;-219
2021-11-13T11:16:55.301;536843417085647154;-181;998;-208
2021-11-13T11:16:55.320;536843417105406258;-159;908;-118
2021-11-13T11:16:55.340;536843417125165362;-276;932;-205
2021-11-13T11:16:55.360;536843417144924466;-244;930;-239
2021-11-13T11:16:55.380;536843417164683570;-110;967;-164
2021-11-13T11:16:55.400;536843417184442674;-262;933;-212
2021-11-13T11:16:55.419;536843417204201778;-191;958;-216
2021-11-13T11:16:55.439;536843417223960882;-121;982;-125
2021-11-13T11:16:55.459;536843417243719986;-221;953;-191
2021-11-13T11:16:55.479;536843417263479090;-218;986;-243
2021-11-13T11:16:55.498;536843417283238194;-162;1048;-80
2021-11-13T11:16:55.518;536843417302997298;-260;998;-70
2021-11-13T11:16:55.538;536843417322756402;-194;997;-137
2021-11-13T11:16:55.558;536843417342515506;-243;1043;-219
2021-11-13T11:16:55.577;536843417362270971;-135;1045;-79
2021-11-13T11:16:55.597;536843417382026434;-235;1033;-133
2021-11-13T11:16:55.617;536843417401781897;-191;1042;-188
2021-11-13T11:16:55.637;536843417421537360;-149;1082;-121
2021-11-13T11:16:55.656;536843417441292823;-184;1099;-133
2021-11-13T11:16:55.676;536843417461048286;-183;1070;-121
2021-11-13T11:16:55.696;536843417480803749;-190;1103;-148
2021-11-13T11:16:55.716;536843417500559212;-197;1097;-146
2021-11-13T11:16:55.735;536843417520314675;-197;1141;-174
2021-11-13T11:16:55.755;536843417540070138;-204;1084;-82
2021-11-13T11:16:55.775;536843417559825601;-214;1125;-41
2021-11-13T11:16:55.795;536843417579581064;-206;1106;-116
2021-11-13T11:16:55.814;536843417599336527;-166;1111;-135
2021-11-13T11:16:55.834;536843417619091990;-142;1096;-165
2021-11-13T11:16:55.854;536843417638847453;-156;1059;-137
2021-11-13T11:16:55.874;536843417658602916;-183;1046;-96
2021-11-13T11:16:55.893;536843417678358379;-189;1064;-97
2021-11-13T11:16:55.913;536843417698113842;-212;1026;-94
2021-11-13T11:16:55.933;536843417717869305;-194;1028;-101
2021-11-13T11:16:55.953;536843417737624768;-194;1005;-67
2021-11-13T11:16:55.972;536843417757380231;-191;1023;-59
2021-11-13T11:16:55.992;536843417777135694;-231;991;-58
2021-11-13T11:16:56.012;536843417796891157;-206;996;-82
2021-11-13T11:16:56.032;536843417816646620;-222;1017;-92
2021-11-13T11:16:56.051;536843417836402083;-200;974;-73
2021-11-13T11:16:56.071;536843417856157546;-200;976;-89
2021-11-13T11:16:56.091;536843417875913009;-182;972;-103
2021-11-13T11:16:56.111;536843417895668472;-185;972;-80
2021-11-13T11:16:56.130;536843417915423935;-210;966;-84
2021-11-13T11:16:56.150;536843417935179398;-228;959;-83
2021-11-13T11:16:56.170;536843417954934861;-201;965;-73
2021-11-13T11:16:56.190;536843417974690324;-199;951;-90
2021-11-13T11:16:56.210;536843417994445787;-184;963;-87
2021-11-13T11:16:56.229;536843418014201250;-157;948;-69
2021-11-13T11:16:56.249;536843418033956713;-198;955;-76
2021-11-13T11:16:56.269;536843418053712176;-184;967;-101
2021-11-13T11:16:56.289;536843418073470583;-190;968;-85
2021-11-13T11:16:56.308;536843418093228958;-174;976;-84
2021-11-13T11:16:56.328;536843418112987333;-214;979;-70
2021-11-13T11:16:56.348;536843418132745708;-205;973;-75
2021-11-13T11:16:56.368;536843418152504083;-191;979;-76
2021-11-13T11:16:56.387;536843418172262458;-193;986;-92
2021-11-13T11:16:56.407;536843418192020833;-214;974;-78
2021-11-13T11:16:56.427;536843418211779208;-205;976;-95
2021-11-13T11:16:56.447;536843418231537583;-204;968;-79
2021-11-13T11:16:56.466;536843418251295958;-178;979;-83
2021-11-13T11:16:56.486;536843418271054333;-201;969;-85
2021-11-13T11:16:56.506;536843418290812708;-209;976;-76
2021-11-13T11:16:56.526;536843418310571083;-203;980;-92
2021-11-13T11:16:56.545;536843418330329458;-208;974;-87
2021-11-13T11:16:56.565;536843418350087833;-159;978;-113
2021-11-13T11:16:56.585;536843418369846208;-183;973;-139
2021-11-13T11:16:56.605;536843418389604583;-178;978;-126
2021-11-13T11:16:56.624;536843418409362958;-204;976;-99
2021-11-13T11:16:56.644;536843418429121333;-235;957;-66
2021-11-13T11:16:56.664;536843418448879708;-218;972;-107
2021-11-13T11:16:56.684;536843418468638083;-218;957;-127
2021-11-13T11:16:56.703;536843418488396458;-201;965;-115
2021-11-13T11:16:56.723;536843418508154833;-215;939;-111
2021-11-13T11:16:56.743;536843418527913208;-199;948;-123
2021-11-13T11:16:56.763;536843418547671583;-212;976;-132
2021-11-13T11:16:56.782;536843418567429958;-230;970;-107
2021-11-13T11:16:56.802;536843418587188333;-244;1021;-124
2021-11-13T11:16:56.822;536843418606946708;-273;1061;-143
2021-11-13T11:16:56.842;536843418626705083;-229;1136;-57
2021-11-13T11:16:56.862;536843418646463458;-296;1150;-136
2021-11-13T11:16:56.881;536843418666221833;-263;1221;-141
2021-11-13T11:16:56.901;536843418685980208;-222;1272;-183
2021-11-13T11:16:56.921;536843418705738583;-224;1242;-185
2021-11-13T11:16:56.941;536843418725496958;-241;1268;-156
2021-11-13T11:16:56.960;536843418745255333;-297;1260;-155
2021-11-13T11:16:56.980;536843418765013708;-209;1283;-109
2021-11-13T11:16:57.000;536843418784764101;-240;1256;-122
2021-11-13T11:16:57.020;536843418804514466;-232;1237;-82
2021-11-13T11:16:57.039;536843418824264831;-199;1225;-80
2021-11-13T11:16:57.059;536843418844015196;-200;1178;-123
2021-11-13T11:16:57.079;536843418863765561;-113;1175;-99
2021-11-13T11:16:57.099;536843418883515926;-192;1102;-64
2021-11-13T11:16:57.118;536843418903266291;-136;1065;-41
2021-11-13T11:16:57.138;536843418923016656;-191;1008;-36
2021-11-13T11:16:57.158;536843418942767021;-139;993;-114
2021-11-13T11:16:57.178;536843418962517386;-108;945;-97
2021-11-13T11:16:57.197;536843418982267751;-167;944;-26
2021-11-13T11:16:57.217;536843419002018116;-134;879;91
2021-11-13T11:16:57.237;536843419021768481;-132;874;-11
2021-11-13T11:16:57.257;536843419041518846;-63;867;-73
2021-11-13T11:16:57.276;536843419061269211;-106;850;-128
2021-11-13T11:16:57.296;536843419081019576;-77;807;-100
2021-11-13T11:16:57.316;536843419100769941;-108;816;1
2021-11-13T11:16:57.336;536843419120520306;-153;800;18
2021-11-13T11:16:57.355;536843419140270671;-183;761;-47
2021-11-13T11:16:57.375;536843419160021036;-85;808;-82
2021-11-13T11:16:57.395;536843419179771401;-92;813;-70
2021-11-13T11:16:57.415;536843419199521766;-90;833;12
2021-11-13T11:16:57.434;536843419219272131;-178;803;-80
2021-11-13T11:16:57.454;536843419239022496;-152;850;-101
2021-11-13T11:16:57.474;536843419258772861;-95;860;-160
2021-11-13T11:16:57.494;536843419278523226;-172;842;-189
2021-11-13T11:16:57.513;536843419298273591;-69;865;-87
2021-11-13T11:16:57.533;536843419318023956;-174;834;-73
2021-11-13T11:16:57.553;536843419337774321;-102;907;-45
2021-11-13T11:16:57.573;536843419357524686;-312;901;-91
2021-11-13T11:16:57.592;536843419377275051;-302;932;-125
2021-11-13T11:16:57.612;536843419397025416;-98;955;-82
2021-11-13T11:16:57.632;536843419416775781;-105;976;-125
2021-11-13T11:16:57.652;536843419436526146;-157;926;-106
2021-11-13T11:16:57.671;536843419456276511;-164;953;-130
2021-11-13T11:16:57.691;536843419476026876;-346;945;-215
2021-11-13T11:16:57.711;536843419495781644;-275;922;-139
2021-11-13T11:16:57.731;536843419515536378;-183;945;-130
2021-11-13T11:16:57.750;536843419535291112;-67;946;-92
2021-11-13T11:16:57.770;536843419555045846;-209;914;-90
2021-11-13T11:16:57.790;536843419574800580;-306;890;-174
2021-11-13T11:16:57.810;536843419594555314;-230;936;-172
2021-11-13T11:16:57.829;536843419614310048;-95;924;-82
2021-11-13T11:16:57.849;536843419634064782;-89;884;-112
2021-11-13T11:16:57.869;536843419653819516;-218;913;-212
2021-11-13T11:16:57.889;536843419673574250;-291;888;-257
2021-11-13T11:16:57.908;536843419693328984;-327;895;-212
2021-11-13T11:16:57.928;536843419713083718;-171;897;-124
2021-11-13T11:16:57.948;536843419732838452;-190;849;-155
2021-11-13T11:16:57.968;536843419752593186;-151;872;-182
2021-11-13T11:16:57.987;536843419772347920;-236;867;-182
2021-11-13T11:16:58.007;536843419792102654;-246;860;-193
2021-11-13T11:16:58.027;536843419811857388;-277;827;-228
2021-11-13T11:16:58.047;536843419831612122;-257;798;-236
2021-11-13T11:16:58.066;536843419851366856;-142;852;-196
2021-11-13T11:16:58.086;536843419871121590;-295;741;-205
2021-11-13T11:16:58.106;536843419890876324;-243;687;-240
2021-11-13T11:16:58.126;536843419910631058;-194;773;-188
2021-11-13T11:16:58.145;536843419930385792;-53;804;-67
2021-11-13T11:16:58.165;536843419950140526;-242;701;-110
2021-11-13T11:16:58.185;536843419969895260;-163;763;-181
2021-11-13T11:16:58.205;536843419989649994;-38;859;-169
2021-11-13T11:16:58.224;536843420009404728;-156;877;-181
2021-11-13T11:16:58.244;536843420029159462;-92;891;-188
2021-11-13T11:16:58.264;536843420048914196;-106;964;-116
2021-11-13T11:16:58.284;536843420068668930;-299;968;-115
2021-11-13T11:16:58.303;536843420088423664;-121;978;-99
2021-11-13T11:16:58.323;536843420108178398;-255;1038;-178
2021-11-13T11:16:58.343;536843420127933132;-225;971;-185
2021-11-13T11:16:58.363;536843420147687866;-94;1020;-48
2021-11-13T11:16:58.383;536843420167442600;-214;937;-163
2021-11-13T11:16:58.402;536843420187197334;-59;974;-194
2021-11-13T11:16:58.422;536843420206955741;-138;970;-175
2021-11-13T11:16:58.442;536843420226714116;-121;958;-156
2021-11-13T11:16:58.462;536843420246472491;-129;982;-165
2021-11-13T11:16:58.481;536843420266230866;-119;970;-157
2021-11-13T11:16:58.501;536843420285989241;-172;999;-139
2021-11-13T11:16:58.521;536843420305747616;-208;996;-130
2021-11-13T11:16:58.541;536843420325505991;-200;1010;-116
2021-11-13T11:16:58.560;536843420345264366;-213;1040;-134
2021-11-13T11:16:58.580;536843420365022741;-161;1021;-94
2021-11-13T11:16:58.600;536843420384781116;-182;1073;-116
2021-11-13T11:16:58.620;536843420404539491;-193;1096;-109
2021-11-13T11:16:58.639;536843420424297866;-198;1088;-136
2021-11-13T11:16:58.659;536843420444056241;-155;1107;-137
2021-11-13T11:16:58.679;536843420463814616;-156;1116;-147
2021-11-13T11:16:58.699;536843420483572991;-126;1108;-143
2021-11-13T11:16:58.718;536843420503331366;-165;1123;-159
2021-11-13T11:16:58.738;536843420523089741;-151;1076;-206
2021-11-13T11:16:58.758;536843420542848116;-148;1121;-200
2021-11-13T11:16:58.778;536843420562606491;-157;1101;-181
2021-11-13T11:16:58.797;536843420582364866;-170;1056;-169
2021-11-13T11:16:58.817;536843420602123241;-147;1102;-226
2021-11-13T11:16:58.837;536843420621881616;-164;1062;-205
2021-11-13T11:16:58.857;536843420641639991;-200;1052;-188
2021-11-13T11:16:58.876;536843420661398366;-170;1069;-147
2021-11-13T11:16:58.896;536843420681156741;-181;1054;-146
2021-11-13T11:16:58.916;536843420700915116;-175;1033;-151
2021-11-13T11:16:58.936;536843420720673491;-138;1032;-174
2021-11-13T11:16:58.955;536843420740431866;-214;1049;-152
2021-11-13T11:16:58.975;536843420760190241;-209;1036;-126
2021-11-13T11:16:58.995;536843420779948616;-203;1039;-151
2021-11-13T11:16:59.015;536843420799706991;-209;999;-116
2021-11-13T11:16:59.035;536843420819465366;-213;995;-81
2021-11-13T11:16:59.054;536843420839223741;-227;981;-111
2021-11-13T11:16:59.074;536843420858982116;-207;982;-124
2021-11-13T11:16:59.094;536843420878740491;-177;958;-102
2021-11-13T11:16:59.114;536843420898498866;-173;948;-110
2021-11-13T11:16:59.133;536843420918260904;-162;958;-145
2021-11-13T11:16:59.153;536843420938022920;-134;951;-156
2021-11-13T11:16:59.173;536843420957784936;-140;949;-179
2021-11-13T11:16:59.193;536843420977546952;-126;950;-143
2021-11-13T11:16:59.212;536843420997308968;-190;944;-142
2021-11-13T11:16:59.232;536843421017070984;-159;946;-127
2021-11-13T11:16:59.252;536843421036833000;-178;943;-125
2021-11-13T11:16:59.272;536843421056595016;-161;956;-114
2021-11-13T11:16:59.291;536843421076357032;-151;933;-107
2021-11-13T11:16:59.311;536843421096119048;-189;962;-139
2021-11-13T11:16:59.331;536843421115881064;-160;961;-141
2021-11-13T11:16:59.351;536843421135643080;-148;979;-161
2021-11-13T11:16:59.370;536843421155405096;-211;976;-169
2021-11-13T11:16:59.390;536843421175167112;-170;982;-134
2021-11-13T11:16:59.410;536843421194929128;-198;976;-134
2021-11-13T11:16:59.430;536843421214691144;-228;994;-126
2021-11-13T11:16:59.450;536843421234453160;-248;985;-140
2021-11-13T11:16:59.469;536843421254215176;-229;979;-110
2021-11-13T11:16:59.489;536843421273977192;-225;952;-113
2021-11-13T11:16:59.509;536843421293739208;-228;956;-139
2021-11-13T11:16:59.529;536843421313501224;-207;948;-147
2021-11-13T11:16:59.548;536843421333263240;-209;937;-140
2021-11-13T11:16:59.568;536843421353025256;-194;969;-123
2021-11-13T11:16:59.588;536843421372787272;-198;973;-163
2021-11-13T11:16:59.608;536843421392549288;-237;1059;-187
2021-11-13T11:16:59.627;536843421412311304;-232;1102;-145
2021-11-13T11:16:59.647;536843421432073320;-265;1181;-180
2021-11-13T11:16:59.667;536843421451835336;-254;1244;-182
2021-11-13T11:16:59.687;536843421471597352;-256;1291;-238
2021-11-13T11:16:59.706;536843421491359368;-270;1330;-199
2021-11-13T11:16:59.726;536843421511121384;-281;1306;-67
2021-11-13T11:16:59.746;536843421530883400;-307;1350;-41
2021-11-13T11:16:59.766;536843421550645416;-302;1300;-41
2021-11-13T11:16:59.785;536843421570407432;-264;1255;-69
2021-11-13T11:16:59.805;536843421590169448;-220;1217;-98
2021-11-13T11:16:59.825;536843421609931464;-151;1211;-117
2021-11-13T11:16:59.845;536843421629681129;-141;1087;-43
2021-11-13T11:16:59.864;536843421649430766;-120;1093;-34
2021-11-13T11:16:59.884;536843421669180403;-125;1081;-67
2021-11-13T11:16:59.904;536843421688930040;-110;1027;-36
2021-11-13T11:16:59.924;536843421708679677;-123;981;-44
2021-11-13T11:16:59.943;536843421728429314;-124;949;-89
2021-11-13T11:16:59.963;536843421748178951;-62;935;18
2021-11-13T11:16:59.983;536843421767928588;-193;889;-42
2021-11-13T11:17:00.003;536843421787678225;-108;859;-80
2021-11-13T11:17:00.022;536843421807427862;-145;873;-49
2021-11-13T11:17:00.042;536843421827177499;-216;893;-45
2021-11-13T11:17:00.062;536843421846927136;-128;833;-15
2021-11-13T11:17:00.082;536843421866676773;-190;831;-6
2021-11-13T11:17:00.101;536843421886426410;-194;808;-62
2021-11-13T11:17:00.121;536843421906176047;-209;829;-63
2021-11-13T11:17:00.141;536843421925925684;-230;864;-52
2021-11-13T11:17:00.161;536843421945675321;-140;852;-83
2021-11-13T11:17:00.180;536843421965424958;-225;838;-142
2021-11-13T11:17:00.200;536843421985174595;-134;869;-174
2021-11-13T11:17:00.220;536843422004924232;-208;831;-162
2021-11-13T11:17:00.240;536843422024673869;-170;877;-164
2021-11-13T11:17:00.259;536843422044423506;-99;876;-95
2021-11-13T11:17:00.279;536843422064173143;-212;852;-74
2021-11-13T11:17:00.299;536843422083922780;-186;864;-50
2021-11-13T11:17:00.319;536843422103672417;-302;831;-78
2021-11-13T11:17:00.338;536843422123422054;-219;870;-112
2021-11-13T11:17:00.358;536843422143171691;-150;856;-143
2021-11-13T11:17:00.378;536843422162921328;-182;833;-178
2021-11-13T11:17:00.398;536843422182670965;-137;861;-105
2021-11-13T11:17:00.417;536843422202420602;-203;903;-118
2021-11-13T11:17:00.437;536843422222170239;-332;897;-156
2021-11-13T11:17:00.457;536843422241919876;-198;965;-115
2021-11-13T11:17:00.477;536843422261669513;-157;929;-62
2021-11-13T11:17:00.496;536843422281419150;-215;944;-79
2021-11-13T11:17:00.516;536843422301168787;-235;953;-110
2021-11-13T11:17:00.536;536843422320918424;-237;939;-55
2021-11-13T11:17:00.556;536843422340674621;-245;952;-105
2021-11-13T11:17:00.575;536843422360430812;-136;974;-63
2021-11-13T11:17:00.595;536843422380187003;-135;897;-104
2021-11-13T11:17:00.615;536843422399943194;-256;974;-118
2021-11-13T11:17:00.635;536843422419699385;-243;900;-91
2021-11-13T11:17:00.655;536843422439455576;-211;910;-94
2021-11-13T11:17:00.674;536843422459211767;-21;928;58
2021-11-13T11:17:00.694;536843422478967958;-139;893;-40
2021-11-13T11:17:00.714;536843422498724149;-208;960;-113
2021-11-13T11:17:00.734;536843422518480340;-282;919;-107
2021-11-13T11:17:00.753;536843422538236531;-137;975;-100
2021-11-13T11:17:00.773;536843422557992722;-10;998;25
2021-11-13T11:17:00.793;536843422577748913;-127;967;-52
2021-11-13T11:17:00.813;536843422597505104;-200;984;-114
2021-11-13T11:17:00.832;536843422617261295;-200;997;-92
2021-11-13T11:17:00.852;536843422637017486;-50;1003;-52
2021-11-13T11:17:00.872;536843422656773677;-90;985;-55
2021-11-13T11:17:00.892;536843422676529868;-166;989;-85
2021-11-13T11:17:00.911;536843422696286059;-121;1013;-59
2021-11-13T11:17:00.931;536843422716042250;-76;990;-52
2021-11-13T11:17:00.951;536843422735798441;-116;991;-96
2021-11-13T11:17:00.971;536843422755554632;-128;981;-111
2021-11-13T11:17:00.990;536843422775310823;-59;987;-118
2021-11-13T11:17:01.010;536843422795067014;-34;989;-116
2021-11-13T11:17:01.030;536843422814823205;-83;990;-82
2021-11-13T11:17:01.050;536843422834579396;-137;963;-69
2021-11-13T11:17:01.069;536843422854335587;-136;991;-90
2021-11-13T11:17:01.089;536843422874091778;-32;982;-66
2021-11-13T11:17:01.109;536843422893847969;-58;989;-96
2021-11-13T11:17:01.129;536843422913604160;-104;984;-105
2021-11-13T11:17:01.148;536843422933360351;-156;980;-122
2021-11-13T11:17:01.168;536843422953116542;-132;972;-110
2021-11-13T11:17:01.188;536843422972872733;-108;965;-163
2021-11-13T11:17:01.208;536843422992628924;-48;998;-54
2021-11-13T11:17:01.227;536843423012385115;-149;959;-85
2021-11-13T11:17:01.247;536843423032141306;-250;968;-124
