Phone timestamp;sensor timestamp [ns];X [mg];Y [mg];Z [mg]
2021-11-13T11:23:45.695;536843827519645916;241;-1074;92
2021-11-13T11:23:45.714;536843827539405748;265;-1043;91
2021-11-13T11:23:45.734;536843827559165580;240;-1009;131
2021-11-13T11:23:45.754;536843827578925412;247;-1018;88
2021-11-13T11:23:45.774;536843827598685244;238;-967;62
2021-11-13T11:23:45.793;536843827618445076;222;-983;49
2021-11-13T11:23:45.813;536843827638204908;274;-964;48
2021-11-13T11:23:45.833;536843827657964740;172;-994;109
2021-11-13T11:23:45.853;536843827677724572;184;-960;150
2021-11-13T11:23:45.872;536843827697484404;338;-988;102
2021-11-13T11:23:45.892;536843827717244236;189;-951;-4
2021-11-13T11:23:45.912;536843827737004068;218;-990;140
2021-11-13T11:23:45.932;536843827756763900;204;-899;225
2021-11-13T11:23:45.951;536843827776523732;221;-912;167
2021-11-13T11:23:45.971;536843827796283564;253;-974;51
2021-11-13T11:23:45.991;536843827816043396;116;-907;251
2021-11-13T11:23:46.011;536843827835803228;213;-913;179
2021-11-13T11:23:46.030;536843827855563060;208;-897;95
2021-11-13T11:23:46.050;536843827875322892;93;-937;133
2021-11-13T11:23:46.070;536843827895082724;96;-930;234
2021-11-13T11:23:46.090;536843827914842556;138;-916;278
2021-11-13T11:23:46.109;536843827934602388;110;-926;181
2021-11-13T11:23:46.129;536843827954362220;85;-932;201
2021-11-13T11:23:46.149;536843827974122052;63;-958;288
2021-11-13T11:23:46.169;536843827993881884;-24;-977;256
2021-11-13T11:23:46.188;536843828013641716;188;-952;197
2021-11-13T11:23:46.208;536843828033401548;3;-959;280
2021-11-13T11:23:46.228;536843828053161380;88;-1009;307
2021-11-13T11:23:46.248;536843828072921212;183;-1026;258
2021-11-13T11:23:46.268;536843828092681044;38;-1026;299
2021-11-13T11:23:46.287;536843828112440876;92;-1032;236
2021-11-13T11:23:46.307;536843828132200708;42;-1038;133
2021-11-13T11:23:46.327;536843828151960540;54;-1025;273
2021-11-13T11:23:46.347;536843828171720372;94;-1099;260
2021-11-13T11:23:46.366;536843828191480204;160;-1110;259
2021-11-13T11:23:46.386;536843828211240036;128;-1023;257
2021-11-13T11:23:46.406;536843828230999876;112;-1096;189
2021-11-13T11:23:46.426;536843828250759708;161;-1076;190
2021-11-13T11:23:46.445;536843828270519540;62;-1024;271
2021-11-13T11:23:46.465;536843828290279372;76;-1029;149
2021-11-13T11:23:46.485;536843828310039204;75;-1037;126
2021-11-13T11:23:46.505;536843828329799036;64;-1046;143
2021-11-13T11:23:46.524;536843828349558868;118;-1035;154
2021-11-13T11:23:46.544;536843828369318700;101;-1066;151
2021-11-13T11:23:46.564;536843828389078532;84;-1038;214
2021-11-13T11:23:46.584;536843828408838364;212;-1098;126
2021-11-13T11:23:46.603;536843828428598196;120;-1064;92
2021-11-13T11:23:46.623;536843828448358028;114;-1070;121
2021-11-13T11:23:46.643;536843828468117860;151;-1058;178
2021-11-13T11:23:46.663;536843828487877692;177;-1055;186
2021-11-13T11:23:46.682;536843828507637524;118;-1089;123
2021-11-13T11:23:46.702;536843828527397356;170;-1101;154
2021-11-13T11:23:46.722;536843828547157188;222;-1145;194
2021-11-13T11:23:46.742;536843828566917020;79;-1106;142
2021-11-13T11:23:46.762;536843828586676852;174;-1124;133
2021-11-13T11:23:46.781;536843828606436684;152;-1099;148
2021-11-13T11:23:46.801;536843828626196516;156;-1146;132
2021-11-13T11:23:46.821;536843828645956348;71;-1103;138
2021-11-13T11:23:46.841;536843828665716180;261;-1180;142
2021-11-13T11:23:46.860;536843828685476012;105;-1128;178
2021-11-13T11:23:46.880;536843828705235844;350;-1136;195
2021-11-13T11:23:46.900;536843828724995676;249;-1117;212
2021-11-13T11:23:46.920;536843828744755508;175;-1075;205
2021-11-13T11:23:46.939;536843828764515340;66;-1047;94
2021-11-13T11:23:46.959;536843828784275172;106;-1075;43
2021-11-13T11:23:46.979;536843828804035004;200;-1083;98
2021-11-13T11:23:46.999;536843828823794836;229;-1059;173
2021-11-13T11:23:47.018;536843828843554668;174;-1056;170
2021-11-13T11:23:47.038;536843828863314500;183;-1074;210
2021-11-13T11:23:47.058;536843828883074332;248;-1106;176
2021-11-13T11:23:47.078;536843828902834164;231;-1105;229
2021-11-13T11:23:47.097;536843828922593996;117;-1063;197
2021-11-13T11:23:47.117;536843828942342185;239;-1105;189
2021-11-13T11:23:47.137;536843828962090366;99;-1031;194
2021-11-13T11:23:47.157;536843828981838547;158;-1028;159
2021-11-13T11:23:47.176;536843829001586728;129;-1027;157
2021-11-13T11:23:47.196;536843829021334909;137;-1028;178
2021-11-13T11:23:47.216;536843829041083090;173;-1035;242
2021-11-13T11:23:47.236;536843829060831271;167;-1050;173
2021-11-13T11:23:47.255;536843829080579452;142;-1059;161
2021-11-13T11:23:47.275;536843829100327633;137;-1065;139
2021-11-13T11:23:47.295;536843829120075814;135;-1056;145
2021-11-13T11:23:47.315;536843829139823995;152;-1068;151
2021-11-13T11:23:47.334;536843829159572176;126;-1057;172
2021-11-13T11:23:47.354;536843829179320357;139;-1056;152
2021-11-13T11:23:47.374;536843829199068538;140;-1072;140
2021-11-13T11:23:47.394;536843829218816719;195;-1078;180
2021-11-13T11:23:47.413;536843829238564900;126;-1062;198
2021-11-13T11:23:47.433;536843829258313081;130;-1051;147
2021-11-13T11:23:47.453;536843829278061262;114;-1070;127
2021-11-13T11:23:47.473;536843829297809443;125;-1054;147
2021-11-13T11:23:47.492;536843829317557624;110;-1058;139
2021-11-13T11:23:47.512;536843829337305805;118;-1065;163
2021-11-13T11:23:47.532;536843829357053986;168;-1096;165
2021-11-13T11:23:47.552;536843829376802167;157;-1109;212
2021-11-13T11:23:47.571;536843829396550348;200;-1171;219
2021-11-13T11:23:47.591;536843829416298529;170;-1217;224
2021-11-13T11:23:47.611;536843829436046710;151;-1249;197
2021-11-13T11:23:47.631;536843829455794891;152;-1264;213
2021-11-13T11:23:47.650;536843829475543072;207;-1298;189
2021-11-13T11:23:47.670;536843829495291253;181;-1335;234
2021-11-13T11:23:47.690;536843829515039434;128;-1329;170
2021-11-13T11:23:47.710;536843829534787615;222;-1367;238
2021-11-13T11:23:47.729;536843829554535796;212;-1347;274
2021-11-13T11:23:47.749;536843829574283977;181;-1266;264
2021-11-13T11:23:47.769;536843829594032158;151;-1270;190
2021-11-13T11:23:47.789;536843829613780339;100;-1223;252
2021-11-13T11:23:47.808;536843829633528520;72;-1190;233
2021-11-13T11:23:47.828;536843829653278185;65;-1136;201
2021-11-13T11:23:47.848;536843829673027822;94;-1117;190
2021-11-13T11:23:47.868;536843829692777459;123;-1129;194
2021-11-13T11:23:47.887;536843829712527096;-24;-1039;239
2021-11-13T11:23:47.907;536843829732276733;96;-1030;208
2021-11-13T11:23:47.927;536843829752026370;-4;-1011;209
2021-11-13T11:23:47.947;536843829771776007;149;-1056;184
2021-11-13T11:23:47.966;536843829791525644;-8;-1006;113
2021-11-13T11:23:47.986;536843829811275281;12;-1012;131
2021-11-13T11:23:48.006;536843829831024918;-5;-966;207
2021-11-13T11:23:48.026;536843829850774555;15;-950;145
2021-11-13T11:23:48.045;536843829870524192;24;-959;67
2021-11-13T11:23:48.065;536843829890273829;57;-923;201
2021-11-13T11:23:48.085;536843829910023466;50;-939;145
2021-11-13T11:23:48.105;536843829929773103;11;-930;111
2021-11-13T11:23:48.124;536843829949522740;24;-886;62
2021-11-13T11:23:48.144;536843829969272377;18;-906;33
2021-11-13T11:23:48.164;536843829989022014;54;-912;62
2021-11-13T11:23:48.184;536843830008771651;20;-901;107
2021-11-13T11:23:48.203;536843830028521288;87;-947;58
2021-11-13T11:23:48.223;536843830048270925;86;-890;130
2021-11-13T11:23:48.243;536843830068020562;124;-957;69
2021-11-13T11:23:48.263;536843830087770199;42;-980;42
2021-11-13T11:23:48.282;536843830107519836;78;-963;110
2021-11-13T11:23:48.302;536843830127269473;190;-967;15
2021-11-13T11:23:48.322;536843830147019110;-48;-1011;136
2021-11-13T11:23:48.342;536843830166768747;168;-991;93
2021-11-13T11:23:48.361;536843830186518384;153;-967;47
2021-11-13T11:23:48.381;536843830206268021;18;-1024;123
2021-11-13T11:23:48.401;536843830226017658;76;-975;189
2021-11-13T11:23:48.421;536843830245767295;187;-952;97
2021-11-13T11:23:48.440;536843830265516932;87;-1016;64
2021-11-13T11:23:48.460;536843830285266569;68;-960;123
2021-11-13T11:23:48.480;536843830305016206;145;-911;164
2021-11-13T11:23:48.500;536843830324765843;92;-976;143
2021-11-13T11:23:48.519;536843830344515480;179;-990;119
2021-11-13T11:23:48.539;536843830364268042;274;-994;93
2021-11-13T11:23:48.559;536843830384020592;35;-1026;186
2021-11-13T11:23:48.579;536843830403773142;161;-970;112
2021-11-13T11:23:48.598;536843830423525692;172;-1020;110
2021-11-13T11:23:48.618;536843830443278242;237;-1017;135
2021-11-13T11:23:48.638;536843830463030792;250;-973;106
2021-11-13T11:23:48.658;536843830482783342;160;-1026;129
2021-11-13T11:23:48.677;536843830502535892;107;-905;180
2021-11-13T11:23:48.697;536843830522288442;233;-1012;186
2021-11-13T11:23:48.717;536843830542040992;175;-983;123
2021-11-13T11:23:48.737;536843830561793542;277;-1017;104
2021-11-13T11:23:48.756;536843830581546092;186;-1012;93
2021-11-13T11:23:48.776;536843830601298642;123;-1003;114
2021-11-13T11:23:48.796;536843830621051192;1119;-1056;-165
2021-11-13T11:23:48.816;536843830640803742;-323;-1003;204
2021-11-13T11:23:48.835;536843830660556292;536;-1047;121
2021-11-13T11:23:48.855;536843830680308842;-167;-1018;231
2021-11-13T11:23:48.875;536843830700061392;129;-996;234
2021-11-13T11:23:48.895;536843830719813942;30;-1077;145
2021-11-13T11:23:48.914;536843830739566492;87;-1060;129
2021-11-13T11:23:48.934;536843830759319042;295;-1090;206
2021-11-13T11:23:48.954;536843830779071592;-56;-1073;184
2021-11-13T11:23:48.974;536843830798824142;17;-1008;225
2021-11-13T11:23:48.993;536843830818576692;189;-1076;221
2021-11-13T11:23:49.013;536843830838329242;121;-1040;220
2021-11-13T11:23:49.033;536843830858081792;511;-1166;-201
2021-11-13T11:23:49.053;536843830877834342;478;-701;227
2021-11-13T11:23:49.072;536843830897586892;-8;-1284;167
2021-11-13T11:23:49.092;536843830917339442;224;-879;155
2021-11-13T11:23:49.112;536843830937091992;-62;-1008;214
2021-11-13T11:23:49.132;536843830956844542;96;-1019;139
2021-11-13T11:23:49.151;536843830976597092;210;-1090;138
2021-11-13T11:23:49.171;536843830996349642;160;-1066;147
2021-11-13T11:23:49.191;536843831016102192;159;-1076;176
2021-11-13T11:23:49.211;536843831035854742;218;-1099;105
2021-11-13T11:23:49.230;536843831055607292;201;-1092;66
2021-11-13T11:23:49.250;536843831075369334;253;-1078;73
2021-11-13T11:23:49.270;536843831095131350;202;-1055;130
2021-11-13T11:23:49.290;536843831114893366;236;-1032;95
2021-11-13T11:23:49.310;536843831134655382;258;-1030;21
2021-11-13T11:23:49.329;536843831154417398;268;-1024;39
2021-11-13T11:23:49.349;536843831174179414;230;-974;87
2021-11-13T11:23:49.369;536843831193941430;240;-973;43
2021-11-13T11:23:49.389;536843831213703446;197;-942;33
2021-11-13T11:23:49.408;536843831233465462;262;-938;68
2021-11-13T11:23:49.428;536843831253227478;226;-977;57
2021-11-13T11:23:49.448;536843831272989494;209;-963;49
2021-11-13T11:23:49.468;536843831292751510;196;-978;75
2021-11-13T11:23:49.487;536843831312513526;225;-993;104
2021-11-13T11:23:49.507;536843831332275542;248;-977;80
2021-11-13T11:23:49.527;536843831352037558;179;-998;108
2021-11-13T11:23:49.547;536843831371799574;199;-968;171
2021-11-13T11:23:49.566;536843831391561590;181;-993;129
2021-11-13T11:23:49.586;536843831411323606;177;-944;57
2021-11-13T11:23:49.606;536843831431085622;162;-976;109
2021-11-13T11:23:49.626;536843831450847638;116;-955;220
2021-11-13T11:23:49.645;536843831470609654;221;-949;121
2021-11-13T11:23:49.665;536843831490371670;108;-919;0
2021-11-13T11:23:49.685;536843831510133686;69;-939;124
2021-11-13T11:23:49.705;536843831529895702;85;-885;221
2021-11-13T11:23:49.725;536843831549657718;207;-887;154
2021-11-13T11:23:49.744;536843831569419734;70;-921;122
2021-11-13T11:23:49.764;536843831589181750;-28;-920;178
2021-11-13T11:23:49.784;536843831608943766;122;-959;161
2021-11-13T11:23:49.804;536843831628705782;120;-1014;122
2021-11-13T11:23:49.823;536843831648467798;17;-991;278
2021-11-13T11:23:49.843;536843831668229814;142;-1013;214
2021-11-13T11:23:49.863;536843831687991830;51;-1067;120
2021-11-13T11:23:49.883;536843831707753846;42;-1024;251
2021-11-13T11:23:49.902;536843831727515862;92;-1029;239
2021-11-13T11:23:49.922;536843831747277878;150;-1047;123
2021-11-13T11:23:49.942;536843831767039894;2;-1034;185
2021-11-13T11:23:49.962;536843831786798301;87;-1045;198
2021-11-13T11:23:49.981;536843831806556676;79;-1018;146
2021-11-13T11:23:50.001;536843831826315051;44;-1055;207
2021-11-13T11:23:50.021;536843831846073426;82;-1055;286
2021-11-13T11:23:50.041;536843831865831801;69;-1058;235
2021-11-13T11:23:50.060;536843831885590176;112;-1084;72
2021-11-13T11:23:50.080;536843831905348551;83;-1065;208
2021-11-13T11:23:50.100;536843831925106926;107;-1066;195
2021-11-13T11:23:50.120;536843831944865301;108;-1084;70
2021-11-13T11:23:50.139;536843831964623676;94;-1082;146
2021-11-13T11:23:50.159;536843831984382051;68;-1097;172
2021-11-13T11:23:50.179;536843832004140426;184;-1097;136
2021-11-13T11:23:50.199;536843832023898801;175;-1054;216
2021-11-13T11:23:50.219;536843832043657176;83;-1076;137
2021-11-13T11:23:50.238;536843832063415551;116;-1052;142
2021-11-13T11:23:50.258;536843832083173926;213;-1096;130
2021-11-13T11:23:50.278;536843832102932301;52;-1066;207
2021-11-13T11:23:50.298;536843832122690676;134;-1097;212
2021-11-13T11:23:50.317;536843832142449051;138;-1096;150
2021-11-13T11:23:50.337;536843832162207426;111;-1070;156
2021-11-13T11:23:50.357;536843832181965801;178;-1106;157
2021-11-13T11:23:50.377;536843832201724176;171;-1092;180
2021-11-13T11:23:50.396;536843832221482551;126;-1067;197
2021-11-13T11:23:50.416;536843832241240926;191;-1091;141
2021-11-13T11:23:50.436;536843832260999301;110;-1090;167
2021-11-13T11:23:50.456;536843832280757676;167;-1091;185
2021-11-13T11:23:50.475;536843832300516051;145;-1081;138
2021-11-13T11:23:50.495;536843832320274426;193;-1061;161
2021-11-13T11:23:50.515;536843832340032801;160;-1080;156
2021-11-13T11:23:50.535;536843832359791176;154;-1069;157
2021-11-13T11:23:50.554;536843832379549551;170;-1068;156
2021-11-13T11:23:50.574;536843832399307926;233;-1119;226
2021-11-13T11:23:50.594;536843832419066301;162;-1100;225
2021-11-13T11:23:50.614;536843832438824676;264;-1173;108
2021-11-13T11:23:50.633;536843832458583051;148;-1118;166
2021-11-13T11:23:50.653;536843832478341426;178;-1138;229
2021-11-13T11:23:50.673;536843832498104200;121;-1112;159
2021-11-13T11:23:50.693;536843832517866944;178;-1123;165
2021-11-13T11:23:50.712;536843832537629688;153;-1127;180
2021-11-13T11:23:50.732;536843832557392432;170;-1086;197
2021-11-13T11:23:50.752;536843832577155176;191;-1100;175
2021-11-13T11:23:50.772;536843832596917920;179;-1082;212
2021-11-13T11:23:50.792;536843832616680664;151;-1050;239
2021-11-13T11:23:50.811;536843832636443408;128;-1050;201
2021-11-13T11:23:50.831;536843832656206152;183;-1066;191
2021-11-13T11:23:50.851;536843832675968896;145;-1058;192
2021-11-13T11:23:50.871;536843832695731640;128;-1053;157
2021-11-13T11:23:50.890;536843832715494384;160;-1045;192
2021-11-13T11:23:50.910;536843832735257128;114;-1053;179
2021-11-13T11:23:50.930;536843832755019872;137;-1058;173
2021-11-13T11:23:50.950;536843832774782616;192;-1104;188
2021-11-13T11:23:50.969;536843832794545360;184;-1111;211
2021-11-13T11:23:50.989;536843832814308104;219;-1172;207
2021-11-13T11:23:51.009;536843832834070848;172;-1189;225
2021-11-13T11:23:51.029;536843832853833592;221;-1220;241
2021-11-13T11:23:51.048;536843832873596336;140;-1244;188
2021-11-13T11:23:51.068;536843832893359080;185;-1256;197
2021-11-13T11:23:51.088;536843832913121824;152;-1292;209
2021-11-13T11:23:51.108;536843832932884568;129;-1248;228
2021-11-13T11:23:51.128;536843832952647312;225;-1261;210
2021-11-13T11:23:51.147;536843832972410056;173;-1247;241
2021-11-13T11:23:51.167;536843832992172800;142;-1236;218
2021-11-13T11:23:51.187;536843833011935544;97;-1201;177
2021-11-13T11:23:51.207;536843833031698288;131;-1201;213
2021-11-13T11:23:51.226;536843833051461032;63;-1176;209
2021-11-13T11:23:51.246;536843833071223776;97;-1159;195
2021-11-13T11:23:51.266;536843833090986520;96;-1147;202
2021-11-13T11:23:51.286;536843833110749264;67;-1138;220
2021-11-13T11:23:51.305;536843833130512008;71;-1109;175
2021-11-13T11:23:51.325;536843833150274752;120;-1099;232
2021-11-13T11:23:51.345;536843833170037496;93;-1065;172
2021-11-13T11:23:51.365;536843833189800240;60;-1039;157
2021-11-13T11:23:51.384;536843833209557911;23;-1019;155
2021-11-13T11:23:51.404;536843833229315558;10;-1019;87
2021-11-13T11:23:51.424;536843833249073205;4;-1008;111
2021-11-13T11:23:51.444;536843833268830852;28;-988;132
2021-11-13T11:23:51.463;536843833288588499;44;-1014;90
2021-11-13T11:23:51.483;536843833308346146;32;-960;126
2021-11-13T11:23:51.503;536843833328103793;29;-968;91
2021-11-13T11:23:51.523;536843833347861440;39;-979;62
2021-11-13T11:23:51.542;536843833367619087;30;-928;187
2021-11-13T11:23:51.562;536843833387376734;100;-948;64
2021-11-13T11:23:51.582;536843833407134381;-1;-944;110
2021-11-13T11:23:51.602;536843833426892028;4;-984;47
2021-11-13T11:23:51.622;536843833446649675;74;-982;73
2021-11-13T11:23:51.641;536843833466407322;53;-919;170
2021-11-13T11:23:51.661;536843833486164969;33;-978;46
2021-11-13T11:23:51.681;536843833505922616;52;-988;33
2021-11-13T11:23:51.701;536843833525680263;13;-960;86
2021-11-13T11:23:51.720;536843833545437910;146;-953;101
2021-11-13T11:23:51.740;536843833565195557;92;-973;62
2021-11-13T11:23:51.760;536843833584953204;-43;-997;158
2021-11-13T11:23:51.780;536843833604710851;224;-1009;61
2021-11-13T11:23:51.799;536843833624468498;67;-999;89
2021-11-13T11:23:51.819;536843833644226145;69;-1007;12
2021-11-13T11:23:51.839;536843833663983792;90;-980;16
2021-11-13T11:23:51.859;536843833683741439;120;-1014;78
2021-11-13T11:23:51.878;536843833703499086;144;-992;22
2021-11-13T11:23:51.898;536843833723256733;63;-997;65
2021-11-13T11:23:51.918;536843833743014380;82;-981;137
2021-11-13T11:23:51.938;536843833762772027;196;-997;79
2021-11-13T11:23:51.957;536843833782529674;59;-1009;53
2021-11-13T11:23:51.977;536843833802287321;151;-964;34
2021-11-13T11:23:51.997;536843833822044968;125;-1005;91
2021-11-13T11:23:52.017;536843833841802615;135;-989;116
2021-11-13T11:23:52.036;536843833861560262;70;-1019;36
2021-11-13T11:23:52.056;536843833881317909;40;-1001;186
2021-11-13T11:23:52.076;536843833901075556;211;-1033;124
2021-11-13T11:23:52.096;536843833920830324;101;-1022;39
2021-11-13T11:23:52.115;536843833940585058;128;-1016;187
2021-11-13T11:23:52.135;536843833960339792;199;-1025;116
2021-11-13T11:23:52.155;536843833980094526;-18;-1022;133
2021-11-13T11:23:52.175;536843833999849260;102;-1002;203
2021-11-13T11:23:52.194;536843834019603994;170;-1049;123
2021-11-13T11:23:52.214;536843834039358728;35;-1032;152
2021-11-13T11:23:52.234;536843834059113462;203;-1008;169
2021-11-13T11:23:52.254;536843834078868196;83;-1041;122
2021-11-13T11:23:52.273;536843834098622930;83;-1004;124
2021-11-13T11:23:52.293;536843834118377664;119;-1011;192
2021-11-13T11:23:52.313;536843834138132398;224;-1022;79
2021-11-13T11:23:52.333;536843834157887132;62;-1040;136
2021-11-13T11:23:52.352;536843834177641866;138;-1000;165
2021-11-13T11:23:52.372;536843834197396600;80;-1033;142
2021-11-13T11:23:52.392;536843834217151334;333;-1122;-81
2021-11-13T11:23:52.412;536843834236906068;776;-912;31
2021-11-13T11:23:52.432;536843834256660802;-14;-1174;123
2021-11-13T11:23:52.451;536843834276415536;222;-959;173
2021-11-13T11:23:52.471;536843834296170270;-188;-977;216
2021-11-13T11:23:52.491;536843834315925004;77;-1028;128
2021-11-13T11:23:52.511;536843834335679738;239;-1094;75
2021-11-13T11:23:52.530;536843834355434472;198;-1072;112
2021-11-13T11:23:52.550;536843834375189206;98;-1030;166
2021-11-13T11:23:52.570;536843834394943940;138;-1037;79
2021-11-13T11:23:52.590;536843834414698674;164;-1029;51
2021-11-13T11:23:52.609;536843834434453408;229;-1014;129
2021-11-13T11:23:52.629;536843834454208142;284;-1020;123
2021-11-13T11:23:52.649;536843834473962876;267;-1019;19
2021-11-13T11:23:52.669;536843834493717610;268;-1046;30
2021-11-13T11:23:52.688;536843834513472344;311;-1053;138
2021-11-13T11:23:52.708;536843834533227078;290;-1039;107
2021-11-13T11:23:52.728;536843834552981812;268;-1036;66
2021-11-13T11:23:52.748;536843834572736546;234;-1021;101
2021-11-13T11:23:52.767;536843834592491280;354;-995;75
2021-11-13T11:23:52.787;536843834612246014;267;-1007;42
2021-11-13T11:23:52.807;536843834632005852;188;-984;94
2021-11-13T11:23:52.827;536843834651765684;279;-961;87
2021-11-13T11:23:52.846;536843834671525516;311;-982;69
2021-11-13T11:23:52.866;536843834691285348;144;-976;171
2021-11-13T11:23:52.886;536843834711045180;368;-965;126
2021-11-13T11:23:52.906;536843834730805012;247;-949;26
2021-11-13T11:23:52.925;536843834750564844;189;-980;46
2021-11-13T11:23:52.945;536843834770324676;187;-907;144
2021-11-13T11:23:52.965;536843834790084508;293;-902;104
2021-11-13T11:23:52.985;536843834809844340;194;-868;33
2021-11-13T11:23:53.004;536843834829604172;97;-878;88
2021-11-13T11:23:53.024;536843834849364004;135;-834;121
2021-11-13T11:23:53.044;536843834869123836;204;-825;101
2021-11-13T11:23:53.064;536843834888883668;100;-813;22
2021-11-13T11:23:53.083;536843834908643500;66;-937;49
2021-11-13T11:23:53.103;536843834928403332;55;-875;135
2021-11-13T11:23:53.123;536843834948163164;169;-936;173
2021-11-13T11:23:53.143;536843834967922996;50;-1021;120
2021-11-13T11:23:53.163;536843834987682828;103;-1056;95
2021-11-13T11:23:53.182;536843835007442660;134;-1066;137
2021-11-13T11:23:53.202;536843835027202492;182;-1116;53
2021-11-13T11:23:53.222;536843835046962324;101;-1038;170
2021-11-13T11:23:53.242;536843835066722156;149;-1037;120
2021-11-13T11:23:53.261;536843835086481988;152;-1044;64
2021-11-13T11:23:53.281;536843835106241820;99;-990;161
2021-11-13T11:23:53.301;536843835126001652;134;-1007;158
2021-11-13T11:23:53.321;536843835145761484;174;-1014;116
2021-11-13T11:23:53.340;536843835165521316;27;-1018;105
2021-11-13T11:23:53.360;536843835185281148;218;-1080;156
2021-11-13T11:23:53.380;536843835205040980;131;-1080;50
2021-11-13T11:23:53.400;536843835224800812;68;-1072;126
2021-11-13T11:23:53.419;536843835244560644;162;-1060;140
2021-11-13T11:23:53.439;536843835264320476;127;-1066;56
2021-11-13T11:23:53.459;536843835284080308;123;-1048;161
2021-11-13T11:23:53.479;536843835303840140;155;-1108;157
2021-11-13T11:23:53.498;536843835323599972;187;-1085;179
2021-11-13T11:23:53.518;536843835343356909;177;-1141;148
2021-11-13T11:23:53.538;536843835363113828;130;-1139;154
2021-11-13T11:23:53.558;536843835382870747;191;-1129;161
2021-11-13T11:23:53.577;536843835402627666;116;-1144;90
2021-11-13T11:23:53.597;536843835422384585;187;-1113;160
2021-11-13T11:23:53.617;536843835442141504;115;-1118;97
2021-11-13T11:23:53.637;536843835461898423;190;-1117;89
2021-11-13T11:23:53.657;536843835481655342;170;-1136;160
2021-11-13T11:23:53.676;536843835501412261;241;-1164;181
2021-11-13T11:23:53.696;536843835521169180;262;-1149;213
2021-11-13T11:23:53.716;536843835540926099;212;-1132;163
2021-11-13T11:23:53.736;536843835560683018;198;-1114;124
2021-11-13T11:23:53.755;536843835580439937;185;-1101;102
2021-11-13T11:23:53.775;536843835600196856;158;-1082;99
2021-11-13T11:23:53.795;536843835619953775;140;-1048;81
2021-11-13T11:23:53.815;536843835639710694;142;-1048;73
2021-11-13T11:23:53.834;536843835659467613;193;-1066;104
2021-11-13T11:23:53.854;536843835679224532;234;-1090;149
2021-11-13T11:23:53.874;536843835698981451;151;-1052;208
2021-11-13T11:23:53.894;536843835718738370;186;-1060;157
2021-11-13T11:23:53.913;536843835738495289;156;-1062;130
2021-11-13T11:23:53.933;536843835758252208;122;-1097;130
2021-11-13T11:23:53.953;536843835778009127;135;-1075;135
2021-11-13T11:23:53.973;536843835797766046;220;-1124;111
2021-11-13T11:23:53.992;536843835817522965;117;-1115;112
2021-11-13T11:23:54.012;536843835837279884;102;-1088;107
2021-11-13T11:23:54.032;536843835857036803;127;-1119;160
2021-11-13T11:23:54.052;536843835876793722;218;-1123;165
2021-11-13T11:23:54.071;536843835896550641;177;-1098;103
2021-11-13T11:23:54.091;536843835916307560;177;-1091;108
2021-11-13T11:23:54.111;536843835936064479;152;-1069;155
2021-11-13T11:23:54.131;536843835955821398;124;-1058;107
2021-11-13T11:23:54.150;536843835975578317;193;-1056;90
2021-11-13T11:23:54.170;536843835995335236;110;-1060;104
2021-11-13T11:23:54.190;536843836015092155;141;-1042;126
2021-11-13T11:23:54.210;536843836034849074;154;-1048;130
2021-11-13T11:23:54.229;536843836054604539;154;-1072;117
2021-11-13T11:23:54.249;536843836074360002;107;-1104;153
2021-11-13T11:23:54.269;536843836094115465;192;-1139;115
2021-11-13T11:23:54.289;536843836113870928;228;-1193;156
2021-11-13T11:23:54.308;536843836133626391;109;-1245;134
2021-11-13T11:23:54.328;536843836153381854;140;-1261;128
2021-11-13T11:23:54.348;536843836173137317;231;-1292;148
2021-11-13T11:23:54.368;536843836192892780;127;-1317;145
2021-11-13T11:23:54.388;536843836212648243;157;-1304;120
2021-11-13T11:23:54.407;536843836232403706;225;-1339;162
2021-11-13T11:23:54.427;536843836252159169;129;-1304;186
2021-11-13T11:23:54.447;536843836271914632;162;-1267;151
2021-11-13T11:23:54.467;536843836291670095;161;-1265;157
2021-11-13T11:23:54.486;536843836311425558;123;-1241;147
2021-11-13T11:23:54.506;536843836331181021;171;-1204;169
2021-11-13T11:23:54.526;536843836350936484;54;-1146;155
2021-11-13T11:23:54.546;536843836370691947;69;-1145;121
2021-11-13T11:23:54.565;536843836390447410;46;-1130;91
2021-11-13T11:23:54.585;536843836410202873;31;-1084;136
2021-11-13T11:23:54.605;536843836429958336;67;-1095;115
2021-11-13T11:23:54.625;536843836449713799;58;-1071;137
2021-11-13T11:23:54.644;536843836469469262;15;-1036;86
2021-11-13T11:23:54.664;536843836489224725;73;-1063;68
2021-11-13T11:23:54.684;536843836508980188;22;-1019;167
2021-11-13T11:23:54.704;536843836528735651;39;-1012;149
2021-11-13T11:23:54.723;536843836548491114;53;-1025;74
2021-11-13T11:23:54.743;536843836568246577;5;-1011;88
2021-11-13T11:23:54.763;536843836588002040;39;-999;118
2021-11-13T11:23:54.783;536843836607757503;39;-974;123
2021-11-13T11:23:54.802;536843836627512966;39;-981;91
2021-11-13T11:23:54.822;536843836647268429;22;-975;83
2021-11-13T11:23:54.842;536843836667023892;28;-997;28
2021-11-13T11:23:54.862;536843836686779355;-15;-990;111
2021-11-13T11:23:54.881;536843836706534818;78;-991;84
2021-11-13T11:23:54.901;536843836726290281;48;-1016;35
2021-11-13T11:23:54.921;536843836746045744;21;-977;143
2021-11-13T11:23:54.941;536843836765803415;132;-993;87
2021-11-13T11:23:54.960;536843836785561062;-13;-967;28
2021-11-13T11:23:54.980;536843836805318709;27;-919;120
2021-11-13T11:23:55.000;536843836825076356;113;-929;71
2021-11-13T11:23:55.020;536843836844834003;30;-943;103
2021-11-13T11:23:55.039;536843836864591650;64;-956;131
2021-11-13T11:23:55.059;536843836884349297;108;-971;-30
2021-11-13T11:23:55.079;536843836904106944;28;-947;123
2021-11-13T11:23:55.099;536843836923864591;91;-972;150
2021-11-13T11:23:55.118;536843836943622238;173;-965;36
2021-11-13T11:23:55.138;536843836963379885;100;-996;50
2021-11-13T11:23:55.158;536843836983137532;40;-974;133
2021-11-13T11:23:55.178;536843837002895179;196;-936;101
2021-11-13T11:23:55.198;536843837022652826;143;-991;4
2021-11-13T11:23:55.217;536843837042410473;-1;-1002;145
2021-11-13T11:23:55.237;536843837062168120;255;-1002;66
2021-11-13T11:23:55.257;536843837081925767;117;-1025;49
2021-11-13T11:23:55.277;536843837101683414;94;-1002;110
2021-11-13T11:23:55.296;536843837121441061;138;-1003;99
2021-11-13T11:23:55.316;536843837141198708;111;-1008;57
2021-11-13T11:23:55.336;536843837160956355;135;-1042;116
2021-11-13T11:23:55.356;536843837180714002;159;-992;104
2021-11-13T11:23:55.375;536843837200471649;175;-1016;82
2021-11-13T11:23:55.395;536843837220229296;128;-984;83
2021-11-13T11:23:55.415;536843837239986943;272;-1031;-17
2021-11-13T11:23:55.435;536843837259744590;51;-1030;104
2021-11-13T11:23:55.454;536843837279502237;231;-976;109
2021-11-13T11:23:55.474;536843837299259884;163;-1050;138
2021-11-13T11:23:55.494;536843837319017531;419;-1125;-119
2021-11-13T11:23:55.514;536843837338775178;1027;-811;54
2021-11-13T11:23:55.533;536843837358532825;-84;-1304;47
2021-11-13T11:23:55.553;536843837378290472;171;-860;220
2021-11-13T11:23:55.573;536843837398048119;-81;-975;210
2021-11-13T11:23:55.593;536843837417805766;29;-1000;231
2021-11-13T11:23:55.612;536843837437563413;227;-1029;216
2021-11-13T11:23:55.632;536843837457321060;123;-1054;241
2021-11-13T11:23:55.652;536843837477075094;33;-950;268
2021-11-13T11:23:55.672;536843837496829100;129;-1064;199
2021-11-13T11:23:55.691;536843837516583106;5;-992;222
2021-11-13T11:23:55.711;536843837536337112;112;-996;311
2021-11-13T11:23:55.731;536843837556091118;135;-1023;232
2021-11-13T11:23:55.751;536843837575845124;68;-1024;157
2021-11-13T11:23:55.770;536843837595599130;1261;-928;-228
2021-11-13T11:23:55.790;536843837615353136;-481;-1124;206
2021-11-13T11:23:55.810;536843837635107142;550;-1053;49
2021-11-13T11:23:55.830;536843837654861148;-75;-1014;220
2021-11-13T11:23:55.849;536843837674615154;213;-1044;232
2021-11-13T11:23:55.869;536843837694369160;190;-1104;175
2021-11-13T11:23:55.889;536843837714123166;228;-1092;138
2021-11-13T11:23:55.909;536843837733877172;200;-1065;156
2021-11-13T11:23:55.928;536843837753631178;183;-1107;61
2021-11-13T11:23:55.948;536843837773385184;146;-1017;50
2021-11-13T11:23:55.968;536843837793139190;239;-1010;85
2021-11-13T11:23:55.988;536843837812893196;142;-987;58
2021-11-13T11:23:56.008;536843837832647202;133;-951;122
2021-11-13T11:23:56.027;536843837852401208;228;-936;74
2021-11-13T11:23:56.047;536843837872155214;230;-938;76
2021-11-13T11:23:56.067;536843837891909220;218;-953;27
2021-11-13T11:23:56.087;536843837911663226;149;-867;44
2021-11-13T11:23:56.106;536843837931417232;156;-875;-28
2021-11-13T11:23:56.126;536843837951171238;151;-935;-28
2021-11-13T11:23:56.146;536843837970925244;0;-912;144
2021-11-13T11:23:56.166;536843837990679250;160;-950;187
2021-11-13T11:23:56.185;536843838010433256;205;-959;119
2021-11-13T11:23:56.205;536843838030187262;155;-939;4
2021-11-13T11:23:56.225;536843838049941268;37;-987;61
2021-11-13T11:23:56.245;536843838069695274;7;-955;165
2021-11-13T11:23:56.264;536843838089449280;156;-975;160
2021-11-13T11:23:56.284;536843838109203286;-14;-980;115
2021-11-13T11:23:56.304;536843838128957292;-73;-990;201
2021-11-13T11:23:56.324;536843838148711298;101;-1035;142
2021-11-13T11:23:56.343;536843838168465304;57;-992;181
2021-11-13T11:23:56.363;536843838188224408;73;-1061;171
2021-11-13T11:23:56.383;536843838207983512;13;-962;275
2021-11-13T11:23:56.403;536843838227742616;126;-973;208
2021-11-13T11:23:56.422;536843838247501720;-60;-1021;62
2021-11-13T11:23:56.442;536843838267260824;34;-1001;227
2021-11-13T11:23:56.462;536843838287019928;28;-1039;152
2021-11-13T11:23:56.482;536843838306779032;-13;-1008;173
2021-11-13T11:23:56.501;536843838326538136;73;-1037;146
2021-11-13T11:23:56.521;536843838346297240;89;-1074;202
2021-11-13T11:23:56.541;536843838366056344;76;-1089;235
2021-11-13T11:23:56.561;536843838385815448;10;-1089;139
2021-11-13T11:23:56.580;536843838405574552;89;-1058;184
2021-11-13T11:23:56.600;536843838425333656;87;-1039;125
2021-11-13T11:23:56.620;536843838445092760;72;-1028;199
2021-11-13T11:23:56.640;536843838464851864;77;-1068;130
2021-11-13T11:23:56.659;536843838484610968;3;-1069;84
2021-11-13T11:23:56.679;536843838504370072;21;-1044;83
2021-11-13T11:23:56.699;536843838524129176;64;-1063;114
2021-11-13T11:23:56.719;536843838543888280;49;-1070;145
2021-11-13T11:23:56.739;536843838563647384;86;-1094;166
2021-11-13T11:23:56.758;536843838583406488;109;-1089;245
2021-11-13T11:23:56.778;536843838603165592;214;-1130;175
2021-11-13T11:23:56.798;536843838622924696;-33;-1085;129
2021-11-13T11:23:56.818;536843838642683800;98;-1098;172
2021-11-13T11:23:56.837;536843838662442904;21;-1105;136
2021-11-13T11:23:56.857;536843838682202008;17;-1127;166
2021-11-13T11:23:56.877;536843838701961112;173;-1126;148
2021-11-13T11:23:56.897;536843838721720216;38;-1121;167
2021-11-13T11:23:56.916;536843838741479320;195;-1169;135
2021-11-13T11:23:56.936;536843838761238424;126;-1126;234
2021-11-13T11:23:56.956;536843838780997528;166;-1147;164
2021-11-13T11:23:56.976;536843838800756632;240;-1152;154
2021-11-13T11:23:56.995;536843838820515736;313;-1154;208
2021-11-13T11:23:57.015;536843838840274840;2;-1095;137
2021-11-13T11:23:57.035;536843838860033944;147;-1030;66
2021-11-13T11:23:57.055;536843838879793048;125;-1061;81
2021-11-13T11:23:57.074;536843838899545610;109;-1050;155
2021-11-13T11:23:57.094;536843838919298160;218;-1093;186
2021-11-13T11:23:57.114;536843838939050710;189;-1082;192
2021-11-13T11:23:57.134;536843838958803260;223;-1115;213
2021-11-13T11:23:57.153;536843838978555810;165;-1103;186
2021-11-13T11:23:57.173;536843838998308360;163;-1035;220
2021-11-13T11:23:57.193;536843839018060910;102;-1052;152
2021-11-13T11:23:57.213;536843839037813460;125;-1044;150
2021-11-13T11:23:57.232;536843839057566010;197;-1105;218
2021-11-13T11:23:57.252;536843839077318560;64;-1042;220
2021-11-13T11:23:57.272;536843839097071110;214;-1105;174
2021-11-13T11:23:57.292;536843839116823660;182;-1157;214
2021-11-13T11:23:57.311;536843839136576210;152;-1160;203
2021-11-13T11:23:57.331;536843839156328760;305;-1226;210
2021-11-13T11:23:57.351;536843839176081310;154;-1227;229
2021-11-13T11:23:57.371;536843839195833860;187;-1226;207
2021-11-13T11:23:57.390;536843839215586410;141;-1240;192
2021-11-13T11:23:57.410;536843839235338960;263;-1288;176
2021-11-13T11:23:57.430;536843839255091510;180;-1307;253
2021-11-13T11:23:57.450;536843839274844060;122;-1294;241
2021-11-13T11:23:57.469;536843839294596610;81;-1267;156
2021-11-13T11:23:57.489;536843839314349160;78;-1307;123
2021-11-13T11:23:57.509;536843839334101710;56;-1277;225
2021-11-13T11:23:57.529;536843839353854260;106;-1282;227
2021-11-13T11:23:57.548;536843839373606810;108;-1271;209
2021-11-13T11:23:57.568;536843839393359360;135;-1284;258
2021-11-13T11:23:57.588;536843839413111910;182;-1247;287
2021-11-13T11:23:57.608;536843839432864460;139;-1191;336
2021-11-13T11:23:57.627;536843839452617010;58;-1170;230
2021-11-13T11:23:57.647;536843839472369560;102;-1127;185
2021-11-13T11:23:57.667;536843839492122110;-38;-1084;150
2021-11-13T11:23:57.687;536843839511874660;19;-1048;166
2021-11-13T11:23:57.706;536843839531627210;10;-1040;164
2021-11-13T11:23:57.726;536843839551379760;45;-1032;197
2021-11-13T11:23:57.746;536843839571132310;49;-1054;159
2021-11-13T11:23:57.766;536843839590884860;-48;-1029;126
2021-11-13T11:23:57.785;536843839610641063;49;-990;255
2021-11-13T11:23:57.805;536843839630397254;78;-1010;192
2021-11-13T11:23:57.825;536843839650153445;-8;-972;150
2021-11-13T11:23:57.845;536843839669909636;60;-997;208
2021-11-13T11:23:57.865;536843839689665827;46;-979;102
2021-11-13T11:23:57.884;536843839709422018;-21;-954;182
2021-11-13T11:23:57.904;536843839729178209;-9;-972;130
2021-11-13T11:23:57.924;536843839748934400;-37;-927;81
2021-11-13T11:23:57.944;536843839768690591;-42;-925;154
2021-11-13T11:23:57.963;536843839788446782;49;-959;78
2021-11-13T11:23:57.983;536843839808202973;-76;-849;164
2021-11-13T11:23:58.003;536843839827959164;20;-900;151
2021-11-13T11:23:58.023;536843839847715355;29;-929;61
2021-11-13T11:23:58.042;536843839867471546;39;-847;178
2021-11-13T11:23:58.062;536843839887227737;17;-934;156
2021-11-13T11:23:58.082;536843839906983928;-21;-943;36
2021-11-13T11:23:58.102;536843839926740119;30;-896;239
2021-11-13T11:23:58.121;536843839946496310;152;-908;143
2021-11-13T11:23:58.141;536843839966252501;-41;-940;40
2021-11-13T11:23:58.161;536843839986008692;-42;-955;215
2021-11-13T11:23:58.181;536843840005764883;213;-920;73
2021-11-13T11:23:58.200;536843840025521074;-85;-985;45
2021-11-13T11:23:58.220;536843840045277265;82;-970;135
2021-11-13T11:23:58.240;536843840065033456;221;-964;190
2021-11-13T11:23:58.260;536843840084789647;48;-981;68
2021-11-13T11:23:58.279;536843840104545838;29;-980;54
2021-11-13T11:23:58.299;536843840124302029;-115;-964;136
2021-11-13T11:23:58.319;536843840144058220;85;-929;194
2021-11-13T11:23:58.339;536843840163814411;163;-1048;75
2021-11-13T11:23:58.358;536843840183570602;161;-1043;87
2021-11-13T11:23:58.378;536843840203326793;-46;-1003;43
2021-11-13T11:23:58.398;536843840223082984;-169;-1007;155
2021-11-13T11:23:58.418;536843840242839175;-88;-975;326
2021-11-13T11:23:58.437;536843840262595366;244;-1041;168
2021-11-13T11:23:58.457;536843840282351557;129;-1106;96
2021-11-13T11:23:58.477;536843840302107748;-61;-1060;161
2021-11-13T11:23:58.497;536843840321859580;-103;-999;202
2021-11-13T11:23:58.516;536843840341611402;-100;-1057;189
2021-11-13T11:23:58.536;536843840361363224;96;-1030;209
2021-11-13T11:23:58.556;536843840381115046;132;-1100;155
2021-11-13T11:23:58.576;536843840400866868;936;-1292;-534
2021-11-13T11:23:58.595;536843840420618690;-272;-831;344
2021-11-13T11:23:58.615;536843840440370512;234;-1121;170
2021-11-13T11:23:58.635;536843840460122334;-123;-954;201
2021-11-13T11:23:58.655;536843840479874156;-30;-1017;173
2021-11-13T11:23:58.674;536843840499625978;107;-1052;137
2021-11-13T11:23:58.694;536843840519377800;118;-1026;75
2021-11-13T11:23:58.714;536843840539129622;80;-1095;110
2021-11-13T11:23:58.734;536843840558881444;44;-1013;108
2021-11-13T11:23:58.753;536843840578633266;93;-995;69
2021-11-13T11:23:58.773;536843840598385088;198;-1047;35
2021-11-13T11:23:58.793;536843840618136910;113;-1063;74
2021-11-13T11:23:58.813;536843840637888732;126;-1044;80
2021-11-13T11:23:58.832;536843840657640554;140;-1030;-11
2021-11-13T11:23:58.852;536843840677392376;88;-1071;-9
2021-11-13T11:23:58.872;536843840697144198;197;-1056;50
2021-11-13T11:23:58.892;536843840716896020;210;-1014;32
2021-11-13T11:23:58.912;536843840736647842;200;-1007;20
2021-11-13T11:23:58.931;536843840756399664;185;-1003;51
2021-11-13T11:23:58.951;536843840776151486;185;-1003;34
2021-11-13T11:23:58.971;536843840795903308;227;-1015;-12
2021-11-13T11:23:58.991;536843840815655130;66;-1008;66
2021-11-13T11:23:59.010;536843840835406952;210;-992;60
2021-11-13T11:23:59.030;536843840855158774;132;-997;47
2021-11-13T11:23:59.050;536843840874910596;103;-1001;31
2021-11-13T11:23:59.070;536843840894662418;112;-976;26
2021-11-13T11:23:59.089;536843840914414240;124;-930;81
2021-11-13T11:23:59.109;536843840934166062;124;-962;87
2021-11-13T11:23:59.129;536843840953917884;79;-970;106
2021-11-13T11:23:59.149;536843840973669706;128;-974;96
2021-11-13T11:23:59.168;536843840993421528;164;-994;75
2021-11-13T11:23:59.188;536843841013173350;57;-969;98
2021-11-13T11:23:59.208;536843841032922273;174;-987;59
2021-11-13T11:23:59.228;536843841052671182;25;-967;25
2021-11-13T11:23:59.247;536843841072420091;82;-976;60
2021-11-13T11:23:59.267;536843841092169000;221;-982;61
2021-11-13T11:23:59.287;536843841111917909;34;-896;119
2021-11-13T11:23:59.307;536843841131666818;75;-956;66
2021-11-13T11:23:59.326;536843841151415727;-13;-950;105
2021-11-13T11:23:59.346;536843841171164636;164;-945;139
2021-11-13T11:23:59.366;536843841190913545;127;-980;132
2021-11-13T11:23:59.386;536843841210662454;58;-1031;114
2021-11-13T11:23:59.405;536843841230411363;-7;-986;102
2021-11-13T11:23:59.425;536843841250160272;52;-1021;87
2021-11-13T11:23:59.445;536843841269909181;84;-1084;42
2021-11-13T11:23:59.465;536843841289658090;38;-1025;250
2021-11-13T11:23:59.484;536843841309406999;79;-1084;285
2021-11-13T11:23:59.504;536843841329155908;232;-1084;186
2021-11-13T11:23:59.524;536843841348904817;-84;-1073;170
2021-11-13T11:23:59.544;536843841368653726;66;-1072;208
2021-11-13T11:23:59.563;536843841388402635;138;-1060;296
2021-11-13T11:23:59.583;536843841408151544;11;-1083;266
2021-11-13T11:23:59.603;536843841427900453;-17;-1027;236
2021-11-13T11:23:59.623;536843841447649362;95;-1095;237
2021-11-13T11:23:59.642;536843841467398271;30;-1024;345
2021-11-13T11:23:59.662;536843841487147180;42;-1048;254
2021-11-13T11:23:59.682;536843841506896089;-30;-1016;208
2021-11-13T11:23:59.701;536843841526644998;-6;-1006;316
2021-11-13T11:23:59.721;536843841546393907;-7;-1060;323
2021-11-13T11:23:59.741;536843841566142816;46;-1036;358
2021-11-13T11:23:59.761;536843841585891725;153;-1113;264
2021-11-13T11:23:59.780;536843841605640634;29;-1086;317
2021-11-13T11:23:59.800;536843841625389543;-15;-1102;341
2021-11-13T11:23:59.820;536843841645138452;43;-1058;326
2021-11-13T11:23:59.840;536843841664887361;1;-1085;311
2021-11-13T11:23:59.859;536843841684636270;102;-1121;284
2021-11-13T11:23:59.879;536843841704385179;-1;-1063;336
2021-11-13T11:23:59.899;536843841724134088;-26;-1056;331
2021-11-13T11:23:59.919;536843841743896132;-18;-1060;274
2021-11-13T11:23:59.939;536843841763658148;48;-1067;297
2021-11-13T11:23:59.958;536843841783420164;163;-1081;306
2021-11-13T11:23:59.978;536843841803182180;-43;-1025;307
2021-11-13T11:23:59.998;536843841822944196;60;-1022;249
2021-11-13T11:24:00.018;536843841842706212;18;-1010;250
2021-11-13T11:24:00.037;536843841862468228;54;-1033;278
2021-11-13T11:24:00.057;536843841882230244;139;-1038;300
2021-11-13T11:24:00.077;536843841901992260;24;-1049;224
2021-11-13T11:24:00.097;536843841921754276;36;-1033;243
2021-11-13T11:24:00.116;536843841941516292;97;-1034;299
2021-11-13T11:24:00.136;536843841961278308;47;-1058;256
2021-11-13T11:24:00.156;536843841981040324;39;-1040;278
2021-11-13T11:24:00.176;536843842000802340;145;-1084;264
2021-11-13T11:24:00.195;536843842020564356;-44;-1071;256
2021-11-13T11:24:00.215;536843842040326372;74;-1091;238
2021-11-13T11:24:00.235;536843842060088388;35;-1135;250
2021-11-13T11:24:00.255;536843842079850404;42;-1137;284
2021-11-13T11:24:00.274;536843842099612420;79;-1178;329
2021-11-13T11:24:00.294;536843842119374436;85;-1270;349
2021-11-13T11:24:00.314;536843842139136452;237;-1303;374
2021-11-13T11:24:00.334;536843842158898468;-42;-1339;365
2021-11-13T11:24:00.354;536843842178660484;73;-1261;347
2021-11-13T11:24:00.373;536843842198422500;61;-1299;351
2021-11-13T11:24:00.393;536843842218184516;37;-1308;322
2021-11-13T11:24:00.413;536843842237946532;39;-1299;329
2021-11-13T11:24:00.433;536843842257708548;-13;-1267;370
2021-11-13T11:24:00.452;536843842277470564;22;-1247;329
2021-11-13T11:24:00.472;536843842297232580;56;-1274;343
2021-11-13T11:24:00.492;536843842316994596;73;-1259;351
2021-11-13T11:24:00.512;536843842336756612;28;-1217;321
2021-11-13T11:24:00.531;536843842356518628;14;-1176;254
2021-11-13T11:24:00.551;536843842376280644;2;-1182;264
2021-11-13T11:24:00.571;536843842396042660;31;-1175;258
2021-11-13T11:24:00.591;536843842415804676;38;-1138;293
2021-11-13T11:24:00.610;536843842435566692;-8;-1098;242
2021-11-13T11:24:00.630;536843842455328732;-46;-1050;232
2021-11-13T11:24:00.650;536843842475090748;-6;-1051;226
2021-11-13T11:24:00.670;536843842494852764;8;-1060;214
2021-11-13T11:24:00.689;536843842514614780;-62;-1034;220
2021-11-13T11:24:00.709;536843842534376796;-16;-1019;235
2021-11-13T11:24:00.729;536843842554138812;8;-1013;204
2021-11-13T11:24:00.749;536843842573900828;-56;-990;203
2021-11-13T11:24:00.769;536843842593662844;7;-1021;94
2021-11-13T11:24:00.788;536843842613424860;0;-1006;237
2021-11-13T11:24:00.808;536843842633186876;-28;-997;195
2021-11-13T11:24:00.828;536843842652948892;1;-1010;164
2021-11-13T11:24:00.848;536843842672710908;32;-950;199
2021-11-13T11:24:00.867;536843842692472924;1;-940;178
2021-11-13T11:24:00.887;536843842712234940;6;-946;129
2021-11-13T11:24:00.907;536843842731996956;-73;-901;181
2021-11-13T11:24:00.927;536843842751758972;7;-938;197
2021-11-13T11:24:00.946;536843842771520988;14;-913;234
2021-11-13T11:24:00.966;536843842791283004;-19;-930;189
2021-11-13T11:24:00.986;536843842811045020;-14;-949;190
2021-11-13T11:24:01.006;536843842830807036;-43;-945;125
2021-11-13T11:24:01.025;536843842850569052;7;-920;209
2021-11-13T11:24:01.045;536843842870331068;-39;-962;226
2021-11-13T11:24:01.065;536843842890093084;121;-950;137
2021-11-13T11:24:01.085;536843842909855100;-64;-965;245
2021-11-13T11:24:01.104;536843842929617116;19;-939;146
2021-11-13T11:24:01.124;536843842949379132;135;-913;231
2021-11-13T11:24:01.144;536843842969141148;23;-939;232
2021-11-13T11:24:01.164;536843842988903164;16;-953;112
2021-11-13T11:24:01.184;536843843008665180;10;-926;190
2021-11-13T11:24:01.203;536843843028427196;-19;-989;174
2021-11-13T11:24:01.223;536843843048189212;-28;-976;204
2021-11-13T11:24:01.243;536843843067951228;62;-974;189
2021-11-13T11:24:01.263;536843843087713244;47;-1027;272
2021-11-13T11:24:01.282;536843843107475260;113;-994;157
2021-11-13T11:24:01.302;536843843127237276;59;-970;45
2021-11-13T11:24:01.322;536843843146999292;-102;-1026;187
2021-11-13T11:24:01.342;536843843166766406;233;-937;101
2021-11-13T11:24:01.361;536843843186533520;-101;-937;131
2021-11-13T11:24:01.381;536843843206300634;-6;-988;145
2021-11-13T11:24:01.401;536843843226067748;153;-948;187
2021-11-13T11:24:01.421;536843843245834862;110;-1015;117
2021-11-13T11:24:01.440;536843843265601976;-41;-1012;136
2021-11-13T11:24:01.460;536843843285369090;123;-1046;115
2021-11-13T11:24:01.480;536843843305136204;82;-1076;161
2021-11-13T11:24:01.500;536843843324903318;74;-1041;200
2021-11-13T11:24:01.520;536843843344670432;269;-1088;82
2021-11-13T11:24:01.539;536843843364437546;24;-1048;174
2021-11-13T11:24:01.559;536843843384204660;161;-1026;144
2021-11-13T11:24:01.579;536843843403971774;575;-1247;-372
2021-11-13T11:24:01.599;536843843423738888;264;-849;269
2021-11-13T11:24:01.618;536843843443506002;449;-1135;53
2021-11-13T11:24:01.638;536843843463273116;16;-978;91
2021-11-13T11:24:01.658;536843843483040230;-254;-930;273
2021-11-13T11:24:01.678;536843843502807344;65;-982;186
2021-11-13T11:24:01.697;536843843522574458;31;-1053;160
2021-11-13T11:24:01.717;536843843542341572;355;-1125;166
2021-11-13T11:24:01.737;536843843562108686;-37;-1014;178
2021-11-13T11:24:01.757;536843843581875800;-133;-996;171
2021-11-13T11:24:01.776;536843843601642914;20;-1013;187
2021-11-13T11:24:01.796;536843843621410028;161;-1077;73
2021-11-13T11:24:01.816;536843843641177142;111;-1077;113
2021-11-13T11:24:01.836;536843843660944256;177;-1050;168
2021-11-13T11:24:01.856;536843843680711370;7;-1049;177
2021-11-13T11:24:01.875;536843843700478484;100;-1031;121
2021-11-13T11:24:01.895;536843843720245598;147;-1048;95
2021-11-13T11:24:01.915;536843843740012712;297;-1181;-129
2021-11-13T11:24:01.935;536843843759779826;418;-1080;86
2021-11-13T11:24:01.954;536843843779546940;166;-1032;106
2021-11-13T11:24:01.974;536843843799314054;61;-988;100
2021-11-13T11:24:01.994;536843843819081168;29;-999;154
2021-11-13T11:24:02.014;536843843838848282;143;-1016;108
2021-11-13T11:24:02.033;536843843858615396;117;-1049;23
2021-11-13T11:24:02.053;536843843878382510;135;-1064;15
2021-11-13T11:24:02.073;536843843898149624;155;-1037;147
2021-11-13T11:24:02.093;536843843917916738;156;-1054;94
2021-11-13T11:24:02.113;536843843937683852;144;-1018;78
2021-11-13T11:24:02.132;536843843957450966;276;-1032;123
2021-11-13T11:24:02.152;536843843977218080;208;-1018;59
2021-11-13T11:24:02.172;536843843996985194;131;-992;25
2021-11-13T11:24:02.192;536843844016752308;172;-989;57
2021-11-13T11:24:02.211;536843844036519422;173;-1006;52
2021-11-13T11:24:02.231;536843844056286536;197;-1016;41
2021-11-13T11:24:02.251;536843844076053650;212;-1015;40
2021-11-13T11:24:02.271;536843844095820764;172;-1018;102
2021-11-13T11:24:02.290;536843844115587878;201;-995;96
2021-11-13T11:24:02.310;536843844135354992;196;-1004;39
2021-11-13T11:24:02.330;536843844155122106;93;-1014;123
2021-11-13T11:24:02.350;536843844174889220;144;-996;129
2021-11-13T11:24:02.370;536843844194656334;98;-974;78
2021-11-13T11:24:02.389;536843844214423448;178;-996;66
2021-11-13T11:24:02.409;536843844234190562;134;-987;86
2021-11-13T11:24:02.429;536843844253957676;93;-976;137
2021-11-13T11:24:02.449;536843844273724790;139;-977;60
2021-11-13T11:24:02.468;536843844293491904;111;-940;11
2021-11-13T11:24:02.488;536843844313259018;104;-953;94
2021-11-13T11:24:02.508;536843844333026132;135;-966;161
2021-11-13T11:24:02.528;536843844352793246;138;-979;113
2021-11-13T11:24:02.547;536843844372560360;15;-934;72
2021-11-13T11:24:02.567;536843844392327474;74;-928;57
2021-11-13T11:24:02.587;536843844412094588;69;-965;172
2021-11-13T11:24:02.607;536843844431861702;134;-1031;158
2021-11-13T11:24:02.626;536843844451628816;60;-996;185
2021-11-13T11:24:02.646;536843844471395930;68;-1000;112
2021-11-13T11:24:02.666;536843844491163044;106;-1021;127
2021-11-13T11:24:02.686;536843844510930158;45;-995;188
2021-11-13T11:24:02.706;536843844530697272;90;-996;183
2021-11-13T11:24:02.725;536843844550464386;105;-1036;138
2021-11-13T11:24:02.745;536843844570231500;49;-990;172
2021-11-13T11:24:02.765;536843844589991336;63;-1035;178
2021-11-13T11:24:02.785;536843844609751168;74;-1027;107
2021-11-13T11:24:02.804;536843844629511000;34;-1023;264
2021-11-13T11:24:02.824;536843844649270832;99;-1069;141
2021-11-13T11:24:02.844;536843844669030664;-119;-986;193
2021-11-13T11:24:02.864;536843844688790496;85;-1004;263
2021-11-13T11:24:02.883;536843844708550328;166;-1041;276
2021-11-13T11:24:02.903;536843844728310160;-36;-1011;216
2021-11-13T11:24:02.923;536843844748069992;-10;-1015;178
2021-11-13T11:24:02.943;536843844767829824;7;-1045;178
2021-11-13T11:24:02.962;536843844787589656;19;-1029;256
2021-11-13T11:24:02.982;536843844807349488;2;-1028;250
2021-11-13T11:24:03.002;536843844827109320;16;-1057;190
2021-11-13T11:24:03.022;536843844846869152;55;-1035;252
2021-11-13T11:24:03.041;536843844866628984;137;-1086;277
2021-11-13T11:24:03.061;536843844886388816;51;-1047;331
2021-11-13T11:24:03.081;536843844906148648;55;-1078;278
2021-11-13T11:24:03.101;536843844925908480;31;-1115;207
2021-11-13T11:24:03.121;536843844945668312;119;-1123;245
2021-11-13T11:24:03.140;536843844965428144;139;-1144;274
2021-11-13T11:24:03.160;536843844985187976;-33;-1077;257
2021-11-13T11:24:03.180;536843845004947808;44;-1081;209
2021-11-13T11:24:03.200;536843845024707640;63;-1103;226
2021-11-13T11:24:03.219;536843845044467472;196;-1181;232
2021-11-13T11:24:03.239;536843845064227304;-53;-1125;280
2021-11-13T11:24:03.259;536843845083987136;168;-1135;330
2021-11-13T11:24:03.279;536843845103746968;80;-1132;271
2021-11-13T11:24:03.298;536843845123506800;44;-1150;273
2021-11-13T11:24:03.318;536843845143266632;117;-1180;258
2021-11-13T11:24:03.338;536843845163026464;10;-1136;297
2021-11-13T11:24:03.358;536843845182786296;18;-1144;235
2021-11-13T11:24:03.377;536843845202546128;29;-1103;216
2021-11-13T11:24:03.397;536843845222305960;73;-1093;272
2021-11-13T11:24:03.417;536843845242065792;114;-1114;219
2021-11-13T11:24:03.437;536843845261825624;24;-1074;273
2021-11-13T11:24:03.456;536843845281585456;164;-1089;270
2021-11-13T11:24:03.476;536843845301354038;26;-1062;236
2021-11-13T11:24:03.496;536843845321122608;83;-1060;236
2021-11-13T11:24:03.516;536843845340891178;262;-1097;287
2021-11-13T11:24:03.536;536843845360659748;-77;-1075;216
2021-11-13T11:24:03.555;536843845380428318;106;-1029;208
2021-11-13T11:24:03.575;536843845400196888;96;-1043;233
2021-11-13T11:24:03.595;536843845419965458;97;-1057;237
2021-11-13T11:24:03.615;536843845439734028;110;-1047;256
2021-11-13T11:24:03.634;536843845459502598;135;-1043;279
2021-11-13T11:24:03.654;536843845479271168;126;-1050;264
2021-11-13T11:24:03.674;536843845499039738;114;-1013;307
2021-11-13T11:24:03.694;536843845518808308;101;-1002;288
2021-11-13T11:24:03.713;536843845538576878;107;-1023;235
2021-11-13T11:24:03.733;536843845558345448;82;-1016;265
2021-11-13T11:24:03.753;536843845578114018;102;-1021;264
2021-11-13T11:24:03.773;536843845597882588;42;-1014;258
2021-11-13T11:24:03.793;536843845617651158;130;-1048;246
2021-11-13T11:24:03.812;536843845637419728;164;-1075;289
2021-11-13T11:24:03.832;536843845657188298;94;-1081;330
2021-11-13T11:24:03.852;536843845676956868;168;-1145;315
2021-11-13T11:24:03.872;536843845696725438;-44;-1149;231
2021-11-13T11:24:03.891;536843845716494008;133;-1218;218
2021-11-13T11:24:03.911;536843845736262578;-11;-1211;256
2021-11-13T11:24:03.931;536843845756031148;13;-1244;281
2021-11-13T11:24:03.951;536843845775799718;109;-1301;252
2021-11-13T11:24:03.970;536843845795568288;139;-1324;365
2021-11-13T11:24:03.990;536843845815336858;224;-1351;389
2021-11-13T11:24:04.010;536843845835105428;240;-1316;380
2021-11-13T11:24:04.030;536843845854873998;122;-1250;397
2021-11-13T11:24:04.049;536843845874642568;49;-1219;345
2021-11-13T11:24:04.069;536843845894411138;99;-1202;281
2021-11-13T11:24:04.089;536843845914179708;71;-1160;266
2021-11-13T11:24:04.109;536843845933948278;-30;-1104;242
2021-11-13T11:24:04.129;536843845953716848;19;-1061;303
2021-11-13T11:24:04.148;536843845973485418;64;-1057;256
2021-11-13T11:24:04.168;536843845993253988;121;-1039;291
2021-11-13T11:24:04.188;536843846013016026;76;-1079;278
2021-11-13T11:24:04.208;536843846032778042;35;-1063;241
2021-11-13T11:24:04.227;536843846052540058;26;-1019;261
2021-11-13T11:24:04.247;536843846072302074;81;-1027;234
2021-11-13T11:24:04.267;536843846092064090;100;-1052;248
2021-11-13T11:24:04.287;536843846111826106;92;-1027;197
2021-11-13T11:24:04.306;536843846131588122;61;-1014;211
2021-11-13T11:24:04.326;536843846151350138;113;-985;212
2021-11-13T11:24:04.346;536843846171112154;-5;-959;162
2021-11-13T11:24:04.366;536843846190874170;111;-976;183
2021-11-13T11:24:04.385;536843846210636186;36;-923;244
2021-11-13T11:24:04.405;536843846230398202;96;-944;152
2021-11-13T11:24:04.425;536843846250160218;23;-917;136
2021-11-13T11:24:04.445;536843846269922234;112;-923;194
2021-11-13T11:24:04.465;536843846289684250;12;-898;158
2021-11-13T11:24:04.484;536843846309446266;74;-918;86
2021-11-13T11:24:04.504;536843846329208282;-71;-902;197
2021-11-13T11:24:04.524;536843846348970298;185;-907;215
2021-11-13T11:24:04.544;536843846368732314;56;-923;75
2021-11-13T11:24:04.563;536843846388494330;16;-939;134
2021-11-13T11:24:04.583;536843846408256346;10;-991;168
2021-11-13T11:24:04.603;536843846428018362;74;-969;116
2021-11-13T11:24:04.623;536843846447780378;-12;-983;109
2021-11-13T11:24:04.642;536843846467542394;21;-1007;205
2021-11-13T11:24:04.662;536843846487304410;194;-956;132
2021-11-13T11:24:04.682;536843846507066426;104;-975;92
2021-11-13T11:24:04.702;536843846526828442;-117;-967;195
2021-11-13T11:24:04.721;536843846546590458;97;-952;243
2021-11-13T11:24:04.741;536843846566352474;140;-996;79
2021-11-13T11:24:04.761;536843846586114490;-104;-966;142
2021-11-13T11:24:04.781;536843846605876506;164;-984;156
2021-11-13T11:24:04.800;536843846625638522;78;-1029;109
2021-11-13T11:24:04.820;536843846645400538;9;-1007;100
2021-11-13T11:24:04.840;536843846665162554;55;-1008;121
2021-11-13T11:24:04.860;536843846684924570;144;-1032;165
2021-11-13T11:24:04.880;536843846704686586;153;-992;132
2021-11-13T11:24:04.899;536843846724448630;68;-1014;75
2021-11-13T11:24:04.919;536843846744210646;120;-1008;84
2021-11-13T11:24:04.939;536843846763972662;52;-996;109
2021-11-13T11:24:04.959;536843846783734678;113;-994;158
2021-11-13T11:24:04.978;536843846803496694;92;-990;124
2021-11-13T11:24:04.998;536843846823258710;99;-1004;111
2021-11-13T11:24:05.018;536843846843020726;194;-1032;64
2021-11-13T11:24:05.038;536843846862782742;32;-1026;140
2021-11-13T11:24:05.057;536843846882544758;125;-1003;138
2021-11-13T11:24:05.077;536843846902306774;66;-1032;103
2021-11-13T11:24:05.097;536843846922068790;696;-1207;-126
2021-11-13T11:24:05.117;536843846941830806;-154;-1019;115
2021-11-13T11:24:05.136;536843846961592822;172;-1000;90
2021-11-13T11:24:05.156;536843846981354838;-136;-1003;191
2021-11-13T11:24:05.176;536843847001116854;-28;-1006;191
2021-11-13T11:24:05.196;536843847020878870;44;-1055;177
2021-11-13T11:24:05.215;536843847040640886;-6;-1060;177
2021-11-13T11:24:05.235;536843847060402902;-17;-1053;169
2021-11-13T11:24:05.255;536843847080164918;-1;-1077;177
2021-11-13T11:24:05.275;536843847099926934;-143;-1059;162
2021-11-13T11:24:05.295;536843847119688950;18;-1059;150
2021-11-13T11:24:05.314;536843847139450966;-4;-1052;168
2021-11-13T11:24:05.334;536843847159212982;-6;-1040;158
2021-11-13T11:24:05.354;536843847178974998;3;-1038;155
2021-11-13T11:24:05.374;536843847198737014;30;-1049;65
2021-11-13T11:24:05.393;536843847218499030;532;-1052;-52
2021-11-13T11:24:05.413;536843847238261046;-58;-1102;144
2021-11-13T11:24:05.433;536843847258023062;113;-968;112
2021-11-13T11:24:05.453;536843847277785078;-219;-1021;202
2021-11-13T11:24:05.472;536843847297547094;-20;-1013;178
2021-11-13T11:24:05.492;536843847317309110;72;-1093;126
2021-11-13T11:24:05.512;536843847337071126;37;-1100;117
2021-11-13T11:24:05.532;536843847356833142;29;-1097;130
2021-11-13T11:24:05.551;536843847376595158;-94;-1072;155
2021-11-13T11:24:05.571;536843847396357174;225;-1128;-52
2021-11-13T11:24:05.591;536843847416119190;223;-959;186
2021-11-13T11:24:05.611;536843847435873925;179;-1159;168
2021-11-13T11:24:05.630;536843847455628660;-26;-999;138
2021-11-13T11:24:05.650;536843847475383395;-107;-1006;123
2021-11-13T11:24:05.670;536843847495138130;-6;-1026;135
2021-11-13T11:24:05.690;536843847514892865;144;-1044;156
2021-11-13T11:24:05.710;536843847534647600;119;-1054;136
2021-11-13T11:24:05.729;536843847554402335;55;-1057;178
2021-11-13T11:24:05.749;536843847574157070;3;-1025;188
2021-11-13T11:24:05.769;536843847593911805;11;-1048;158
2021-11-13T11:24:05.789;536843847613666540;72;-1057;135
2021-11-13T11:24:05.808;536843847633421275;189;-1068;104
2021-11-13T11:24:05.828;536843847653176010;116;-1071;115
2021-11-13T11:24:05.848;536843847672930745;142;-1025;163
2021-11-13T11:24:05.868;536843847692685480;134;-1040;131
2021-11-13T11:24:05.887;536843847712440215;127;-1018;84
2021-11-13T11:24:05.907;536843847732194950;163;-1012;111
2021-11-13T11:24:05.927;536843847751949685;192;-995;112
2021-11-13T11:24:05.947;536843847771704420;174;-1002;48
2021-11-13T11:24:05.966;536843847791459155;153;-997;83
2021-11-13T11:24:05.986;536843847811213890;175;-1007;57
2021-11-13T11:24:06.006;536843847830968625;143;-1003;65
2021-11-13T11:24:06.026;536843847850723360;132;-1000;101
2021-11-13T11:24:06.045;536843847870478095;170;-993;116
2021-11-13T11:24:06.065;536843847890232830;235;-986;49
2021-11-13T11:24:06.085;536843847909987565;37;-973;106
2021-11-13T11:24:06.105;536843847929742300;167;-950;103
2021-11-13T11:24:06.124;536843847949497035;196;-928;35
2021-11-13T11:24:06.144;536843847969251770;57;-940;103
2021-11-13T11:24:06.164;536843847989006505;141;-920;112
2021-11-13T11:24:06.184;536843848008761240;169;-894;81
2021-11-13T11:24:06.203;536843848028515975;141;-957;8
2021-11-13T11:24:06.223;536843848048270710;30;-896;104
2021-11-13T11:24:06.243;536843848068025445;142;-923;90
2021-11-13T11:24:06.263;536843848087780180;101;-919;48
2021-11-13T11:24:06.282;536843848107534915;42;-954;99
2021-11-13T11:24:06.302;536843848127289650;114;-983;110
