Phone timestamp;sensor timestamp [ns];X [mg];Y [mg];Z [mg]
2021-12-04T10:44:27.580;536586510032986958;258;775;527
2021-12-04T10:44:27.599;536586510052641932;249;768;532
2021-12-04T10:44:27.619;536586510072296906;246;760;526
2021-12-04T10:44:27.638;536586510091951880;254;747;532
2021-12-04T10:44:27.658;536586510111606854;249;758;520
2021-12-04T10:44:27.678;536586510131261828;247;775;525
2021-12-04T10:44:27.697;536586510150916802;272;755;520
2021-12-04T10:44:27.717;536586510170571776;242;737;536
2021-12-04T10:44:27.737;536586510190226750;250;767;531
2021-12-04T10:44:27.756;536586510209881724;256;789;520
2021-12-04T10:44:27.776;536586510229536698;245;792;516
2021-12-04T10:44:27.796;536586510249191672;249;786;528
2021-12-04T10:44:27.815;536586510268846646;247;858;549
2021-12-04T10:44:27.835;536586510288501620;233;887;587
2021-12-04T10:44:27.855;536586510308156594;255;880;593
2021-12-04T10:44:27.874;536586510327811568;242;854;638
2021-12-04T10:44:27.894;536586510347466542;221;941;730
2021-12-04T10:44:27.914;536586510367121516;275;998;697
2021-12-04T10:44:27.933;536586510386776490;287;1134;571
2021-12-04T10:44:27.953;536586510406431464;184;1151;629
2021-12-04T10:44:27.973;536586510426086438;224;1119;629
2021-12-04T10:44:27.992;536586510445741412;133;1157;634
2021-12-04T10:44:28.012;536586510465396386;199;1114;655
2021-12-04T10:44:28.032;536586510485051360;229;989;604
2021-12-04T10:44:28.051;536586510504706334;72;1047;636
2021-12-04T10:44:28.071;536586510524361308;250;1067;532
2021-12-04T10:44:28.091;536586510544016282;149;915;585
2021-12-04T10:44:28.110;536586510563671256;-21;947;633
2021-12-04T10:44:28.130;536586510583326230;110;971;655
2021-12-04T10:44:28.149;536586510602981204;149;878;614
2021-12-04T10:44:28.169;536586510622636178;-103;971;574
2021-12-04T10:44:28.189;536586510642291152;-14;1167;515
2021-12-04T10:44:28.208;536586510661946126;41;1009;543
2021-12-04T10:44:28.228;536586510681601100;0;891;608
2021-12-04T10:44:28.248;536586510701256074;60;923;572
2021-12-04T10:44:28.267;536586510720911048;33;965;527
2021-12-04T10:44:28.287;536586510740566046;-45;956;488
2021-12-04T10:44:28.307;536586510760221020;-72;953;462
2021-12-04T10:44:28.326;536586510779875994;58;910;426
2021-12-04T10:44:28.346;536586510799530968;-16;897;450
2021-12-04T10:44:28.366;536586510819185942;-14;713;386
2021-12-04T10:44:28.385;536586510838840916;-52;764;338
2021-12-04T10:44:28.405;536586510858495890;-2;776;372
2021-12-04T10:44:28.425;536586510878150864;95;765;346
2021-12-04T10:44:28.444;536586510897805838;-50;742;287
2021-12-04T10:44:28.464;536586510917460812;-11;676;307
2021-12-04T10:44:28.484;536586510937115786;-62;662;255
2021-12-04T10:44:28.503;536586510956770760;-8;738;252
2021-12-04T10:44:28.523;536586510976425734;56;716;256
2021-12-04T10:44:28.543;536586510996080708;71;654;270
2021-12-04T10:44:28.562;536586511015735682;31;720;309
2021-12-04T10:44:28.582;536586511035390656;-1;687;286
2021-12-04T10:44:28.602;536586511055045630;9;742;230
2021-12-04T10:44:28.621;536586511074700604;86;768;273
2021-12-04T10:44:28.641;536586511094355578;140;703;269
2021-12-04T10:44:28.661;536586511114010552;-1;537;231
2021-12-04T10:44:28.680;536586511133665526;47;597;211
2021-12-04T10:44:28.700;536586511153320500;-1;696;297
2021-12-04T10:44:28.719;536586511172975474;63;728;271
2021-12-04T10:44:28.739;536586511192630448;-219;583;189
2021-12-04T10:44:28.759;536586511212285422;-76;684;155
2021-12-04T10:44:28.778;536586511231940396;38;671;193
2021-12-04T10:44:28.798;536586511251595370;111;717;204
2021-12-04T10:44:28.818;536586511271250344;-18;695;184
2021-12-04T10:44:28.837;536586511290905318;191;824;351
2021-12-04T10:44:28.857;536586511310560292;111;748;324
2021-12-04T10:44:28.877;536586511330215266;108;744;249
2021-12-04T10:44:28.896;536586511349870240;172;898;340
2021-12-04T10:44:28.916;536586511369525214;71;808;313
2021-12-04T10:44:28.936;536586511389180188;53;762;284
2021-12-04T10:44:28.955;536586511408835162;259;867;364
2021-12-04T10:44:28.975;536586511428490136;174;807;351
2021-12-04T10:44:28.995;536586511448140761;19;593;354
2021-12-04T10:44:29.014;536586511467791366;-13;600;252
2021-12-04T10:44:29.034;536586511487441971;126;778;312
2021-12-04T10:44:29.054;536586511507092576;113;664;251
2021-12-04T10:44:29.073;536586511526743181;-34;406;312
2021-12-04T10:44:29.093;536586511546393786;24;539;248
2021-12-04T10:44:29.113;536586511566044391;161;791;230
2021-12-04T10:44:29.132;536586511585694996;131;806;304
2021-12-04T10:44:29.152;536586511605345601;31;472;359
2021-12-04T10:44:29.172;536586511624996206;-52;614;260
2021-12-04T10:44:29.191;536586511644646811;34;1076;306
2021-12-04T10:44:29.211;536586511664297416;156;681;402
2021-12-04T10:44:29.230;536586511683948021;-125;616;367
2021-12-04T10:44:29.250;536586511703598626;-178;1144;322
2021-12-04T10:44:29.270;536586511723249231;183;794;293
2021-12-04T10:44:29.289;536586511742899836;58;837;358
2021-12-04T10:44:29.309;536586511762550441;-331;1068;363
2021-12-04T10:44:29.329;536586511782201046;114;843;452
2021-12-04T10:44:29.348;536586511801851651;-3;816;472
2021-12-04T10:44:29.368;536586511821502256;-208;1135;347
2021-12-04T10:44:29.388;536586511841152861;-135;1157;433
2021-12-04T10:44:29.407;536586511860803466;47;860;500
2021-12-04T10:44:29.427;536586511880454071;61;842;463
2021-12-04T10:44:29.447;536586511900104676;-107;1105;379
2021-12-04T10:44:29.466;536586511919755281;-12;1075;422
2021-12-04T10:44:29.486;536586511939405886;3;1035;490
2021-12-04T10:44:29.506;536586511959056491;109;1053;476
2021-12-04T10:44:29.525;536586511978707096;191;953;511
2021-12-04T10:44:29.545;536586511998357701;-41;1116;499
2021-12-04T10:44:29.565;536586512018008306;3;1089;523
2021-12-04T10:44:29.584;536586512037658911;0;1046;553
2021-12-04T10:44:29.604;536586512057309516;103;983;562
2021-12-04T10:44:29.623;536586512076960121;74;1050;552
2021-12-04T10:44:29.643;536586512096610726;149;1065;524
2021-12-04T10:44:29.663;536586512116261331;106;1067;512
2021-12-04T10:44:29.682;536586512135911936;112;1027;488
