Phone timestamp;sensor timestamp [ns];X [mg];Y [mg];Z [mg]
2021-12-04T10:59:02.912;536587385436790166;-240;937;110
2021-12-04T10:59:02.931;536587385456443684;-242;935;110
2021-12-04T10:59:02.951;536587385476097202;-246;941;106
2021-12-04T10:59:02.970;536587385495750720;-244;943;101
2021-12-04T10:59:02.990;536587385515404238;-241;940;102
2021-12-04T10:59:03.010;536587385535057756;-243;943;102
2021-12-04T10:59:03.029;536587385554711274;-249;948;100
2021-12-04T10:59:03.049;536587385574364792;-251;953;99
2021-12-04T10:59:03.069;536587385594018310;-248;957;98
2021-12-04T10:59:03.088;536587385613671828;-247;958;103
2021-12-04T10:59:03.108;536587385633325346;-245;964;99
2021-12-04T10:59:03.128;536587385652978864;-250;968;93
2021-12-04T10:59:03.147;536587385672632382;-245;968;95
2021-12-04T10:59:03.167;536587385692285900;-245;963;104
2021-12-04T10:59:03.187;536587385711939418;-245;965;106
2021-12-04T10:59:03.206;536587385731592936;-254;960;107
2021-12-04T10:59:03.226;536587385751246454;-250;953;103
2021-12-04T10:59:03.246;536587385770899972;-244;953;102
2021-12-04T10:59:03.265;536587385790553490;-239;957;93
2021-12-04T10:59:03.285;536587385810207008;-236;955;90
2021-12-04T10:59:03.305;536587385829860526;-234;950;86
2021-12-04T10:59:03.324;536587385849514044;-235;948;86
2021-12-04T10:59:03.344;536587385869167562;-235;948;88
2021-12-04T10:59:03.364;536587385888821080;-236;953;82
2021-12-04T10:59:03.383;536587385908474598;-236;952;80
2021-12-04T10:59:03.403;536587385928128116;-235;952;80
2021-12-04T10:59:03.422;536587385947781634;-236;952;88
2021-12-04T10:59:03.442;536587385967435152;-236;958;85
2021-12-04T10:59:03.462;536587385987088670;-238;962;89
2021-12-04T10:59:03.481;536587386006742188;-238;958;89
2021-12-04T10:59:03.501;536587386026395706;-238;961;90
2021-12-04T10:59:03.521;536587386046049224;-239;964;89
2021-12-04T10:59:03.540;536587386065702742;-237;968;91
2021-12-04T10:59:03.560;536587386085356260;-235;964;95
2021-12-04T10:59:03.580;536587386105009778;-239;960;95
2021-12-04T10:59:03.599;536587386124663296;-237;961;93
2021-12-04T10:59:03.619;536587386144316822;-240;962;95
2021-12-04T10:59:03.639;536587386163970340;-239;958;96
2021-12-04T10:59:03.658;536587386183623858;-236;952;100
2021-12-04T10:59:03.678;536587386203277376;-232;950;98
2021-12-04T10:59:03.698;536587386222930894;-232;957;94
2021-12-04T10:59:03.717;536587386242584412;-233;959;90
2021-12-04T10:59:03.737;536587386262237930;-234;955;93
2021-12-04T10:59:03.757;536587386281891448;-236;950;90
2021-12-04T10:59:03.776;536587386301544966;-234;959;93
2021-12-04T10:59:03.796;536587386321198484;-236;962;88
2021-12-04T10:59:03.816;536587386340852002;-235;960;94
2021-12-04T10:59:03.835;536587386360505520;-236;958;101
2021-12-04T10:59:03.855;536587386380159038;-238;965;102
2021-12-04T10:59:03.875;536587386399812556;-236;963;98
2021-12-04T10:59:03.894;536587386419466074;-235;963;103
2021-12-04T10:59:03.914;536587386439119592;-236;959;104
2021-12-04T10:59:03.933;536587386458773110;-238;955;107
2021-12-04T10:59:03.953;536587386478426628;-236;953;109
2021-12-04T10:59:03.973;536587386498080146;-237;954;110
2021-12-04T10:59:03.992;536587386517733664;-237;956;109
2021-12-04T10:59:04.012;536587386537387182;-237;950;108
2021-12-04T10:59:04.032;536587386557040700;-235;948;104
2021-12-04T10:59:04.051;536587386576694218;-228;946;105
2021-12-04T10:59:04.071;536587386596347736;-226;949;106
2021-12-04T10:59:04.091;536587386616001254;-228;947;105
2021-12-04T10:59:04.110;536587386635654772;-229;948;103
2021-12-04T10:59:04.130;536587386655308290;-231;949;105
2021-12-04T10:59:04.150;536587386674961808;-232;948;107
2021-12-04T10:59:04.169;536587386694615326;-233;951;108
2021-12-04T10:59:04.189;536587386714268844;-230;955;109
2021-12-04T10:59:04.209;536587386733922362;-230;958;109
2021-12-04T10:59:04.228;536587386753575880;-231;955;109
2021-12-04T10:59:04.248;536587386773229398;-234;956;109
2021-12-04T10:59:04.268;536587386792882916;-235;959;107
2021-12-04T10:59:04.287;536587386812536434;-232;964;104
2021-12-04T10:59:04.307;536587386832189952;-229;962;105
2021-12-04T10:59:04.327;536587386851850752;-232;964;104
2021-12-04T10:59:04.346;536587386871511552;-234;962;104
2021-12-04T10:59:04.366;536587386891172352;-234;961;102
2021-12-04T10:59:04.386;536587386910833152;-235;961;106
2021-12-04T10:59:04.405;536587386930493952;-234;964;106
2021-12-04T10:59:04.425;536587386950154752;-237;964;108
2021-12-04T10:59:04.445;536587386969815552;-236;965;107
2021-12-04T10:59:04.464;536587386989476352;-234;965;106
2021-12-04T10:59:04.484;536587387009137152;-232;970;108
2021-12-04T10:59:04.504;536587387028797952;-234;967;105
2021-12-04T10:59:04.523;536587387048458752;-232;968;100
2021-12-04T10:59:04.543;536587387068119552;-228;973;96
2021-12-04T10:59:04.562;536587387087780352;-218;975;96
2021-12-04T10:59:04.582;536587387107441152;-216;963;102
2021-12-04T10:59:04.602;536587387127101952;-225;963;100
2021-12-04T10:59:04.621;536587387146762752;-227;964;104
2021-12-04T10:59:04.641;536587387166423552;-228;952;110
2021-12-04T10:59:04.661;536587387186084352;-230;956;120
2021-12-04T10:59:04.680;536587387205745152;-234;939;113
2021-12-04T10:59:04.700;536587387225405952;-232;947;112
2021-12-04T10:59:04.720;536587387245066752;-235;958;107
2021-12-04T10:59:04.739;536587387264727552;-235;956;100
2021-12-04T10:59:04.759;536587387284388352;-238;959;95
2021-12-04T10:59:04.779;536587387304049152;-242;975;86
2021-12-04T10:59:04.798;536587387323709952;-254;983;72
2021-12-04T10:59:04.818;536587387343370752;-249;982;80
2021-12-04T10:59:04.838;536587387363031552;-244;983;81
2021-12-04T10:59:04.857;536587387382692352;-236;973;93
2021-12-04T10:59:04.877;536587387402353152;-235;966;94
2021-12-04T10:59:04.897;536587387422013952;-234;962;95
2021-12-04T10:59:04.916;536587387441674752;-234;958;92
2021-12-04T10:59:04.936;536587387461335552;-230;956;97
2021-12-04T10:59:04.956;536587387480996352;-232;952;102
2021-12-04T10:59:04.975;536587387500657152;-231;945;110
2021-12-04T10:59:04.995;536587387520317952;-230;934;126
2021-12-04T10:59:05.015;536587387539978752;-234;930;129
2021-12-04T10:59:05.034;536587387559642488;-237;929;131
2021-12-04T10:59:05.054;536587387579306200;-238;943;121
2021-12-04T10:59:05.074;536587387598969912;-239;943;122
2021-12-04T10:59:05.093;536587387618633624;-235;933;126
2021-12-04T10:59:05.113;536587387638297336;-236;939;120
2021-12-04T10:59:05.133;536587387657961048;-237;967;109
2021-12-04T10:59:05.152;536587387677624760;-236;962;112
2021-12-04T10:59:05.172;536587387697288472;-240;961;119
2021-12-04T10:59:05.192;536587387716952184;-242;952;118
2021-12-04T10:59:05.211;536587387736615896;-240;960;121
2021-12-04T10:59:05.231;536587387756279608;-239;964;111
2021-12-04T10:59:05.251;536587387775943320;-240;968;109
2021-12-04T10:59:05.270;536587387795607032;-240;965;113
2021-12-04T10:59:05.290;536587387815270744;-241;962;118
2021-12-04T10:59:05.310;536587387834934456;-241;952;122
2021-12-04T10:59:05.329;536587387854598168;-243;946;122
2021-12-04T10:59:05.349;536587387874261880;-244;946;114
2021-12-04T10:59:05.369;536587387893925592;-246;953;112
2021-12-04T10:59:05.388;536587387913589304;-237;943;114
2021-12-04T10:59:05.408;536587387933253016;-234;940;119
2021-12-04T10:59:05.428;536587387952916728;-233;930;120
2021-12-04T10:59:05.447;536587387972580440;-235;927;112
2021-12-04T10:59:05.467;536587387992244152;-234;921;106
2021-12-04T10:59:05.487;536587388011907864;-225;900;108
2021-12-04T10:59:05.506;536587388031571576;-220;884;114
2021-12-04T10:59:05.526;536587388051235288;-216;882;111
2021-12-04T10:59:05.546;536587388070899000;-232;912;100
2021-12-04T10:59:05.565;536587388090562712;-226;938;101
2021-12-04T10:59:05.585;536587388110226424;-221;913;118
2021-12-04T10:59:05.605;536587388129890136;-229;937;151
2021-12-04T10:59:05.624;536587388149553848;-249;971;144
2021-12-04T10:59:05.644;536587388169217560;-283;1003;135
2021-12-04T10:59:05.664;536587388188881272;-290;1045;131
2021-12-04T10:59:05.683;536587388208544984;-282;1106;129
2021-12-04T10:59:05.703;536587388228208696;-297;1117;144
2021-12-04T10:59:05.723;536587388247872408;-310;1127;166
2021-12-04T10:59:05.742;536587388267552164;-393;1155;201
2021-12-04T10:59:05.762;536587388287231896;-383;1221;156
2021-12-04T10:59:05.782;536587388306911628;-387;1243;126
2021-12-04T10:59:05.801;536587388326591360;-367;1265;81
2021-12-04T10:59:05.821;536587388346271092;-435;1273;111
2021-12-04T10:59:05.841;536587388365950824;-448;1221;125
2021-12-04T10:59:05.860;536587388385630556;-471;1229;120
2021-12-04T10:59:05.880;536587388405310288;-423;1238;81
2021-12-04T10:59:05.900;536587388424990020;-440;1220;54
2021-12-04T10:59:05.919;536587388444669752;-426;1173;40
2021-12-04T10:59:05.939;536587388464349484;-414;1136;43
2021-12-04T10:59:05.959;536587388484029216;-402;1114;-11
2021-12-04T10:59:05.978;536587388503708948;-469;1126;-58
2021-12-04T10:59:05.998;536587388523388680;-497;1110;-55
2021-12-04T10:59:06.018;536587388543068412;-466;1095;-38
2021-12-04T10:59:06.037;536587388562748144;-437;1054;56
2021-12-04T10:59:06.057;536587388582427876;-425;901;136
2021-12-04T10:59:06.077;536587388602107608;-400;803;53
2021-12-04T10:59:06.096;536587388621787340;-529;961;31
2021-12-04T10:59:06.116;536587388641467072;-451;927;10
2021-12-04T10:59:06.136;536587388661146804;-410;881;28
2021-12-04T10:59:06.156;536587388680826536;-417;822;-1
2021-12-04T10:59:06.175;536587388700506268;-460;863;-19
2021-12-04T10:59:06.195;536587388720186000;-412;840;-14
2021-12-04T10:59:06.215;536587388739865732;-424;867;-76
2021-12-04T10:59:06.234;536587388759545464;-310;867;-97
2021-12-04T10:59:06.254;536587388779225196;-286;844;-81
2021-12-04T10:59:06.274;536587388798904928;-302;756;21
2021-12-04T10:59:06.293;536587388818584660;-360;677;-125
2021-12-04T10:59:06.313;536587388838264392;-256;819;-132
2021-12-04T10:59:06.333;536587388857944124;-176;864;-93
2021-12-04T10:59:06.352;536587388877623856;-187;714;-49
2021-12-04T10:59:06.372;536587388897303588;-380;614;-70
2021-12-04T10:59:06.392;536587388916983320;-251;633;-58
2021-12-04T10:59:06.411;536587388936663052;-278;677;-52
2021-12-04T10:59:06.431;536587388956342784;-212;776;-46
2021-12-04T10:59:06.451;536587388976003584;-102;853;-54
2021-12-04T10:59:06.470;536587388995664384;-152;747;24
2021-12-04T10:59:06.490;536587389015325184;-247;678;18
2021-12-04T10:59:06.510;536587389034985984;-144;660;89
2021-12-04T10:59:06.529;536587389054646784;-320;685;11
2021-12-04T10:59:06.549;536587389074307584;-116;770;47
2021-12-04T10:59:06.569;536587389093968384;-158;821;25
2021-12-04T10:59:06.588;536587389113629184;-97;740;10
2021-12-04T10:59:06.608;536587389133289984;-196;729;36
2021-12-04T10:59:06.628;536587389152950784;-116;766;67
2021-12-04T10:59:06.647;536587389172611584;-236;812;26
2021-12-04T10:59:06.667;536587389192272384;-146;807;68
2021-12-04T10:59:06.687;536587389211933184;-174;874;55
2021-12-04T10:59:06.706;536587389231593984;-36;971;143
2021-12-04T10:59:06.726;536587389251254784;22;897;181
2021-12-04T10:59:06.746;536587389270915584;-48;1012;212
2021-12-04T10:59:06.765;536587389290576384;86;1098;229
2021-12-04T10:59:06.785;536587389310237184;-124;997;178
2021-12-04T10:59:06.805;536587389329897984;-70;1036;195
2021-12-04T10:59:06.824;536587389349558784;-48;1012;190
2021-12-04T10:59:06.844;536587389369219584;-104;984;132
2021-12-04T10:59:06.864;536587389388880384;-91;988;135
2021-12-04T10:59:06.883;536587389408541184;-7;996;187
2021-12-04T10:59:06.903;536587389428201984;-50;944;145
2021-12-04T10:59:06.923;536587389447862784;-76;974;133
2021-12-04T10:59:06.942;536587389467523584;11;972;175
2021-12-04T10:59:06.962;536587389487184384;-65;942;157
2021-12-04T10:59:06.982;536587389506845184;-38;991;174
2021-12-04T10:59:07.001;536587389526505984;-44;982;173
2021-12-04T10:59:07.021;536587389546166784;-112;970;189
2021-12-04T10:59:07.041;536587389565827584;-44;990;216
2021-12-04T10:59:07.060;536587389585488384;-77;989;198
2021-12-04T10:59:07.080;536587389605149184;-55;1000;197
2021-12-04T10:59:07.100;536587389624809984;-88;981;208
2021-12-04T10:59:07.119;536587389644470784;-86;975;220
2021-12-04T10:59:07.139;536587389664131584;-84;976;189
2021-12-04T10:59:07.159;536587389683798223;-77;989;174
2021-12-04T10:59:07.178;536587389703464848;-61;985;170
2021-12-04T10:59:07.198;536587389723131473;-105;940;148
2021-12-04T10:59:07.218;536587389742798098;-73;975;166
2021-12-04T10:59:07.237;536587389762464723;-87;971;148
2021-12-04T10:59:07.257;536587389782131348;-25;980;183
2021-12-04T10:59:07.277;536587389801797973;-65;946;198
2021-12-04T10:59:07.296;536587389821464598;-117;890;150
2021-12-04T10:59:07.316;536587389841131223;-122;856;100
2021-12-04T10:59:07.336;536587389860797848;-158;898;44
2021-12-04T10:59:07.355;536587389880464473;79;975;138
2021-12-04T10:59:07.375;536587389900131098;-136;721;17
2021-12-04T10:59:07.395;536587389919797723;-292;473;-101
2021-12-04T10:59:07.414;536587389939464348;-320;764;-61
2021-12-04T10:59:07.434;536587389959130973;242;750;20
2021-12-04T10:59:07.454;536587389978797598;-313;423;-59
2021-12-04T10:59:07.473;536587389998464223;-132;514;-143
2021-12-04T10:59:07.493;536587390018130848;186;941;3
2021-12-04T10:59:07.513;536587390037797473;115;798;-66
2021-12-04T10:59:07.532;536587390057464098;-275;405;27
2021-12-04T10:59:07.552;536587390077130723;-235;645;8
2021-12-04T10:59:07.572;536587390096797348;-104;1088;-25
2021-12-04T10:59:07.591;536587390116463973;-231;1040;26
2021-12-04T10:59:07.611;536587390136130598;-333;828;140
2021-12-04T10:59:07.631;536587390155797223;-438;876;179
2021-12-04T10:59:07.650;536587390175463848;-425;966;-45
2021-12-04T10:59:07.670;536587390195130473;-257;1026;3
2021-12-04T10:59:07.690;536587390214797098;-383;1044;-123
2021-12-04T10:59:07.709;536587390234463723;-329;1035;-141
2021-12-04T10:59:07.729;536587390254130348;-397;893;-8
2021-12-04T10:59:07.749;536587390273796973;-311;870;-117
2021-12-04T10:59:07.768;536587390293463598;-436;983;-132
2021-12-04T10:59:07.788;536587390313130223;-387;974;-70
2021-12-04T10:59:07.808;536587390332796848;-398;921;16
2021-12-04T10:59:07.827;536587390352463473;-426;864;-35
2021-12-04T10:59:07.847;536587390372130098;-407;849;-56
