Phone timestamp;sensor timestamp [ns];X [mg];Y [mg];Z [mg]
2021-11-13T11:15:28.239;536843330006635753;-110;1026;-161
2021-11-13T11:15:28.258;536843330026390488;-99;980;-12
2021-11-13T11:15:28.278;536843330046145223;-160;952;-106
2021-11-13T11:15:28.298;536843330065899958;-231;965;-213
2021-11-13T11:15:28.318;536843330085654693;-213;949;-220
2021-11-13T11:15:28.337;536843330105409428;-140;939;-141
2021-11-13T11:15:28.357;536843330125164163;-157;873;-158
2021-11-13T11:15:28.377;536843330144918898;-167;853;-175
2021-11-13T11:15:28.397;536843330164673633;-265;855;-215
2021-11-13T11:15:28.416;536843330184428368;-157;884;-119
2021-11-13T11:15:28.436;536843330204183103;-104;792;-141
2021-11-13T11:15:28.456;536843330223937838;-216;757;-196
2021-11-13T11:15:28.476;536843330243692573;-268;856;-200
2021-11-13T11:15:28.495;536843330263447308;-213;794;-76
2021-11-13T11:15:28.515;536843330283202043;-69;872;49
2021-11-13T11:15:28.535;536843330302956778;-310;812;-39
2021-11-13T11:15:28.555;536843330322711513;-131;864;-42
2021-11-13T11:15:28.574;536843330342466248;-204;919;-150
2021-11-13T11:15:28.594;536843330362220983;-242;897;-186
2021-11-13T11:15:28.614;536843330381975718;-62;898;-76
2021-11-13T11:15:28.634;536843330401730453;-220;930;-130
2021-11-13T11:15:28.653;536843330421485188;-160;857;-162
2021-11-13T11:15:28.673;536843330441239923;-88;976;-81
2021-11-13T11:15:28.693;536843330460994658;-208;902;-73
2021-11-13T11:15:28.713;536843330480749393;-236;830;-160
2021-11-13T11:15:28.732;536843330500504128;-56;1019;-50
2021-11-13T11:15:28.752;536843330520258863;-252;868;-131
2021-11-13T11:15:28.772;536843330540013598;-93;955;-162
2021-11-13T11:15:28.792;536843330559768333;-158;1016;-116
2021-11-13T11:15:28.811;536843330579523068;-223;908;-121
2021-11-13T11:15:28.831;536843330599277803;-150;938;-131
2021-11-13T11:15:28.851;536843330619032538;-205;956;-165
2021-11-13T11:15:28.871;536843330638787273;-155;915;-210
2021-11-13T11:15:28.890;536843330658542008;20;943;-113
2021-11-13T11:15:28.910;536843330678296743;-123;912;-170
2021-11-13T11:15:28.930;536843330698051478;-69;941;-137
2021-11-13T11:15:28.950;536843330717806213;-150;1053;-32
2021-11-13T11:15:28.969;536843330737560948;-276;987;-38
2021-11-13T11:15:28.989;536843330757315683;-210;1096;-11
2021-11-13T11:15:29.009;536843330777070418;-323;1062;-59
2021-11-13T11:15:29.029;536843330796825153;-188;1066;-61
2021-11-13T11:15:29.048;536843330816579888;-176;1112;-89
2021-11-13T11:15:29.068;536843330836334623;-174;1052;-124
2021-11-13T11:15:29.088;536843330856089358;-178;1109;-158
2021-11-13T11:15:29.108;536843330875844093;-163;1076;-155
2021-11-13T11:15:29.127;536843330895598828;-142;1115;-135
2021-11-13T11:15:29.147;536843330915353563;-242;1089;-99
2021-11-13T11:15:29.167;536843330935108298;-256;1144;-30
2021-11-13T11:15:29.187;536843330954863033;-275;1102;-30
2021-11-13T11:15:29.206;536843330974617768;-232;1103;-122
2021-11-13T11:15:29.226;536843330994372503;-247;1124;-131
2021-11-13T11:15:29.246;536843331014127238;-204;1076;-109
2021-11-13T11:15:29.266;536843331033881973;-203;1065;-120
2021-11-13T11:15:29.286;536843331053636708;-237;1042;-140
2021-11-13T11:15:29.305;536843331073391443;-212;1055;-125
2021-11-13T11:15:29.325;536843331093146178;-246;1044;-129
2021-11-13T11:15:29.345;536843331112900913;-263;1042;-101
2021-11-13T11:15:29.365;536843331132655648;-260;1057;-66
2021-11-13T11:15:29.384;536843331152410383;-267;1029;-116
2021-11-13T11:15:29.404;536843331172165118;-225;1039;-162
2021-11-13T11:15:29.424;536843331191919853;-199;1002;-157
2021-11-13T11:15:29.444;536843331211674588;-164;996;-138
2021-11-13T11:15:29.463;536843331231429323;-223;975;-143
2021-11-13T11:15:29.483;536843331251184058;-208;974;-149
2021-11-13T11:15:29.503;536843331270938793;-227;968;-105
2021-11-13T11:15:29.523;536843331290693528;-232;951;-66
2021-11-13T11:15:29.542;536843331310448263;-228;928;-102
2021-11-13T11:15:29.562;536843331330202998;-212;940;-134
2021-11-13T11:15:29.582;536843331349957733;-164;932;-123
2021-11-13T11:15:29.602;536843331369712468;-175;923;-156
2021-11-13T11:15:29.621;536843331389467203;-152;928;-189
2021-11-13T11:15:29.641;536843331409221938;-124;936;-170
2021-11-13T11:15:29.661;536843331428977403;-145;927;-161
2021-11-13T11:15:29.681;536843331448732866;-174;945;-155
2021-11-13T11:15:29.700;536843331468488329;-192;962;-153
2021-11-13T11:15:29.720;536843331488243792;-176;954;-120
2021-11-13T11:15:29.740;536843331507999255;-213;947;-120
2021-11-13T11:15:29.760;536843331527754718;-209;979;-133
2021-11-13T11:15:29.779;536843331547510181;-199;971;-135
2021-11-13T11:15:29.799;536843331567265644;-184;976;-138
2021-11-13T11:15:29.819;536843331587021107;-186;978;-159
2021-11-13T11:15:29.839;536843331606776570;-180;996;-159
2021-11-13T11:15:29.858;536843331626532033;-168;1028;-166
2021-11-13T11:15:29.878;536843331646287496;-204;1104;-183
2021-11-13T11:15:29.898;536843331666042959;-263;1153;-171
2021-11-13T11:15:29.918;536843331685798422;-236;1219;-151
2021-11-13T11:15:29.937;536843331705553885;-259;1250;-206
2021-11-13T11:15:29.957;536843331725309348;-186;1270;-205
2021-11-13T11:15:29.977;536843331745064811;-211;1207;-174
2021-11-13T11:15:29.997;536843331764820274;-223;1211;-166
2021-11-13T11:15:30.016;536843331784575737;-236;1220;-118
2021-11-13T11:15:30.036;536843331804331200;-248;1204;-100
2021-11-13T11:15:30.056;536843331824086663;-226;1204;-73
2021-11-13T11:15:30.076;536843331843842126;-254;1174;-103
2021-11-13T11:15:30.095;536843331863597589;-178;1186;-113
2021-11-13T11:15:30.115;536843331883353052;-175;1148;-128
2021-11-13T11:15:30.135;536843331903108515;-138;1144;-123
2021-11-13T11:15:30.155;536843331922863978;-148;1113;-121
2021-11-13T11:15:30.174;536843331942619441;-134;1111;-111
2021-11-13T11:15:30.194;536843331962374904;-172;1104;-131
2021-11-13T11:15:30.214;536843331982130367;-169;1099;-71
2021-11-13T11:15:30.234;536843332001885830;-194;1083;-52
2021-11-13T11:15:30.254;536843332021641293;-154;1030;-94
2021-11-13T11:15:30.273;536843332041396756;-105;1015;-88
2021-11-13T11:15:30.293;536843332061152219;-161;1019;-120
2021-11-13T11:15:30.313;536843332080907682;-135;976;-26
2021-11-13T11:15:30.333;536843332100663145;-105;935;-5
2021-11-13T11:15:30.352;536843332120418608;-138;947;-56
2021-11-13T11:15:30.372;536843332140174811;-74;880;-107
2021-11-13T11:15:30.392;536843332159931002;-51;891;-158
2021-11-13T11:15:30.412;536843332179687193;-62;844;-160
2021-11-13T11:15:30.431;536843332199443384;-94;800;-187
2021-11-13T11:15:30.451;536843332219199575;-30;857;-152
2021-11-13T11:15:30.471;536843332238955766;-151;796;-185
2021-11-13T11:15:30.491;536843332258711957;-126;802;-120
2021-11-13T11:15:30.510;536843332278468148;-212;832;-186
2021-11-13T11:15:30.530;536843332298224339;-124;802;-107
2021-11-13T11:15:30.550;536843332317980530;-259;815;-103
2021-11-13T11:15:30.570;536843332337736721;-206;810;-111
2021-11-13T11:15:30.589;536843332357492912;-188;806;-134
2021-11-13T11:15:30.609;536843332377249103;-175;813;-244
2021-11-13T11:15:30.629;536843332397005294;-189;776;-305
2021-11-13T11:15:30.649;536843332416761485;-301;729;-289
2021-11-13T11:15:30.668;536843332436517676;-178;906;-126
2021-11-13T11:15:30.688;536843332456273867;-298;673;-106
2021-11-13T11:15:30.708;536843332476030058;-166;794;-209
2021-11-13T11:15:30.728;536843332495786249;-290;797;-202
2021-11-13T11:15:30.747;536843332515542440;-235;781;-248
2021-11-13T11:15:30.767;536843332535298631;-290;817;-253
2021-11-13T11:15:30.787;536843332555054822;-267;854;-188
2021-11-13T11:15:30.807;536843332574811013;-161;849;-163
2021-11-13T11:15:30.826;536843332594567204;-143;963;-115
2021-11-13T11:15:30.846;536843332614323395;-309;850;-228
2021-11-13T11:15:30.866;536843332634079586;-288;894;-356
2021-11-13T11:15:30.886;536843332653835777;-119;1009;-246
2021-11-13T11:15:30.905;536843332673591968;-308;864;-235
2021-11-13T11:15:30.925;536843332693348159;-259;927;-207
2021-11-13T11:15:30.945;536843332713104350;-267;924;-60
2021-11-13T11:15:30.965;536843332732860541;-310;824;-214
2021-11-13T11:15:30.984;536843332752616732;-299;844;-297
2021-11-13T11:15:31.004;536843332772372923;-155;925;-116
2021-11-13T11:15:31.024;536843332792129114;-221;755;-126
2021-11-13T11:15:31.044;536843332811885305;-301;734;-262
2021-11-13T11:15:31.064;536843332831641496;-327;863;-325
2021-11-13T11:15:31.083;536843332851401330;2;818;-47
2021-11-13T11:15:31.103;536843332871161162;-302;753;-151
2021-11-13T11:15:31.123;536843332890920994;-238;751;-278
2021-11-13T11:15:31.143;536843332910680826;-141;977;-238
2021-11-13T11:15:31.162;536843332930440658;-224;842;-167
2021-11-13T11:15:31.182;536843332950200490;-252;896;-233
2021-11-13T11:15:31.202;536843332969960322;-206;939;-203
2021-11-13T11:15:31.222;536843332989720154;-172;936;-139
2021-11-13T11:15:31.241;536843333009479986;-222;937;-140
2021-11-13T11:15:31.261;536843333029239818;-126;956;-97
2021-11-13T11:15:31.281;536843333048999650;-173;892;-95
2021-11-13T11:15:31.301;536843333068759482;-175;859;-189
2021-11-13T11:15:31.320;536843333088519314;-126;965;-224
2021-11-13T11:15:31.340;536843333108279146;-164;883;-209
2021-11-13T11:15:31.360;536843333128038978;-70;904;-223
2021-11-13T11:15:31.380;536843333147798810;-65;929;-303
2021-11-13T11:15:31.399;536843333167558642;-94;902;-324
2021-11-13T11:15:31.419;536843333187318474;-79;954;-236
2021-11-13T11:15:31.439;536843333207078306;-209;949;-192
2021-11-13T11:15:31.459;536843333226838138;-233;943;-106
2021-11-13T11:15:31.478;536843333246597970;-251;1024;-125
2021-11-13T11:15:31.498;536843333266357802;-304;960;-131
2021-11-13T11:15:31.518;536843333286117634;-255;998;-174
2021-11-13T11:15:31.538;536843333305877466;-286;996;-187
2021-11-13T11:15:31.558;536843333325637298;-256;992;-212
2021-11-13T11:15:31.577;536843333345397130;-279;1026;-255
2021-11-13T11:15:31.597;536843333365156962;-224;984;-183
2021-11-13T11:15:31.617;536843333384916794;-242;1007;-162
2021-11-13T11:15:31.637;536843333404676626;-258;925;-223
2021-11-13T11:15:31.656;536843333424436458;-175;984;-222
2021-11-13T11:15:31.676;536843333444196290;-226;949;-228
2021-11-13T11:15:31.696;536843333463956122;-191;966;-140
2021-11-13T11:15:31.716;536843333483715954;-231;981;-145
2021-11-13T11:15:31.735;536843333503475786;-213;999;-204
2021-11-13T11:15:31.755;536843333523235618;-213;1058;-274
2021-11-13T11:15:31.775;536843333542995450;-204;1019;-240
2021-11-13T11:15:31.795;536843333562763298;-154;1037;-218
2021-11-13T11:15:31.814;536843333582531140;-235;1051;-272
2021-11-13T11:15:31.834;536843333602298982;-229;1096;-215
2021-11-13T11:15:31.854;536843333622066824;-247;1049;-160
2021-11-13T11:15:31.874;536843333641834666;-262;1086;-160
2021-11-13T11:15:31.893;536843333661602508;-315;1104;-139
2021-11-13T11:15:31.913;536843333681370350;-290;1093;-114
2021-11-13T11:15:31.933;536843333701138192;-306;1095;-105
2021-11-13T11:15:31.953;536843333720906034;-297;1090;-106
2021-11-13T11:15:31.973;536843333740673876;-256;1071;-122
2021-11-13T11:15:31.992;536843333760441718;-250;1054;-169
2021-11-13T11:15:32.012;536843333780209560;-214;1086;-141
2021-11-13T11:15:32.032;536843333799977402;-201;1013;-138
2021-11-13T11:15:32.052;536843333819745244;-176;1031;-152
2021-11-13T11:15:32.071;536843333839513086;-188;1024;-139
2021-11-13T11:15:32.091;536843333859280928;-199;1028;-188
2021-11-13T11:15:32.111;536843333879048770;-183;998;-149
2021-11-13T11:15:32.131;536843333898816612;-162;990;-167
2021-11-13T11:15:32.150;536843333918584454;-163;969;-132
2021-11-13T11:15:32.170;536843333938352296;-176;972;-135
2021-11-13T11:15:32.190;536843333958120138;-215;962;-117
2021-11-13T11:15:32.210;536843333977887980;-199;950;-120
2021-11-13T11:15:32.230;536843333997655822;-206;936;-106
2021-11-13T11:15:32.249;536843334017423664;-216;919;-136
2021-11-13T11:15:32.269;536843334037191506;-176;936;-133
2021-11-13T11:15:32.289;536843334056959348;-199;918;-150
2021-11-13T11:15:32.309;536843334076727190;-176;931;-154
2021-11-13T11:15:32.328;536843334096495032;-215;908;-134
2021-11-13T11:15:32.348;536843334116262874;-211;936;-121
2021-11-13T11:15:32.368;536843334136030716;-228;962;-138
2021-11-13T11:15:32.388;536843334155798558;-237;989;-122
2021-11-13T11:15:32.407;536843334175566400;-271;1038;-131
2021-11-13T11:15:32.427;536843334195334242;-278;1147;-150
2021-11-13T11:15:32.447;536843334215102084;-272;1183;-173
2021-11-13T11:15:32.467;536843334234869926;-282;1204;-205
2021-11-13T11:15:32.487;536843334254637768;-283;1260;-230
2021-11-13T11:15:32.506;536843334274405618;-244;1237;-228
2021-11-13T11:15:32.526;536843334294173460;-274;1241;-166
2021-11-13T11:15:32.546;536843334313941302;-338;1204;-97
2021-11-13T11:15:32.566;536843334333709144;-347;1203;-87
2021-11-13T11:15:32.585;536843334353476986;-258;1184;-62
2021-11-13T11:15:32.605;536843334373244828;-217;1157;-61
2021-11-13T11:15:32.625;536843334393012670;-234;1127;-157
2021-11-13T11:15:32.645;536843334412780512;-181;1123;-126
2021-11-13T11:15:32.664;536843334432548354;-181;1087;-126
2021-11-13T11:15:32.684;536843334452316196;-179;1045;-101
2021-11-13T11:15:32.704;536843334472084038;-195;1075;-85
2021-11-13T11:15:32.724;536843334491851880;-208;1051;-177
2021-11-13T11:15:32.743;536843334511619722;-115;1071;-177
2021-11-13T11:15:32.763;536843334531387564;-112;1051;-137
2021-11-13T11:15:32.783;536843334551155406;-147;981;-42
2021-11-13T11:15:32.803;536843334570923248;-185;1025;-111
2021-11-13T11:15:32.823;536843334590691090;-165;1007;-115
2021-11-13T11:15:32.842;536843334610458932;-183;977;-113
2021-11-13T11:15:32.862;536843334630226774;-130;975;-127
2021-11-13T11:15:32.882;536843334649994616;-150;954;-74
2021-11-13T11:15:32.902;536843334669762458;-112;924;-62
2021-11-13T11:15:32.921;536843334689530300;-169;885;-169
2021-11-13T11:15:32.941;536843334709298142;-20;919;-87
2021-11-13T11:15:32.961;536843334729065984;-135;867;-79
2021-11-13T11:15:32.981;536843334748833826;-143;793;-133
2021-11-13T11:15:33.000;536843334768601668;-122;897;-111
2021-11-13T11:15:33.020;536843334788369510;-90;812;-42
2021-11-13T11:15:33.040;536843334808137352;-178;828;-118
2021-11-13T11:15:33.060;536843334827905194;-117;805;-66
2021-11-13T11:15:33.080;536843334847673036;-231;825;-125
2021-11-13T11:15:33.099;536843334867440878;-166;812;-156
2021-11-13T11:15:33.119;536843334887208720;-140;907;-91
2021-11-13T11:15:33.139;536843334906976562;-85;864;-24
2021-11-13T11:15:33.159;536843334926744404;-227;841;-144
2021-11-13T11:15:33.178;536843334946512246;-199;860;-149
2021-11-13T11:15:33.198;536843334966280088;-193;864;-90
2021-11-13T11:15:33.218;536843334986045765;-303;881;-126
2021-11-13T11:15:33.238;536843335005811422;-213;844;-84
2021-11-13T11:15:33.257;536843335025577079;-218;808;-110
2021-11-13T11:15:33.277;536843335045342736;-204;848;-99
2021-11-13T11:15:33.297;536843335065108393;-235;818;-172
2021-11-13T11:15:33.317;536843335084874050;-158;898;-166
2021-11-13T11:15:33.337;536843335104639707;-237;858;-86
2021-11-13T11:15:33.356;536843335124405364;-266;869;-139
2021-11-13T11:15:33.376;536843335144171021;-274;901;-142
2021-11-13T11:15:33.396;536843335163936678;-272;906;-139
2021-11-13T11:15:33.416;536843335183702335;-150;914;-76
2021-11-13T11:15:33.435;536843335203467992;-218;904;-144
2021-11-13T11:15:33.455;536843335223233649;-281;922;-146
2021-11-13T11:15:33.475;536843335242999306;-178;909;-102
2021-11-13T11:15:33.495;536843335262764963;-281;949;-215
2021-11-13T11:15:33.514;536843335282530620;-247;963;-179
2021-11-13T11:15:33.534;536843335302296277;-175;937;-114
2021-11-13T11:15:33.554;536843335322061934;-325;954;-150
2021-11-13T11:15:33.574;536843335341827591;-187;957;-82
2021-11-13T11:15:33.593;536843335361593248;-202;950;-152
2021-11-13T11:15:33.613;536843335381358905;-264;962;-221
2021-11-13T11:15:33.633;536843335401124562;-241;953;-188
2021-11-13T11:15:33.653;536843335420890219;-186;943;-136
2021-11-13T11:15:33.673;536843335440655876;-267;939;-174
2021-11-13T11:15:33.692;536843335460421533;-213;967;-172
2021-11-13T11:15:33.712;536843335480187190;-272;918;-181
2021-11-13T11:15:33.732;536843335499952847;-262;910;-249
2021-11-13T11:15:33.752;536843335519718504;-219;950;-185
2021-11-13T11:15:33.771;536843335539484161;-216;874;-140
2021-11-13T11:15:33.791;536843335559249818;-209;870;-200
2021-11-13T11:15:33.811;536843335579015475;-327;862;-221
2021-11-13T11:15:33.831;536843335598781132;-229;827;-195
2021-11-13T11:15:33.850;536843335618546789;-197;834;-178
2021-11-13T11:15:33.870;536843335638312446;-214;873;-181
2021-11-13T11:15:33.890;536843335658078103;-243;796;-234
2021-11-13T11:15:33.910;536843335677843760;-187;831;-210
2021-11-13T11:15:33.929;536843335697608705;-291;776;-239
2021-11-13T11:15:33.949;536843335717373634;-97;821;-124
2021-11-13T11:15:33.969;536843335737138563;-238;809;-199
2021-11-13T11:15:33.989;536843335756903492;-79;795;-178
2021-11-13T11:15:34.009;536843335776668421;-194;878;-165
2021-11-13T11:15:34.028;536843335796433350;-164;782;-149
2021-11-13T11:15:34.048;536843335816198279;-242;883;-199
2021-11-13T11:15:34.068;536843335835963208;-167;892;-133
2021-11-13T11:15:34.088;536843335855728137;-108;866;-97
2021-11-13T11:15:34.107;536843335875493066;-251;886;-172
2021-11-13T11:15:34.127;536843335895257995;-125;962;-133
2021-11-13T11:15:34.147;536843335915022924;-179;903;-92
2021-11-13T11:15:34.167;536843335934787853;-224;944;-72
2021-11-13T11:15:34.186;536843335954552782;-228;945;-102
2021-11-13T11:15:34.206;536843335974317711;-174;941;-148
2021-11-13T11:15:34.226;536843335994082640;-169;977;-105
2021-11-13T11:15:34.246;536843336013847569;-201;1009;-91
2021-11-13T11:15:34.265;536843336033612498;-226;945;-119
2021-11-13T11:15:34.285;536843336053377427;-150;1025;-73
2021-11-13T11:15:34.305;536843336073142356;-231;987;-111
2021-11-13T11:15:34.325;536843336092907285;-174;1006;-116
2021-11-13T11:15:34.345;536843336112672214;-217;978;-130
2021-11-13T11:15:34.364;536843336132437143;-168;1025;-155
2021-11-13T11:15:34.384;536843336152202072;-173;1012;-101
2021-11-13T11:15:34.404;536843336171967001;-230;1026;-133
2021-11-13T11:15:34.424;536843336191731930;-180;1063;-191
2021-11-13T11:15:34.443;536843336211496859;-163;1067;-202
2021-11-13T11:15:34.463;536843336231261788;-170;1043;-131
2021-11-13T11:15:34.483;536843336251026717;-120;1017;-58
2021-11-13T11:15:34.503;536843336270791646;-227;1051;-51
2021-11-13T11:15:34.522;536843336290556575;-248;1099;-42
2021-11-13T11:15:34.542;536843336310321504;-253;1076;-60
2021-11-13T11:15:34.562;536843336330086433;-224;1110;-44
2021-11-13T11:15:34.582;536843336349851362;-221;1086;26
2021-11-13T11:15:34.601;536843336369616291;-249;1074;-53
2021-11-13T11:15:34.621;536843336389381220;-193;1116;-99
2021-11-13T11:15:34.641;536843336409143256;-202;1085;-167
2021-11-13T11:15:34.661;536843336428905272;-133;1068;-153
2021-11-13T11:15:34.681;536843336448667288;-129;1089;-151
2021-11-13T11:15:34.700;536843336468429304;-145;1041;-121
2021-11-13T11:15:34.720;536843336488191320;-159;1063;-133
2021-11-13T11:15:34.740;536843336507953336;-221;1071;-57
2021-11-13T11:15:34.760;536843336527715352;-228;1070;-54
2021-11-13T11:15:34.779;536843336547477368;-239;1066;-88
2021-11-13T11:15:34.799;536843336567239384;-174;1042;-89
2021-11-13T11:15:34.819;536843336587001400;-198;1040;-90
2021-11-13T11:15:34.839;536843336606763416;-190;1010;-111
2021-11-13T11:15:34.858;536843336626525432;-177;1004;-148
2021-11-13T11:15:34.878;536843336646287448;-131;996;-80
2021-11-13T11:15:34.898;536843336666049464;-161;976;-114
2021-11-13T11:15:34.918;536843336685811480;-146;984;-123
2021-11-13T11:15:34.937;536843336705573496;-154;977;-113
2021-11-13T11:15:34.957;536843336725335512;-127;970;-101
2021-11-13T11:15:34.977;536843336745097528;-163;972;-111
2021-11-13T11:15:34.997;536843336764859544;-139;973;-108
2021-11-13T11:15:35.016;536843336784621560;-135;980;-112
2021-11-13T11:15:35.036;536843336804383576;-157;968;-95
2021-11-13T11:15:35.056;536843336824145592;-164;968;-103
2021-11-13T11:15:35.076;536843336843907608;-148;973;-82
2021-11-13T11:15:35.096;536843336863669624;-164;973;-82
2021-11-13T11:15:35.115;536843336883431640;-177;974;-64
2021-11-13T11:15:35.135;536843336903193656;-196;973;-72
2021-11-13T11:15:35.155;536843336922955672;-179;977;-94
2021-11-13T11:15:35.175;536843336942717688;-149;982;-106
2021-11-13T11:15:35.194;536843336962479704;-160;979;-102
2021-11-13T11:15:35.214;536843336982241720;-201;981;-118
2021-11-13T11:15:35.234;536843337002003736;-188;993;-102
2021-11-13T11:15:35.254;536843337021765752;-192;1010;-92
2021-11-13T11:15:35.273;536843337041527768;-199;1055;-73
2021-11-13T11:15:35.293;536843337061289784;-259;1090;-115
2021-11-13T11:15:35.313;536843337081051800;-260;1171;-97
2021-11-13T11:15:35.333;536843337100813816;-223;1177;-42
2021-11-13T11:15:35.352;536843337120573660;-250;1200;-78
2021-11-13T11:15:35.372;536843337140333492;-290;1238;-115
2021-11-13T11:15:35.392;536843337160093324;-257;1232;-118
2021-11-13T11:15:35.412;536843337179853156;-198;1230;-98
2021-11-13T11:15:35.431;536843337199612988;-219;1205;-62
2021-11-13T11:15:35.451;536843337219372820;-236;1231;-72
2021-11-13T11:15:35.471;536843337239132652;-236;1198;-16
2021-11-13T11:15:35.491;536843337258892484;-270;1183;31
2021-11-13T11:15:35.511;536843337278652316;-231;1133;-5
2021-11-13T11:15:35.530;536843337298412148;-216;1116;-36
2021-11-13T11:15:35.550;536843337318171980;-178;1114;-83
2021-11-13T11:15:35.570;536843337337931812;-163;1086;-102
2021-11-13T11:15:35.590;536843337357691644;-153;1038;-74
2021-11-13T11:15:35.609;536843337377451476;-116;1057;-87
2021-11-13T11:15:35.629;536843337397211308;-187;1006;-117
2021-11-13T11:15:35.649;536843337416971140;-164;1000;-96
2021-11-13T11:15:35.669;536843337436730972;-201;963;-94
2021-11-13T11:15:35.688;536843337456490804;-129;954;-37
2021-11-13T11:15:35.708;536843337476250636;-184;894;-23
2021-11-13T11:15:35.728;536843337496010468;-232;906;-56
2021-11-13T11:15:35.748;536843337515770300;-121;916;-53
2021-11-13T11:15:35.767;536843337535530132;-54;901;-51
2021-11-13T11:15:35.787;536843337555289964;-136;877;-51
2021-11-13T11:15:35.807;536843337575049796;-148;896;15
2021-11-13T11:15:35.827;536843337594809628;-228;864;31
2021-11-13T11:15:35.846;536843337614569460;-160;914;0
2021-11-13T11:15:35.866;536843337634329292;-123;920;-7
2021-11-13T11:15:35.886;536843337654089124;-162;892;-38
2021-11-13T11:15:35.906;536843337673848956;-126;925;-27
2021-11-13T11:15:35.925;536843337693608788;-217;876;-120
2021-11-13T11:15:35.945;536843337713368620;-178;892;-112
2021-11-13T11:15:35.965;536843337733128452;-139;890;-92
2021-11-13T11:15:35.985;536843337752888284;-238;850;-127
2021-11-13T11:15:36.005;536843337772648116;-167;840;-112
2021-11-13T11:15:36.024;536843337792407948;-79;820;-45
2021-11-13T11:15:36.044;536843337812167780;-221;873;-56
2021-11-13T11:15:36.064;536843337831931991;-173;771;-72
2021-11-13T11:15:36.084;536843337851696192;-224;842;-124
2021-11-13T11:15:36.103;536843337871460393;-218;818;-152
2021-11-13T11:15:36.123;536843337891224594;-218;797;-233
2021-11-13T11:15:36.143;536843337910988795;-106;845;-125
2021-11-13T11:15:36.163;536843337930752996;-343;762;-234
2021-11-13T11:15:36.182;536843337950517197;-247;854;-294
2021-11-13T11:15:36.202;536843337970281398;-225;886;-165
2021-11-13T11:15:36.222;536843337990045599;-277;833;-88
2021-11-13T11:15:36.242;536843338009809800;-104;910;20
2021-11-13T11:15:36.261;536843338029574001;-284;906;-123
2021-11-13T11:15:36.281;536843338049338202;-313;897;-295
2021-11-13T11:15:36.301;536843338069102403;-326;960;-246
2021-11-13T11:15:36.321;536843338088866604;-156;944;-139
2021-11-13T11:15:36.340;536843338108630805;-140;967;-59
2021-11-13T11:15:36.360;536843338128395006;-281;908;-116
2021-11-13T11:15:36.380;536843338148159207;-401;898;-274
2021-11-13T11:15:36.400;536843338167923408;-271;969;-230
2021-11-13T11:15:36.420;536843338187687609;-173;904;-116
2021-11-13T11:15:36.439;536843338207451810;-161;866;-123
2021-11-13T11:15:36.459;536843338227216011;-287;914;-167
2021-11-13T11:15:36.479;536843338246980212;-328;854;-213
2021-11-13T11:15:36.499;536843338266744413;-268;870;-240
2021-11-13T11:15:36.518;536843338286508614;-231;905;-198
2021-11-13T11:15:36.538;536843338306272815;-223;877;-199
2021-11-13T11:15:36.558;536843338326037016;-204;853;-198
2021-11-13T11:15:36.578;536843338345801217;-320;836;-241
2021-11-13T11:15:36.597;536843338365565418;-253;878;-175
2021-11-13T11:15:36.617;536843338385329619;-294;823;-195
2021-11-13T11:15:36.637;536843338405093820;-49;889;-52
2021-11-13T11:15:36.657;536843338424858021;-302;774;-173
2021-11-13T11:15:36.676;536843338444622222;-222;785;-193
2021-11-13T11:15:36.696;536843338464386423;-171;870;-185
2021-11-13T11:15:36.716;536843338484150624;-170;776;-187
2021-11-13T11:15:36.736;536843338503914825;-43;854;-156
2021-11-13T11:15:36.756;536843338523679026;-253;813;-233
2021-11-13T11:15:36.775;536843338543430854;-79;811;-129
2021-11-13T11:15:36.795;536843338563182676;-250;883;-138
2021-11-13T11:15:36.815;536843338582934498;-197;856;-135
2021-11-13T11:15:36.835;536843338602686320;-118;912;-90
2021-11-13T11:15:36.854;536843338622438142;-141;921;-83
2021-11-13T11:15:36.874;536843338642189964;-217;889;-177
2021-11-13T11:15:36.894;536843338661941786;-79;950;-95
2021-11-13T11:15:36.914;536843338681693608;-239;998;-151
2021-11-13T11:15:36.933;536843338701445430;-119;978;-97
2021-11-13T11:15:36.953;536843338721197252;-94;1035;-64
2021-11-13T11:15:36.973;536843338740949074;-167;1004;-166
2021-11-13T11:15:36.993;536843338760700896;-102;1038;-101
2021-11-13T11:15:37.012;536843338780452718;-187;1047;-51
2021-11-13T11:15:37.032;536843338800204540;-140;993;-34
2021-11-13T11:15:37.052;536843338819956362;-202;1003;-90
2021-11-13T11:15:37.072;536843338839708184;-187;988;-114
2021-11-13T11:15:37.091;536843338859460006;-91;1014;-40
2021-11-13T11:15:37.111;536843338879211828;-189;964;-75
2021-11-13T11:15:37.131;536843338898963650;-89;1001;-51
2021-11-13T11:15:37.151;536843338918715472;-151;1024;-104
2021-11-13T11:15:37.170;536843338938467294;-167;1031;-60
2021-11-13T11:15:37.190;536843338958219116;-158;1077;-74
2021-11-13T11:15:37.210;536843338977970938;-131;1067;-57
2021-11-13T11:15:37.230;536843338997722760;-167;1092;-39
2021-11-13T11:15:37.249;536843339017474582;-165;1072;-70
2021-11-13T11:15:37.269;536843339037226404;-196;1096;-50
2021-11-13T11:15:37.289;536843339056978226;-237;1084;-63
2021-11-13T11:15:37.309;536843339076730048;-116;1108;-44
2021-11-13T11:15:37.328;536843339096481870;-184;1062;-86
2021-11-13T11:15:37.348;536843339116233692;-122;1077;-117
2021-11-13T11:15:37.368;536843339135985514;-133;1099;-145
2021-11-13T11:15:37.388;536843339155737336;-122;1099;-120
2021-11-13T11:15:37.407;536843339175489158;-176;1091;-130
2021-11-13T11:15:37.427;536843339195240980;-119;1109;-132
2021-11-13T11:15:37.447;536843339214992802;-138;1133;-148
2021-11-13T11:15:37.467;536843339234744624;-123;1093;-146
2021-11-13T11:15:37.486;536843339254504464;-134;1101;-129
2021-11-13T11:15:37.506;536843339274264296;-166;1060;-125
2021-11-13T11:15:37.526;536843339294024128;-146;1085;-114
2021-11-13T11:15:37.546;536843339313783960;-190;1058;-91
2021-11-13T11:15:37.565;536843339333543792;-162;1020;-71
2021-11-13T11:15:37.585;536843339353303624;-176;1001;-101
2021-11-13T11:15:37.605;536843339373063456;-136;989;-63
2021-11-13T11:15:37.625;536843339392823288;-136;977;-116
2021-11-13T11:15:37.644;536843339412583120;-130;974;-134
2021-11-13T11:15:37.664;536843339432342952;-104;974;-106
2021-11-13T11:15:37.684;536843339452102784;-117;966;-116
2021-11-13T11:15:37.704;536843339471862616;-147;972;-132
2021-11-13T11:15:37.723;536843339491622448;-121;979;-105
2021-11-13T11:15:37.743;536843339511382280;-149;976;-110
2021-11-13T11:15:37.763;536843339531142112;-148;973;-77
2021-11-13T11:15:37.783;536843339550901944;-177;968;-68
2021-11-13T11:15:37.803;536843339570661776;-172;975;-85
2021-11-13T11:15:37.822;536843339590421608;-140;976;-82
2021-11-13T11:15:37.842;536843339610181440;-136;965;-80
2021-11-13T11:15:37.862;536843339629941272;-160;968;-79
2021-11-13T11:15:37.882;536843339649701104;-138;979;-81
2021-11-13T11:15:37.901;536843339669460936;-148;982;-84
2021-11-13T11:15:37.921;536843339689220768;-137;976;-105
2021-11-13T11:15:37.941;536843339708980600;-131;979;-81
2021-11-13T11:15:37.961;536843339728740432;-146;992;-83
2021-11-13T11:15:37.980;536843339748500264;-172;980;-63
2021-11-13T11:15:38.000;536843339768260096;-170;988;-64
2021-11-13T11:15:38.020;536843339788019928;-165;988;-72
2021-11-13T11:15:38.040;536843339807779760;-149;979;-64
2021-11-13T11:15:38.059;536843339827539592;-169;987;-78
2021-11-13T11:15:38.079;536843339847299424;-148;982;-67
2021-11-13T11:15:38.099;536843339867059256;-181;1011;-64
2021-11-13T11:15:38.119;536843339886819088;-200;1018;-70
2021-11-13T11:15:38.138;536843339906578920;-234;1094;-89
2021-11-13T11:15:38.158;536843339926338752;-203;1106;-97
2021-11-13T11:15:38.178;536843339946098584;-249;1184;-58
2021-11-13T11:15:38.198;536843339965854781;-264;1219;-20
2021-11-13T11:15:38.217;536843339985610972;-264;1202;-26
2021-11-13T11:15:38.237;536843340005367163;-297;1253;-11
2021-11-13T11:15:38.257;536843340025123354;-230;1247;-52
2021-11-13T11:15:38.277;536843340044879545;-220;1217;-109
2021-11-13T11:15:38.296;536843340064635736;-224;1204;-79
2021-11-13T11:15:38.316;536843340084391927;-200;1172;-80
2021-11-13T11:15:38.336;536843340104148118;-204;1222;-47
2021-11-13T11:15:38.356;536843340123904309;-190;1101;-48
2021-11-13T11:15:38.376;536843340143660500;-171;1101;-15
2021-11-13T11:15:38.395;536843340163416691;-222;1087;-29
2021-11-13T11:15:38.415;536843340183172882;-190;1085;-54
2021-11-13T11:15:38.435;536843340202929073;-133;1051;-98
2021-11-13T11:15:38.455;536843340222685264;-76;1021;-65
2021-11-13T11:15:38.474;536843340242441455;-190;978;-78
2021-11-13T11:15:38.494;536843340262197646;-71;1011;-62
2021-11-13T11:15:38.514;536843340281953837;-163;980;-124
2021-11-13T11:15:38.534;536843340301710028;-167;1033;-79
2021-11-13T11:15:38.553;536843340321466219;-213;957;-28
2021-11-13T11:15:38.573;536843340341222410;-231;1008;-42
2021-11-13T11:15:38.593;536843340360978601;-179;1006;41
2021-11-13T11:15:38.613;536843340380734792;-163;1029;-1
2021-11-13T11:15:38.632;536843340400490983;-162;968;-63
2021-11-13T11:15:38.652;536843340420247174;-111;935;-137
2021-11-13T11:15:38.672;536843340440003365;-106;921;-146
2021-11-13T11:15:38.692;536843340459759556;-97;899;-174
2021-11-13T11:15:38.711;536843340479515747;-37;923;-56
2021-11-13T11:15:38.731;536843340499271938;-128;799;-82
2021-11-13T11:15:38.751;536843340519028129;-162;767;-168
2021-11-13T11:15:38.771;536843340538784320;-150;773;-152
2021-11-13T11:15:38.790;536843340558540511;-55;826;-117
2021-11-13T11:15:38.810;536843340578296702;-51;769;-47
2021-11-13T11:15:38.830;536843340598052893;-165;703;-148
2021-11-13T11:15:38.850;536843340617809084;-72;833;-159
2021-11-13T11:15:38.869;536843340637565275;-191;796;-170
2021-11-13T11:15:38.889;536843340657321466;-45;872;-113
2021-11-13T11:15:38.909;536843340677075504;-142;826;-110
2021-11-13T11:15:38.929;536843340696829510;-188;839;-184
2021-11-13T11:15:38.948;536843340716583516;-275;840;-337
2021-11-13T11:15:38.968;536843340736337522;-308;889;-365
2021-11-13T11:15:38.988;536843340756091528;-190;895;-175
2021-11-13T11:15:39.008;536843340775845534;-180;803;-111
2021-11-13T11:15:39.027;536843340795599540;-166;828;-90
2021-11-13T11:15:39.047;536843340815353546;-232;857;-238
2021-11-13T11:15:39.067;536843340835107552;-233;842;-327
2021-11-13T11:15:39.087;536843340854861558;-223;873;-255
2021-11-13T11:15:39.106;536843340874615564;-243;863;-246
2021-11-13T11:15:39.126;536843340894369570;-122;957;-174
2021-11-13T11:15:39.146;536843340914123576;-229;830;-149
2021-11-13T11:15:39.166;536843340933877582;-266;885;-268
2021-11-13T11:15:39.185;536843340953631588;-280;969;-211
2021-11-13T11:15:39.205;536843340973385594;-197;914;-137
2021-11-13T11:15:39.225;536843340993139600;-181;932;-156
2021-11-13T11:15:39.245;536843341012893606;-212;935;-192
2021-11-13T11:15:39.265;536843341032647612;-246;924;-341
2021-11-13T11:15:39.284;536843341052401618;-278;962;-317
2021-11-13T11:15:39.304;536843341072155624;-198;896;-101
2021-11-13T11:15:39.324;536843341091909630;-175;908;-108
2021-11-13T11:15:39.344;536843341111663636;-300;848;-195
2021-11-13T11:15:39.363;536843341131417642;-213;867;-223
2021-11-13T11:15:39.383;536843341151171648;-258;852;-245
2021-11-13T11:15:39.403;536843341170925654;-163;905;-186
2021-11-13T11:15:39.423;536843341190679660;-209;811;-195
2021-11-13T11:15:39.442;536843341210433666;-155;823;-191
2021-11-13T11:15:39.462;536843341230187672;-259;850;-230
2021-11-13T11:15:39.482;536843341249941678;-247;830;-208
2021-11-13T11:15:39.502;536843341269695684;-162;846;-151
2021-11-13T11:15:39.521;536843341289449690;-188;828;-160
2021-11-13T11:15:39.541;536843341309203696;-99;951;-167
2021-11-13T11:15:39.561;536843341328957702;-226;858;-225
2021-11-13T11:15:39.581;536843341348711708;-132;918;-162
2021-11-13T11:15:39.600;536843341368465714;-317;935;-55
2021-11-13T11:15:39.620;536843341388213907;-87;930;-51
2021-11-13T11:15:39.640;536843341407962088;-222;941;-119
2021-11-13T11:15:39.660;536843341427710269;-103;864;-158
2021-11-13T11:15:39.679;536843341447458450;-44;887;-151
2021-11-13T11:15:39.699;536843341467206631;-108;924;-230
2021-11-13T11:15:39.719;536843341486954812;-68;906;-175
2021-11-13T11:15:39.739;536843341506702993;-162;886;-214
2021-11-13T11:15:39.758;536843341526451174;-43;932;-224
2021-11-13T11:15:39.778;536843341546199355;-84;922;-186
2021-11-13T11:15:39.798;536843341565947536;-195;851;-213
2021-11-13T11:15:39.818;536843341585695717;-105;933;-124
2021-11-13T11:15:39.837;536843341605443898;-209;851;-142
2021-11-13T11:15:39.857;536843341625192079;-89;901;-155
2021-11-13T11:15:39.877;536843341644940260;-148;951;-186
2021-11-13T11:15:39.897;536843341664688441;-106;945;-131
2021-11-13T11:15:39.916;536843341684436622;-68;970;-104
2021-11-13T11:15:39.936;536843341704184803;-223;1022;-212
2021-11-13T11:15:39.956;536843341723932984;-127;1042;-171
2021-11-13T11:15:39.976;536843341743681165;-167;1100;-133
2021-11-13T11:15:39.995;536843341763429346;-203;1039;-187
2021-11-13T11:15:40.015;536843341783177527;-95;1095;-178
2021-11-13T11:15:40.035;536843341802925708;-187;1092;-174
2021-11-13T11:15:40.055;536843341822673889;-145;1101;-178
2021-11-13T11:15:40.074;536843341842422070;-160;1123;-131
2021-11-13T11:15:40.094;536843341862170251;-226;1079;-184
2021-11-13T11:15:40.114;536843341881918432;-155;1096;-180
2021-11-13T11:15:40.134;536843341901666613;-73;1068;-187
2021-11-13T11:15:40.153;536843341921414794;-111;1086;-251
2021-11-13T11:15:40.173;536843341941162975;-157;1093;-188
2021-11-13T11:15:40.193;536843341960911156;-220;1089;-138
2021-11-13T11:15:40.213;536843341980659337;-189;1100;-129
2021-11-13T11:15:40.232;536843342000407518;-198;1119;-121
2021-11-13T11:15:40.252;536843342020155699;-227;1117;-124
2021-11-13T11:15:40.272;536843342039903880;-192;1085;-119
2021-11-13T11:15:40.292;536843342059652061;-156;1081;-134
2021-11-13T11:15:40.311;536843342079400242;-147;1078;-168
2021-11-13T11:15:40.331;536843342099158643;-137;1059;-197
2021-11-13T11:15:40.351;536843342118917018;-161;1048;-210
2021-11-13T11:15:40.371;536843342138675393;-164;1056;-118
2021-11-13T11:15:40.390;536843342158433768;-202;1026;-112
2021-11-13T11:15:40.410;536843342178192143;-196;1045;-94
2021-11-13T11:15:40.430;536843342197950518;-224;1004;-104
2021-11-13T11:15:40.450;536843342217708893;-199;997;-108
2021-11-13T11:15:40.469;536843342237467268;-190;980;-118
2021-11-13T11:15:40.489;536843342257225643;-160;969;-120
2021-11-13T11:15:40.509;536843342276984018;-144;975;-134
2021-11-13T11:15:40.529;536843342296742393;-158;950;-135
2021-11-13T11:15:40.548;536843342316500768;-171;965;-165
2021-11-13T11:15:40.568;536843342336259143;-139;960;-111
2021-11-13T11:15:40.588;536843342356017518;-172;931;-104
2021-11-13T11:15:40.608;536843342375775893;-172;946;-102
2021-11-13T11:15:40.627;536843342395534268;-202;951;-117
2021-11-13T11:15:40.647;536843342415292643;-175;959;-111
2021-11-13T11:15:40.667;536843342435051018;-190;944;-87
2021-11-13T11:15:40.687;536843342454809393;-166;953;-106
2021-11-13T11:15:40.706;536843342474567768;-138;977;-112
2021-11-13T11:15:40.726;536843342494326143;-178;981;-131
2021-11-13T11:15:40.746;536843342514084518;-158;991;-120
2021-11-13T11:15:40.766;536843342533842893;-212;981;-129
2021-11-13T11:15:40.785;536843342553601268;-180;1001;-131
2021-11-13T11:15:40.805;536843342573359643;-187;1008;-156
2021-11-13T11:15:40.825;536843342593118018;-179;1018;-146
2021-11-13T11:15:40.845;536843342612876393;-246;1057;-154
2021-11-13T11:15:40.864;536843342632634768;-213;1051;-134
2021-11-13T11:15:40.884;536843342652393143;-276;1122;-191
2021-11-13T11:15:40.904;536843342672151518;-243;1135;-130
2021-11-13T11:15:40.924;536843342691909893;-232;1096;-148
2021-11-13T11:15:40.944;536843342711668268;-265;1164;-168
2021-11-13T11:15:40.963;536843342731426643;-281;1143;-164
2021-11-13T11:15:40.983;536843342751185018;-227;1126;-148
2021-11-13T11:15:41.003;536843342770943393;-228;1145;-119
2021-11-13T11:15:41.023;536843342790701768;-229;1110;-96
2021-11-13T11:15:41.042;536843342810458707;-222;1121;-102
2021-11-13T11:15:41.062;536843342830215626;-211;1107;-70
2021-11-13T11:15:41.082;536843342849972545;-205;1100;-37
2021-11-13T11:15:41.102;536843342869729464;-164;1087;-75
2021-11-13T11:15:41.121;536843342889486383;-140;1103;-117
2021-11-13T11:15:41.141;536843342909243302;-97;1080;-99
2021-11-13T11:15:41.161;536843342929000221;-71;996;-87
2021-11-13T11:15:41.181;536843342948757140;-159;1076;-150
2021-11-13T11:15:41.200;536843342968514059;-78;1094;-98
2021-11-13T11:15:41.220;536843342988270978;-168;1085;-34
2021-11-13T11:15:41.240;536843343008027897;-235;1067;1
2021-11-13T11:15:41.260;536843343027784816;-192;1034;-43
2021-11-13T11:15:41.279;536843343047541735;-223;1033;-86
2021-11-13T11:15:41.299;536843343067298654;-134;1028;-51
2021-11-13T11:15:41.319;536843343087055573;-183;996;-36
2021-11-13T11:15:41.339;536843343106812492;-165;960;-31
2021-11-13T11:15:41.358;536843343126569411;-167;1002;-28
2021-11-13T11:15:41.378;536843343146326330;-135;978;11
2021-11-13T11:15:41.398;536843343166083249;-169;972;-60
2021-11-13T11:15:41.418;536843343185840168;-61;935;-123
2021-11-13T11:15:41.437;536843343205597087;-37;983;-136
2021-11-13T11:15:41.457;536843343225354006;-7;905;-96
2021-11-13T11:15:41.477;536843343245110925;-121;887;-105
2021-11-13T11:15:41.497;536843343264867844;-114;888;-65
2021-11-13T11:15:41.516;536843343284624763;-116;877;-68
2021-11-13T11:15:41.536;536843343304381682;-256;811;-73
2021-11-13T11:15:41.556;536843343324138601;-120;879;-66
2021-11-13T11:15:41.576;536843343343895520;-75;803;-41
2021-11-13T11:15:41.596;536843343363652439;-179;814;-71
2021-11-13T11:15:41.615;536843343383409358;-144;779;-137
2021-11-13T11:15:41.635;536843343403166277;-129;849;-132
2021-11-13T11:15:41.655;536843343422923196;-163;813;-108
2021-11-13T11:15:41.675;536843343442680115;-189;836;-33
2021-11-13T11:15:41.694;536843343462437034;-292;794;-115
2021-11-13T11:15:41.714;536843343482193953;-215;861;-157
2021-11-13T11:15:41.734;536843343501950872;-235;857;-186
2021-11-13T11:15:41.754;536843343521707071;-213;873;-97
2021-11-13T11:15:41.773;536843343541463262;-315;810;-115
2021-11-13T11:15:41.793;536843343561219453;-191;933;-82
2021-11-13T11:15:41.813;536843343580975644;-283;876;-125
2021-11-13T11:15:41.833;536843343600731835;-126;941;-40
2021-11-13T11:15:41.852;536843343620488026;-169;952;-16
2021-11-13T11:15:41.872;536843343640244217;-279;909;-101
2021-11-13T11:15:41.892;536843343660000408;-308;929;-136
2021-11-13T11:15:41.912;536843343679756599;-238;973;-52
2021-11-13T11:15:41.931;536843343699512790;-216;928;-10
2021-11-13T11:15:41.951;536843343719268981;-255;914;-83
2021-11-13T11:15:41.971;536843343739025172;-362;923;-154
2021-11-13T11:15:41.991;536843343758781363;-232;921;-75
2021-11-13T11:15:42.010;536843343778537554;-137;951;16
2021-11-13T11:15:42.030;536843343798293745;-228;900;-38
2021-11-13T11:15:42.050;536843343818049936;-276;949;-159
2021-11-13T11:15:42.070;536843343837806127;-276;958;-110
2021-11-13T11:15:42.089;536843343857562318;-240;967;-52
2021-11-13T11:15:42.109;536843343877318509;-214;953;4
2021-11-13T11:15:42.129;536843343897074700;-299;948;-134
2021-11-13T11:15:42.149;536843343916830891;-334;997;-259
2021-11-13T11:15:42.168;536843343936587082;-240;959;-141
2021-11-13T11:15:42.188;536843343956343273;-229;951;-61
2021-11-13T11:15:42.208;536843343976099464;-244;955;-22
2021-11-13T11:15:42.228;536843343995855655;-294;889;-124
2021-11-13T11:15:42.247;536843344015611846;-300;899;-172
2021-11-13T11:15:42.267;536843344035368037;-255;869;-98
2021-11-13T11:15:42.287;536843344055124228;-259;784;-142
2021-11-13T11:15:42.307;536843344074880419;-244;802;-136
2021-11-13T11:15:42.327;536843344094636610;-228;786;-101
2021-11-13T11:15:42.346;536843344114392801;-227;767;-130
2021-11-13T11:15:42.366;536843344134148992;-277;756;-138
2021-11-13T11:15:42.386;536843344153905183;-271;785;-148
2021-11-13T11:15:42.406;536843344173661374;-227;774;-162
2021-11-13T11:15:42.425;536843344193417565;-222;820;-133
2021-11-13T11:15:42.445;536843344213173756;-180;781;-105
2021-11-13T11:15:42.465;536843344232926322;-222;856;-167
2021-11-13T11:15:42.485;536843344252678872;-62;867;-13
2021-11-13T11:15:42.504;536843344272431422;-270;855;-86
2021-11-13T11:15:42.524;536843344292183972;-212;944;-197
2021-11-13T11:15:42.544;536843344311936522;-19;931;-10
2021-11-13T11:15:42.564;536843344331689072;-257;945;-60
2021-11-13T11:15:42.583;536843344351441622;-195;968;-154
2021-11-13T11:15:42.603;536843344371194172;-33;1016;-30
2021-11-13T11:15:42.623;536843344390946722;-307;995;-150
2021-11-13T11:15:42.643;536843344410699272;-143;983;-128
2021-11-13T11:15:42.662;536843344430451822;-167;1044;-149
2021-11-13T11:15:42.682;536843344450204372;-112;910;-101
2021-11-13T11:15:42.702;536843344469956922;-187;950;-133
2021-11-13T11:15:42.722;536843344489709472;-100;952;-136
2021-11-13T11:15:42.741;536843344509462022;-109;967;-103
2021-11-13T11:15:42.761;536843344529214572;-160;969;-196
2021-11-13T11:15:42.781;536843344548967122;-90;985;-144
2021-11-13T11:15:42.801;536843344568719672;-203;1005;-91
2021-11-13T11:15:42.820;536843344588472222;-251;1058;-130
2021-11-13T11:15:42.840;536843344608224772;-195;985;-84
2021-11-13T11:15:42.860;536843344627977322;-262;1020;-212
2021-11-13T11:15:42.880;536843344647729872;-128;1008;-147
2021-11-13T11:15:42.899;536843344667482422;-253;1018;-178
2021-11-13T11:15:42.919;536843344687234972;-207;1036;-190
2021-11-13T11:15:42.939;536843344706987522;-225;1053;-179
2021-11-13T11:15:42.959;536843344726740072;-198;1031;-221
2021-11-13T11:15:42.978;536843344746492622;-155;1022;-235
2021-11-13T11:15:42.998;536843344766245172;-192;996;-215
2021-11-13T11:15:43.018;536843344785997722;-118;1048;-174
2021-11-13T11:15:43.038;536843344805750272;-206;1030;-188
2021-11-13T11:15:43.057;536843344825502822;-99;1058;-131
2021-11-13T11:15:43.077;536843344845255372;-183;1067;-148
2021-11-13T11:15:43.097;536843344865007922;-136;1104;-153
2021-11-13T11:15:43.117;536843344884760472;-183;1084;-178
2021-11-13T11:15:43.136;536843344904513022;-95;1082;-123
2021-11-13T11:15:43.156;536843344924265572;-189;1092;-138
2021-11-13T11:15:43.176;536843344944021775;-152;1088;-110
2021-11-13T11:15:43.196;536843344963777966;-197;1112;-103
2021-11-13T11:15:43.215;536843344983534157;-194;1098;-127
2021-11-13T11:15:43.235;536843345003290348;-156;1089;-82
2021-11-13T11:15:43.255;536843345023046539;-172;1041;-132
2021-11-13T11:15:43.275;536843345042802730;-127;1038;-155
2021-11-13T11:15:43.294;536843345062558921;-127;1035;-152
2021-11-13T11:15:43.314;536843345082315112;-120;1000;-149
2021-11-13T11:15:43.334;536843345102071303;-123;989;-95
2021-11-13T11:15:43.354;536843345121827494;-128;971;-90
2021-11-13T11:15:43.373;536843345141583685;-185;980;-93
2021-11-13T11:15:43.393;536843345161339876;-198;990;-99
2021-11-13T11:15:43.413;536843345181096067;-144;959;-80
2021-11-13T11:15:43.433;536843345200852258;-142;937;-101
2021-11-13T11:15:43.452;536843345220608449;-130;977;-160
2021-11-13T11:15:43.472;536843345240364640;-132;948;-171
2021-11-13T11:15:43.492;536843345260120831;-123;946;-148
2021-11-13T11:15:43.512;536843345279877022;-134;960;-121
2021-11-13T11:15:43.531;536843345299633213;-146;948;-107
2021-11-13T11:15:43.551;536843345319389404;-164;973;-109
2021-11-13T11:15:43.571;536843345339145595;-181;972;-135
2021-11-13T11:15:43.591;536843345358901786;-142;982;-133
2021-11-13T11:15:43.611;536843345378657977;-157;977;-120
2021-11-13T11:15:43.630;536843345398414168;-130;990;-112
2021-11-13T11:15:43.650;536843345418170359;-214;988;-132
2021-11-13T11:15:43.670;536843345437926550;-186;999;-90
2021-11-13T11:15:43.690;536843345457682741;-225;997;-65
2021-11-13T11:15:43.709;536843345477438932;-228;1000;-97
2021-11-13T11:15:43.729;536843345497195123;-230;1001;-98
2021-11-13T11:15:43.749;536843345516951314;-212;1005;-84
2021-11-13T11:15:43.769;536843345536707505;-201;979;-57
2021-11-13T11:15:43.788;536843345556463696;-217;983;-108
2021-11-13T11:15:43.808;536843345576219887;-178;987;-128
2021-11-13T11:15:43.828;536843345595976078;-173;979;-148
2021-11-13T11:15:43.848;536843345615732269;-161;950;-131
2021-11-13T11:15:43.867;536843345635488460;-191;963;-145
2021-11-13T11:15:43.887;536843345655244659;-178;959;-85
2021-11-13T11:15:43.907;536843345675000850;-214;948;-88
2021-11-13T11:15:43.927;536843345694757041;-212;951;-87
2021-11-13T11:15:43.946;536843345714513232;-205;955;-97
2021-11-13T11:15:43.966;536843345734269423;-174;941;-96
2021-11-13T11:15:43.986;536843345754025614;-174;951;-130
2021-11-13T11:15:44.006;536843345773781805;-150;938;-130
2021-11-13T11:15:44.025;536843345793537996;-154;937;-136
2021-11-13T11:15:44.045;536843345813294187;-164;959;-148
2021-11-13T11:15:44.065;536843345833050378;-156;933;-120
2021-11-13T11:15:44.085;536843345852806569;-180;976;-114
2021-11-13T11:15:44.104;536843345872562760;-237;1024;-123
2021-11-13T11:15:44.124;536843345892318951;-243;1082;-115
2021-11-13T11:15:44.144;536843345912075142;-282;1175;-128
2021-11-13T11:15:44.164;536843345931831333;-243;1251;-168
2021-11-13T11:15:44.183;536843345951587524;-240;1299;-218
2021-11-13T11:15:44.203;536843345971343715;-239;1364;-176
2021-11-13T11:15:44.223;536843345991099906;-272;1326;-143
2021-11-13T11:15:44.243;536843346010856097;-275;1336;-63
2021-11-13T11:15:44.262;536843346030612288;-331;1285;-50
2021-11-13T11:15:44.282;536843346050368479;-264;1280;-57
2021-11-13T11:15:44.302;536843346070124670;-199;1222;-56
2021-11-13T11:15:44.322;536843346089880861;-150;1175;-103
2021-11-13T11:15:44.342;536843346109637052;-127;1119;-17
2021-11-13T11:15:44.361;536843346129393243;-196;1061;-42
2021-11-13T11:15:44.381;536843346149149434;-154;1080;-59
2021-11-13T11:15:44.401;536843346168905625;-136;1060;-49
2021-11-13T11:15:44.421;536843346188661816;-106;1051;-89
2021-11-13T11:15:44.440;536843346208418007;-131;1012;-110
2021-11-13T11:15:44.460;536843346228174198;-89;1014;-59
2021-11-13T11:15:44.480;536843346247930389;-142;984;-85
2021-11-13T11:15:44.500;536843346267686580;-111;959;-97
2021-11-13T11:15:44.519;536843346287442771;-129;919;-61
2021-11-13T11:15:44.539;536843346307198962;-129;890;-63
2021-11-13T11:15:44.559;536843346326955153;-148;859;-113
2021-11-13T11:15:44.579;536843346346711344;-89;889;-96
2021-11-13T11:15:44.598;536843346366474821;-122;802;-146
2021-11-13T11:15:44.618;536843346386238294;-50;856;-140
2021-11-13T11:15:44.638;536843346406001767;-113;761;-105
2021-11-13T11:15:44.658;536843346425765240;-196;789;-103
2021-11-13T11:15:44.677;536843346445528713;-157;780;-74
2021-11-13T11:15:44.697;536843346465292186;-179;820;-60
2021-11-13T11:15:44.717;536843346485055659;-181;776;-75
2021-11-13T11:15:44.737;536843346504819132;-198;800;-151
2021-11-13T11:15:44.756;536843346524582605;-111;867;-117
2021-11-13T11:15:44.776;536843346544346078;-126;886;-135
2021-11-13T11:15:44.796;536843346564109551;-133;864;-126
2021-11-13T11:15:44.816;536843346583873024;-180;895;-126
2021-11-13T11:15:44.836;536843346603636497;-316;886;-135
2021-11-13T11:15:44.855;536843346623399970;-301;881;-125
2021-11-13T11:15:44.875;536843346643163443;-141;869;-65
2021-11-13T11:15:44.895;536843346662926916;-178;834;-96
2021-11-13T11:15:44.915;536843346682690389;-152;825;-66
2021-11-13T11:15:44.934;536843346702453862;-195;871;-115
2021-11-13T11:15:44.954;536843346722217335;-279;828;-210
2021-11-13T11:15:44.974;536843346741980808;-265;889;-232
2021-11-13T11:15:44.994;536843346761744281;-196;842;-101
2021-11-13T11:15:45.013;536843346781507754;-168;870;-45
2021-11-13T11:15:45.033;536843346801271227;-199;876;-79
2021-11-13T11:15:45.053;536843346821034700;-316;887;-210
2021-11-13T11:15:45.073;536843346840798173;-300;877;-261
2021-11-13T11:15:45.092;536843346860561646;-251;942;-154
2021-11-13T11:15:45.112;536843346880325119;-184;911;-3
2021-11-13T11:15:45.132;536843346900088592;-212;914;-70
2021-11-13T11:15:45.152;536843346919852065;-198;948;-110
2021-11-13T11:15:45.171;536843346939615538;-313;922;-244
2021-11-13T11:15:45.191;536843346959379011;-292;897;-243
2021-11-13T11:15:45.211;536843346979142484;-273;932;-128
2021-11-13T11:15:45.231;536843346998905957;-191;835;-65
2021-11-13T11:15:45.251;536843347018669430;-317;765;-233
2021-11-13T11:15:45.270;536843347038432903;-210;819;-239
2021-11-13T11:15:45.290;536843347058196376;-205;787;-150
2021-11-13T11:15:45.310;536843347077948938;-169;738;-113
2021-11-13T11:15:45.330;536843347097701488;-250;724;-193
2021-11-13T11:15:45.349;536843347117454038;-59;829;-8
2021-11-13T11:15:45.369;536843347137206588;-197;824;-7
2021-11-13T11:15:45.389;536843347156959138;-194;819;-99
2021-11-13T11:15:45.409;536843347176711688;-74;885;-83
2021-11-13T11:15:45.428;536843347196464238;-318;866;-170
2021-11-13T11:15:45.448;536843347216216788;-130;961;-105
2021-11-13T11:15:45.468;536843347235969338;-243;970;-91
2021-11-13T11:15:45.488;536843347255721888;-253;982;-177
2021-11-13T11:15:45.507;536843347275474438;-156;975;-61
2021-11-13T11:15:45.527;536843347295226988;-264;955;-141
2021-11-13T11:15:45.547;536843347314979538;-174;955;-192
2021-11-13T11:15:45.567;536843347334732088;-192;1010;-255
2021-11-13T11:15:45.586;536843347354484638;-102;911;-144
2021-11-13T11:15:45.606;536843347374237188;-178;948;-172
2021-11-13T11:15:45.626;536843347393989738;-146;951;-128
2021-11-13T11:15:45.646;536843347413742288;-248;971;-125
2021-11-13T11:15:45.665;536843347433494838;-244;959;-126
2021-11-13T11:15:45.685;536843347453247388;-95;979;-90
2021-11-13T11:15:45.705;536843347472999938;-210;956;-133
2021-11-13T11:15:45.725;536843347492752488;-146;968;-96
2021-11-13T11:15:45.744;536843347512505038;-183;987;-135
2021-11-13T11:15:45.764;536843347532257588;-160;993;-143
2021-11-13T11:15:45.784;536843347552010138;-93;1045;-141
2021-11-13T11:15:45.804;536843347571762688;-125;978;-199
2021-11-13T11:15:45.823;536843347591515238;-65;1086;-122
2021-11-13T11:15:45.843;536843347611267788;-190;1008;-29
2021-11-13T11:15:45.863;536843347631020338;-143;1115;-27
2021-11-13T11:15:45.883;536843347650772888;-239;1134;-22
2021-11-13T11:15:45.902;536843347670525438;-253;1164;-9
2021-11-13T11:15:45.922;536843347690277988;-257;1170;-53
2021-11-13T11:15:45.942;536843347710030538;-167;1179;-119
2021-11-13T11:15:45.962;536843347729783088;-123;1168;-120
2021-11-13T11:15:45.981;536843347749535638;-100;1186;-182
2021-11-13T11:15:46.001;536843347769288188;-107;1135;-188
2021-11-13T11:15:46.021;536843347789051665;-108;1122;-182
2021-11-13T11:15:46.041;536843347808815138;-133;1106;-136
2021-11-13T11:15:46.060;536843347828578611;-201;1118;-97
2021-11-13T11:15:46.080;536843347848342084;-188;1071;-61
2021-11-13T11:15:46.100;536843347868105557;-184;1056;-66
2021-11-13T11:15:46.120;536843347887869030;-202;1043;-80
2021-11-13T11:15:46.139;536843347907632503;-157;1025;-98
2021-11-13T11:15:46.159;536843347927395976;-129;983;-130
2021-11-13T11:15:46.179;536843347947159449;-116;968;-163
2021-11-13T11:15:46.199;536843347966922922;-122;983;-174
2021-11-13T11:15:46.219;536843347986686395;-126;952;-179
2021-11-13T11:15:46.238;536843348006449868;-121;971;-147
2021-11-13T11:15:46.258;536843348026213341;-199;951;-131
2021-11-13T11:15:46.278;536843348045976814;-208;971;-123
2021-11-13T11:15:46.298;536843348065740287;-228;973;-136
2021-11-13T11:15:46.317;536843348085503760;-198;962;-139
2021-11-13T11:15:46.337;536843348105267233;-207;961;-155
2021-11-13T11:15:46.357;536843348125030706;-173;953;-167
2021-11-13T11:15:46.377;536843348144794179;-198;974;-151
2021-11-13T11:15:46.396;536843348164557652;-234;944;-140
2021-11-13T11:15:46.416;536843348184321125;-249;970;-106
2021-11-13T11:15:46.436;536843348204084598;-246;955;-96
2021-11-13T11:15:46.456;536843348223848071;-231;970;-81
2021-11-13T11:15:46.475;536843348243611544;-235;939;-78
2021-11-13T11:15:46.495;536843348263375017;-211;947;-106
2021-11-13T11:15:46.515;536843348283138490;-204;961;-132
2021-11-13T11:15:46.535;536843348302901963;-179;959;-116
2021-11-13T11:15:46.555;536843348322665436;-178;952;-126
2021-11-13T11:15:46.574;536843348342428909;-218;979;-124
2021-11-13T11:15:46.594;536843348362192382;-202;970;-116
2021-11-13T11:15:46.614;536843348381955855;-220;987;-90
2021-11-13T11:15:46.634;536843348401719328;-303;1000;-142
2021-11-13T11:15:46.653;536843348421482801;-205;994;-81
2021-11-13T11:15:46.673;536843348441246274;-232;980;-120
2021-11-13T11:15:46.693;536843348461009747;-252;1010;-174
2021-11-13T11:15:46.713;536843348480773220;-225;987;-150
