Phone timestamp;sensor timestamp [ns];X [mg];Y [mg];Z [mg]
2021-11-13T11:23:46.748;536843931256059447;-374;912;-117
2021-11-13T11:23:46.767;536843931275768306;-375;916;-120
2021-11-13T11:23:46.787;536843931295477165;-377;919;-121
2021-11-13T11:23:46.807;536843931315186024;-375;907;-127
2021-11-13T11:23:46.826;536843931334894883;-378;909;-125
2021-11-13T11:23:46.846;536843931354603742;-379;913;-122
2021-11-13T11:23:46.866;536843931374312601;-374;919;-120
2021-11-13T11:23:46.885;536843931394021460;-367;912;-120
2021-11-13T11:23:46.905;536843931413730319;-362;916;-120
2021-11-13T11:23:46.925;536843931433439178;-355;915;-119
2021-11-13T11:23:46.945;536843931453148037;-349;925;-113
2021-11-13T11:23:46.964;536843931472856896;-370;918;-116
2021-11-13T11:23:46.984;536843931492565755;-382;907;-122
2021-11-13T11:23:47.004;536843931512274614;-385;911;-120
2021-11-13T11:23:47.023;536843931531983473;-382;913;-122
2021-11-13T11:23:47.043;536843931551692332;-376;915;-120
2021-11-13T11:23:47.063;536843931571401191;-375;909;-124
2021-11-13T11:23:47.083;536843931591110050;-372;910;-125
2021-11-13T11:23:47.102;536843931610818909;-371;918;-125
2021-11-13T11:23:47.122;536843931630527768;-374;915;-125
2021-11-13T11:23:47.142;536843931650236627;-378;912;-131
2021-11-13T11:23:47.161;536843931669945486;-374;909;-124
2021-11-13T11:23:47.181;536843931689654345;-372;915;-122
2021-11-13T11:23:47.201;536843931709363204;-373;914;-118
2021-11-13T11:23:47.221;536843931729072063;-369;915;-113
2021-11-13T11:23:47.240;536843931748780922;-373;914;-111
2021-11-13T11:23:47.260;536843931768489781;-371;919;-104
2021-11-13T11:23:47.280;536843931788198640;-366;921;-107
2021-11-13T11:23:47.299;536843931807907499;-376;913;-116
2021-11-13T11:23:47.319;536843931827616358;-372;914;-117
2021-11-13T11:23:47.339;536843931847325217;-373;917;-121
2021-11-13T11:23:47.358;536843931867034076;-376;913;-125
2021-11-13T11:23:47.378;536843931886742935;-377;910;-127
2021-11-13T11:23:47.398;536843931906451794;-373;917;-121
2021-11-13T11:23:47.418;536843931926160653;-376;912;-124
2021-11-13T11:23:47.437;536843931945869512;-377;918;-124
2021-11-13T11:23:47.457;536843931965578401;-378;906;-128
2021-11-13T11:23:47.477;536843931985287260;-376;913;-124
2021-11-13T11:23:47.496;536843932004996119;-377;913;-124
2021-11-13T11:23:47.516;536843932024704978;-372;916;-118
2021-11-13T11:23:47.536;536843932044413837;-370;916;-117
2021-11-13T11:23:47.556;536843932064122696;-369;916;-117
2021-11-13T11:23:47.575;536843932083831555;-369;918;-116
2021-11-13T11:23:47.595;536843932103540414;-376;916;-119
2021-11-13T11:23:47.615;536843932123249273;-379;913;-122
2021-11-13T11:23:47.634;536843932142958132;-379;913;-128
2021-11-13T11:23:47.654;536843932162666991;-372;912;-129
2021-11-13T11:23:47.674;536843932182375850;-372;912;-127
2021-11-13T11:23:47.694;536843932202084709;-373;914;-130
2021-11-13T11:23:47.713;536843932221793568;-369;912;-130
2021-11-13T11:23:47.733;536843932241502427;-368;908;-129
2021-11-13T11:23:47.753;536843932261211286;-372;921;-122
2021-11-13T11:23:47.772;536843932280920145;-372;914;-121
2021-11-13T11:23:47.792;536843932300629004;-369;917;-123
2021-11-13T11:23:47.812;536843932320337863;-372;913;-125
2021-11-13T11:23:47.831;536843932340046722;-371;913;-123
2021-11-13T11:23:47.851;536843932359755581;-366;915;-120
2021-11-13T11:23:47.871;536843932379464440;-369;919;-121
2021-11-13T11:23:47.891;536843932399173299;-374;915;-119
2021-11-13T11:23:47.910;536843932418882158;-376;915;-118
2021-11-13T11:23:47.930;536843932438591017;-375;913;-121
2021-11-13T11:23:47.950;536843932458299876;-377;914;-122
2021-11-13T11:23:47.969;536843932478008735;-380;912;-123
2021-11-13T11:23:47.989;536843932497717594;-379;910;-122
2021-11-13T11:23:48.009;536843932517426453;-378;906;-122
2021-11-13T11:23:48.029;536843932537135312;-376;912;-120
2021-11-13T11:23:48.048;536843932556844171;-371;913;-115
2021-11-13T11:23:48.068;536843932576553030;-370;918;-111
2021-11-13T11:23:48.088;536843932596261889;-376;916;-111
2021-11-13T11:23:48.107;536843932615970748;-376;914;-109
2021-11-13T11:23:48.127;536843932635679607;-371;916;-108
2021-11-13T11:23:48.147;536843932655388466;-373;916;-110
2021-11-13T11:23:48.167;536843932675087869;-371;917;-107
2021-11-13T11:23:48.186;536843932694787262;-372;916;-110
2021-11-13T11:23:48.206;536843932714486655;-375;920;-114
2021-11-13T11:23:48.226;536843932734186048;-373;915;-115
2021-11-13T11:23:48.245;536843932753885441;-369;916;-115
2021-11-13T11:23:48.265;536843932773584834;-368;917;-119
2021-11-13T11:23:48.285;536843932793284227;-374;913;-121
2021-11-13T11:23:48.304;536843932812983620;-378;916;-119
2021-11-13T11:23:48.324;536843932832683013;-374;915;-120
2021-11-13T11:23:48.344;536843932852382406;-369;911;-123
2021-11-13T11:23:48.364;536843932872081799;-372;918;-123
2021-11-13T11:23:48.383;536843932891781192;-358;914;-121
2021-11-13T11:23:48.403;536843932911480585;-367;916;-124
2021-11-13T11:23:48.423;536843932931179978;-376;912;-125
2021-11-13T11:23:48.442;536843932950879371;-376;912;-118
2021-11-13T11:23:48.462;536843932970578764;-378;919;-118
2021-11-13T11:23:48.482;536843932990278157;-380;910;-115
2021-11-13T11:23:48.501;536843933009977550;-381;919;-120
2021-11-13T11:23:48.521;536843933029676943;-383;911;-121
2021-11-13T11:23:48.541;536843933049376336;-377;913;-121
2021-11-13T11:23:48.561;536843933069075729;-361;915;-118
2021-11-13T11:23:48.580;536843933088775122;-358;920;-120
2021-11-13T11:23:48.600;536843933108474515;-357;914;-119
2021-11-13T11:23:48.620;536843933128173908;-367;917;-118
2021-11-13T11:23:48.639;536843933147873301;-374;914;-115
2021-11-13T11:23:48.659;536843933167572694;-373;917;-109
2021-11-13T11:23:48.679;536843933187272087;-375;917;-105
2021-11-13T11:23:48.698;536843933206971480;-378;914;-108
2021-11-13T11:23:48.718;536843933226670873;-376;923;-110
2021-11-13T11:23:48.738;536843933246370266;-378;906;-118
2021-11-13T11:23:48.758;536843933266069659;-376;914;-119
2021-11-13T11:23:48.777;536843933285769052;-367;916;-114
2021-11-13T11:23:48.797;536843933305468445;-364;919;-112
2021-11-13T11:23:48.817;536843933325167838;-374;918;-109
2021-11-13T11:23:48.836;536843933344867231;-378;913;-107
2021-11-13T11:23:48.856;536843933364566624;-377;926;-106
2021-11-13T11:23:48.876;536843933384266037;-373;918;-105
2021-11-13T11:23:48.895;536843933403965430;-371;917;-107
2021-11-13T11:23:48.915;536843933423664823;-367;918;-104
2021-11-13T11:23:48.935;536843933443364216;-352;918;-104
2021-11-13T11:23:48.955;536843933463063609;-344;928;-100
2021-11-13T11:23:48.974;536843933482763002;-362;927;-103
2021-11-13T11:23:48.994;536843933502462395;-376;915;-111
2021-11-13T11:23:49.014;536843933522161788;-375;917;-109
2021-11-13T11:23:49.033;536843933541861181;-375;922;-117
2021-11-13T11:23:49.053;536843933561560574;-368;918;-115
2021-11-13T11:23:49.073;536843933581259967;-370;912;-113
2021-11-13T11:23:49.092;536843933600959360;-369;917;-114
2021-11-13T11:23:49.112;536843933620658753;-352;923;-109
2021-11-13T11:23:49.132;536843933640358146;-364;920;-111
2021-11-13T11:23:49.151;536843933660057539;-374;916;-104
2021-11-13T11:23:49.171;536843933679756932;-375;918;-97
2021-11-13T11:23:49.191;536843933699456325;-375;923;-97
2021-11-13T11:23:49.211;536843933719155718;-375;923;-92
2021-11-13T11:23:49.230;536843933738855111;-375;916;-105
2021-11-13T11:23:49.250;536843933758554504;-374;919;-108
2021-11-13T11:23:49.270;536843933778253897;-367;916;-112
2021-11-13T11:23:49.289;536843933797953290;-365;918;-119
2021-11-13T11:23:49.309;536843933817652683;-366;916;-119
2021-11-13T11:23:49.329;536843933837352076;-365;921;-122
2021-11-13T11:23:49.348;536843933857051469;-367;916;-123
2021-11-13T11:23:49.368;536843933876750862;-366;916;-127
2021-11-13T11:23:49.388;536843933896450255;-373;916;-125
2021-11-13T11:23:49.408;536843933916149648;-374;912;-125
2021-11-13T11:23:49.427;536843933935849041;-376;914;-124
2021-11-13T11:23:49.447;536843933955548434;-376;915;-126
2021-11-13T11:23:49.467;536843933975247827;-376;908;-132
2021-11-13T11:23:49.486;536843933994947220;-380;908;-135
2021-11-13T11:23:49.506;536843934014646613;-380;910;-131
2021-11-13T11:23:49.526;536843934034346006;-378;917;-127
2021-11-13T11:23:49.545;536843934054045399;-378;908;-131
2021-11-13T11:23:49.565;536843934073744792;-381;910;-130
2021-11-13T11:23:49.585;536843934093442729;-380;907;-124
2021-11-13T11:23:49.605;536843934113140666;-375;917;-120
2021-11-13T11:23:49.624;536843934132838603;-373;913;-117
2021-11-13T11:23:49.644;536843934152536540;-367;912;-115
2021-11-13T11:23:49.664;536843934172234477;-366;920;-110
2021-11-13T11:23:49.683;536843934191932414;-359;913;-105
2021-11-13T11:23:49.703;536843934211630351;-364;921;-101
2021-11-13T11:23:49.723;536843934231328288;-373;920;-104
2021-11-13T11:23:49.742;536843934251026225;-371;913;-106
2021-11-13T11:23:49.762;536843934270724162;-375;916;-101
2021-11-13T11:23:49.782;536843934290422099;-381;917;-108
2021-11-13T11:23:49.802;536843934310120036;-381;915;-113
2021-11-13T11:23:49.821;536843934329817973;-381;909;-120
2021-11-13T11:23:49.841;536843934349515910;-384;907;-126
2021-11-13T11:23:49.861;536843934369213847;-384;912;-136
2021-11-13T11:23:49.880;536843934388911784;-376;906;-135
2021-11-13T11:23:49.900;536843934408609721;-369;909;-133
2021-11-13T11:23:49.920;536843934428307658;-372;912;-129
2021-11-13T11:23:49.939;536843934448005595;-374;914;-126
2021-11-13T11:23:49.959;536843934467703532;-376;914;-128
2021-11-13T11:23:49.979;536843934487401469;-374;912;-125
2021-11-13T11:23:49.999;536843934507099406;-371;916;-115
2021-11-13T11:23:50.018;536843934526797343;-364;920;-112
2021-11-13T11:23:50.038;536843934546495280;-370;922;-114
2021-11-13T11:23:50.058;536843934566193217;-376;912;-115
2021-11-13T11:23:50.077;536843934585891154;-372;909;-114
2021-11-13T11:23:50.097;536843934605589091;-377;914;-117
2021-11-13T11:23:50.117;536843934625287028;-375;915;-116
2021-11-13T11:23:50.136;536843934644984965;-366;918;-112
2021-11-13T11:23:50.156;536843934664682902;-374;918;-117
2021-11-13T11:23:50.176;536843934684380839;-379;916;-124
2021-11-13T11:23:50.196;536843934704078776;-371;905;-121
2021-11-13T11:23:50.215;536843934723776713;-362;917;-115
2021-11-13T11:23:50.235;536843934743474650;-367;921;-114
2021-11-13T11:23:50.255;536843934763172587;-360;920;-107
2021-11-13T11:23:50.274;536843934782870524;-367;917;-109
2021-11-13T11:23:50.294;536843934802567030;-376;920;-113
2021-11-13T11:23:50.314;536843934822263510;-375;914;-115
2021-11-13T11:23:50.333;536843934841959990;-376;912;-121
2021-11-13T11:23:50.353;536843934861656470;-379;915;-124
2021-11-13T11:23:50.373;536843934881352950;-379;907;-132
2021-11-13T11:23:50.392;536843934901049430;-380;906;-132
2021-11-13T11:23:50.412;536843934920745910;-377;908;-128
2021-11-13T11:23:50.432;536843934940442390;-368;913;-123
2021-11-13T11:23:50.452;536843934960138870;-372;921;-121
2021-11-13T11:23:50.471;536843934979835350;-376;915;-126
2021-11-13T11:23:50.491;536843934999531830;-372;911;-125
2021-11-13T11:23:50.511;536843935019228310;-372;914;-124
2021-11-13T11:23:50.530;536843935038924790;-374;914;-127
2021-11-13T11:23:50.550;536843935058621270;-373;913;-125
2021-11-13T11:23:50.570;536843935078317750;-372;912;-127
2021-11-13T11:23:50.589;536843935098014230;-378;911;-127
2021-11-13T11:23:50.609;536843935117710710;-379;911;-124
2021-11-13T11:23:50.629;536843935137407190;-379;911;-127
2021-11-13T11:23:50.649;536843935157103670;-378;908;-126
2021-11-13T11:23:50.668;536843935176800150;-378;912;-124
2021-11-13T11:23:50.688;536843935196496630;-375;912;-124
2021-11-13T11:23:50.708;536843935216193110;-375;913;-125
2021-11-13T11:23:50.727;536843935235889590;-371;916;-123
2021-11-13T11:23:50.747;536843935255586070;-365;914;-118
2021-11-13T11:23:50.767;536843935275282550;-360;921;-117
2021-11-13T11:23:50.786;536843935294979030;-361;920;-117
2021-11-13T11:23:50.806;536843935314675510;-366;917;-116
2021-11-13T11:23:50.826;536843935334371990;-374;916;-117
2021-11-13T11:23:50.846;536843935354068470;-375;913;-119
2021-11-13T11:23:50.865;536843935373764950;-374;913;-122
2021-11-13T11:23:50.885;536843935393461430;-378;914;-125
2021-11-13T11:23:50.905;536843935413157910;-380;905;-127
2021-11-13T11:23:50.924;536843935432854390;-378;910;-126
2021-11-13T11:23:50.944;536843935452550870;-380;912;-127
2021-11-13T11:23:50.964;536843935472247350;-376;913;-123
2021-11-13T11:23:50.983;536843935491943830;-378;911;-122
2021-11-13T11:23:51.003;536843935511647612;-373;915;-118
2021-11-13T11:23:51.023;536843935531351374;-373;919;-120
2021-11-13T11:23:51.042;536843935551055136;-373;919;-121
2021-11-13T11:23:51.062;536843935570758898;-374;911;-124
2021-11-13T11:23:51.082;536843935590462660;-373;911;-125
2021-11-13T11:23:51.102;536843935610166422;-376;907;-129
2021-11-13T11:23:51.121;536843935629870184;-374;914;-128
2021-11-13T11:23:51.141;536843935649573946;-371;914;-121
2021-11-13T11:23:51.161;536843935669277708;-372;913;-122
2021-11-13T11:23:51.180;536843935688981470;-371;915;-118
2021-11-13T11:23:51.200;536843935708685232;-367;917;-118
2021-11-13T11:23:51.220;536843935728388994;-371;915;-120
2021-11-13T11:23:51.240;536843935748092756;-373;914;-120
2021-11-13T11:23:51.259;536843935767796518;-375;914;-119
2021-11-13T11:23:51.279;536843935787500280;-374;916;-120
2021-11-13T11:23:51.299;536843935807204042;-372;915;-120
2021-11-13T11:23:51.318;536843935826907804;-373;912;-120
2021-11-13T11:23:51.338;536843935846611566;-370;914;-121
2021-11-13T11:23:51.358;536843935866315328;-374;913;-123
2021-11-13T11:23:51.377;536843935886019090;-381;911;-127
2021-11-13T11:23:51.397;536843935905722852;-378;913;-126
2021-11-13T11:23:51.417;536843935925426614;-380;906;-127
2021-11-13T11:23:51.437;536843935945130376;-379;909;-124
2021-11-13T11:23:51.456;536843935964834138;-378;915;-121
2021-11-13T11:23:51.476;536843935984537900;-372;916;-120
2021-11-13T11:23:51.496;536843936004241662;-377;909;-123
2021-11-13T11:23:51.515;536843936023945424;-379;911;-121
2021-11-13T11:23:51.535;536843936043649186;-379;908;-120
2021-11-13T11:23:51.555;536843936063352948;-380;918;-120
2021-11-13T11:23:51.574;536843936083056710;-379;910;-120
2021-11-13T11:23:51.594;536843936102760472;-381;912;-125
2021-11-13T11:23:51.614;536843936122464234;-381;902;-126
2021-11-13T11:23:51.634;536843936142167996;-379;912;-123
2021-11-13T11:23:51.653;536843936161871758;-379;916;-121
2021-11-13T11:23:51.673;536843936181575520;-376;910;-125
2021-11-13T11:23:51.693;536843936201279282;-366;915;-122
2021-11-13T11:23:51.712;536843936220982322;-371;914;-119
2021-11-13T11:23:51.732;536843936240685356;-377;915;-120
2021-11-13T11:23:51.752;536843936260388390;-371;913;-118
2021-11-13T11:23:51.772;536843936280091424;-363;918;-115
2021-11-13T11:23:51.791;536843936299794458;-371;917;-114
2021-11-13T11:23:51.811;536843936319497492;-368;915;-115
2021-11-13T11:23:51.831;536843936339200526;-368;917;-115
2021-11-13T11:23:51.850;536843936358903560;-370;916;-117
2021-11-13T11:23:51.870;536843936378606594;-372;919;-118
2021-11-13T11:23:51.890;536843936398309628;-378;909;-122
2021-11-13T11:23:51.909;536843936418012662;-379;910;-122
2021-11-13T11:23:51.929;536843936437715696;-380;913;-125
2021-11-13T11:23:51.949;536843936457418730;-383;909;-123
2021-11-13T11:23:51.969;536843936477121764;-383;908;-127
2021-11-13T11:23:51.988;536843936496824798;-378;907;-125
2021-11-13T11:23:52.008;536843936516527832;-374;918;-120
2021-11-13T11:23:52.028;536843936536230866;-369;910;-120
2021-11-13T11:23:52.047;536843936555933900;-373;914;-119
2021-11-13T11:23:52.067;536843936575636934;-377;914;-116
2021-11-13T11:23:52.087;536843936595339968;-377;910;-116
2021-11-13T11:23:52.106;536843936615043002;-377;914;-114
2021-11-13T11:23:52.126;536843936634746036;-373;914;-115
2021-11-13T11:23:52.146;536843936654449070;-370;915;-114
2021-11-13T11:23:52.166;536843936674152104;-369;916;-114
2021-11-13T11:23:52.185;536843936693855138;-356;916;-111
2021-11-13T11:23:52.205;536843936713558172;-367;918;-112
2021-11-13T11:23:52.225;536843936733261206;-372;920;-111
2021-11-13T11:23:52.244;536843936752964240;-372;915;-114
2021-11-13T11:23:52.264;536843936772667274;-374;917;-120
2021-11-13T11:23:52.284;536843936792370308;-377;915;-125
2021-11-13T11:23:52.304;536843936812073342;-379;912;-130
2021-11-13T11:23:52.323;536843936831776376;-378;907;-133
2021-11-13T11:23:52.343;536843936851479410;-375;908;-134
2021-11-13T11:23:52.363;536843936871182444;-379;914;-135
2021-11-13T11:23:52.382;536843936890885478;-378;912;-131
2021-11-13T11:23:52.402;536843936910588512;-379;904;-136
2021-11-13T11:23:52.422;536843936930293030;-381;909;-134
2021-11-13T11:23:52.441;536843936949997520;-381;914;-124
2021-11-13T11:23:52.461;536843936969702010;-377;908;-128
2021-11-13T11:23:52.481;536843936989406500;-373;912;-118
2021-11-13T11:23:52.501;536843937009110990;-377;916;-114
2021-11-13T11:23:52.520;536843937028815480;-371;918;-108
2021-11-13T11:23:52.540;536843937048519970;-367;917;-105
2021-11-13T11:23:52.560;536843937068224460;-359;922;-102
2021-11-13T11:23:52.579;536843937087928950;-355;925;-100
2021-11-13T11:23:52.599;536843937107633440;-361;921;-100
2021-11-13T11:23:52.619;536843937127337930;-365;917;-107
2021-11-13T11:23:52.638;536843937147042420;-369;918;-109
2021-11-13T11:23:52.658;536843937166746910;-374;918;-109
2021-11-13T11:23:52.678;536843937186451400;-373;913;-104
2021-11-13T11:23:52.698;536843937206155890;-367;921;-100
2021-11-13T11:23:52.717;536843937225860380;-367;918;-103
2021-11-13T11:23:52.737;536843937245564870;-364;923;-103
2021-11-13T11:23:52.757;536843937265269360;-362;925;-104
2021-11-13T11:23:52.776;536843937284973850;-373;915;-110
2021-11-13T11:23:52.796;536843937304678340;-376;918;-116
2021-11-13T11:23:52.816;536843937324382830;-369;914;-119
2021-11-13T11:23:52.836;536843937344087320;-365;913;-119
2021-11-13T11:23:52.855;536843937363791810;-369;916;-121
2021-11-13T11:23:52.875;536843937383496300;-371;913;-120
2021-11-13T11:23:52.895;536843937403200790;-372;914;-119
2021-11-13T11:23:52.914;536843937422905280;-377;918;-118
2021-11-13T11:23:52.934;536843937442609770;-383;910;-129
2021-11-13T11:23:52.954;536843937462314260;-382;906;-131
2021-11-13T11:23:52.973;536843937482018750;-381;907;-140
2021-11-13T11:23:52.993;536843937501723240;-381;908;-143
2021-11-13T11:23:53.013;536843937521427730;-376;905;-147
2021-11-13T11:23:53.033;536843937541132220;-375;906;-146
2021-11-13T11:23:53.052;536843937560836710;-378;909;-145
2021-11-13T11:23:53.072;536843937580541200;-377;906;-134
2021-11-13T11:23:53.092;536843937600245690;-376;905;-134
2021-11-13T11:23:53.111;536843937619950180;-384;908;-132
2021-11-13T11:23:53.131;536843937639653962;-394;908;-131
2021-11-13T11:23:53.151;536843937659357724;-391;906;-125
2021-11-13T11:23:53.171;536843937679061486;-385;908;-125
2021-11-13T11:23:53.190;536843937698765248;-384;905;-132
2021-11-13T11:23:53.210;536843937718469010;-379;909;-131
2021-11-13T11:23:53.230;536843937738172772;-373;908;-130
2021-11-13T11:23:53.249;536843937757876534;-370;916;-134
2021-11-13T11:23:53.269;536843937777580296;-365;907;-137
2021-11-13T11:23:53.289;536843937797284058;-374;906;-137
2021-11-13T11:23:53.308;536843937816987820;-380;901;-130
2021-11-13T11:23:53.328;536843937836691582;-378;909;-129
2021-11-13T11:23:53.348;536843937856395344;-374;911;-122
2021-11-13T11:23:53.368;536843937876099106;-376;914;-117
2021-11-13T11:23:53.387;536843937895802868;-371;914;-111
2021-11-13T11:23:53.407;536843937915506630;-360;915;-108
2021-11-13T11:23:53.427;536843937935210392;-356;929;-105
2021-11-13T11:23:53.446;536843937954914154;-378;913;-122
2021-11-13T11:23:53.466;536843937974617916;-387;908;-133
2021-11-13T11:23:53.486;536843937994321678;-389;905;-135
2021-11-13T11:23:53.505;536843938014025440;-391;901;-137
2021-11-13T11:23:53.525;536843938033729202;-392;902;-135
2021-11-13T11:23:53.545;536843938053432964;-381;901;-128
2021-11-13T11:23:53.565;536843938073136726;-379;915;-124
2021-11-13T11:23:53.584;536843938092840488;-378;914;-125
2021-11-13T11:23:53.604;536843938112544250;-374;907;-125
2021-11-13T11:23:53.624;536843938132248012;-377;905;-127
2021-11-13T11:23:53.643;536843938151951774;-379;908;-125
2021-11-13T11:23:53.663;536843938171655536;-375;908;-121
2021-11-13T11:23:53.683;536843938191359298;-373;911;-115
2021-11-13T11:23:53.703;536843938211063060;-377;914;-111
2021-11-13T11:23:53.722;536843938230766822;-375;914;-108
2021-11-13T11:23:53.742;536843938250470584;-376;914;-115
2021-11-13T11:23:53.762;536843938270174346;-380;913;-121
2021-11-13T11:23:53.781;536843938289878108;-380;906;-130
2021-11-13T11:23:53.801;536843938309581870;-377;902;-128
2021-11-13T11:23:53.821;536843938329285632;-377;908;-127
2021-11-13T11:23:53.840;536843938348976295;-377;908;-126
2021-11-13T11:23:53.860;536843938368666950;-379;907;-127
2021-11-13T11:23:53.880;536843938388357605;-372;916;-121
2021-11-13T11:23:53.899;536843938408048260;-376;910;-125
2021-11-13T11:23:53.919;536843938427738915;-380;911;-130
2021-11-13T11:23:53.939;536843938447429570;-381;912;-132
2021-11-13T11:23:53.959;536843938467120225;-385;904;-142
2021-11-13T11:23:53.978;536843938486810880;-383;899;-146
2021-11-13T11:23:53.998;536843938506501535;-379;907;-139
2021-11-13T11:23:54.018;536843938526192190;-373;914;-139
2021-11-13T11:23:54.037;536843938545882845;-372;908;-144
2021-11-13T11:23:54.057;536843938565573500;-373;909;-142
2021-11-13T11:23:54.077;536843938585264155;-374;910;-141
2021-11-13T11:23:54.096;536843938604954810;-372;911;-143
2021-11-13T11:23:54.116;536843938624645465;-371;911;-140
2021-11-13T11:23:54.136;536843938644336120;-369;910;-137
2021-11-13T11:23:54.155;536843938664026775;-373;908;-138
2021-11-13T11:23:54.175;536843938683717430;-377;907;-138
2021-11-13T11:23:54.195;536843938703408085;-377;910;-133
2021-11-13T11:23:54.215;536843938723098740;-380;909;-128
2021-11-13T11:23:54.234;536843938742789395;-379;906;-129
2021-11-13T11:23:54.254;536843938762480050;-380;915;-126
2021-11-13T11:23:54.274;536843938782170705;-380;910;-123
2021-11-13T11:23:54.293;536843938801861360;-381;906;-125
2021-11-13T11:23:54.313;536843938821552015;-381;909;-124
2021-11-13T11:23:54.333;536843938841242670;-375;915;-122
2021-11-13T11:23:54.352;536843938860933325;-370;920;-123
2021-11-13T11:23:54.372;536843938880623980;-368;909;-130
2021-11-13T11:23:54.392;536843938900314635;-375;910;-133
2021-11-13T11:23:54.411;536843938920005290;-372;912;-132
2021-11-13T11:23:54.431;536843938939695945;-368;913;-134
2021-11-13T11:23:54.451;536843938959386600;-370;912;-131
2021-11-13T11:23:54.471;536843938979077255;-368;914;-126
2021-11-13T11:23:54.490;536843938998767910;-373;914;-132
2021-11-13T11:23:54.510;536843939018458565;-374;914;-127
2021-11-13T11:23:54.530;536843939038149220;-372;911;-128
2021-11-13T11:23:54.549;536843939057847161;-371;913;-128
2021-11-13T11:23:54.569;536843939077545098;-373;914;-126
2021-11-13T11:23:54.589;536843939097243035;-380;910;-131
2021-11-13T11:23:54.608;536843939116940972;-380;905;-132
2021-11-13T11:23:54.628;536843939136638909;-377;911;-134
2021-11-13T11:23:54.648;536843939156336846;-378;912;-133
2021-11-13T11:23:54.667;536843939176034783;-379;908;-138
2021-11-13T11:23:54.687;536843939195732720;-379;910;-137
2021-11-13T11:23:54.707;536843939215430657;-380;904;-135
2021-11-13T11:23:54.727;536843939235128594;-379;905;-133
2021-11-13T11:23:54.746;536843939254826531;-378;908;-127
2021-11-13T11:23:54.766;536843939274524468;-380;913;-125
2021-11-13T11:23:54.786;536843939294222405;-378;912;-123
2021-11-13T11:23:54.805;536843939313920342;-372;912;-121
2021-11-13T11:23:54.825;536843939333618279;-375;913;-122
2021-11-13T11:23:54.845;536843939353316216;-380;913;-126
2021-11-13T11:23:54.864;536843939373014153;-375;910;-124
2021-11-13T11:23:54.884;536843939392712090;-376;907;-125
2021-11-13T11:23:54.904;536843939412410027;-377;911;-123
2021-11-13T11:23:54.924;536843939432107964;-376;908;-125
2021-11-13T11:23:54.943;536843939451805901;-376;908;-124
2021-11-13T11:23:54.963;536843939471503838;-377;912;-128
2021-11-13T11:23:54.983;536843939491201775;-376;909;-129
2021-11-13T11:23:55.002;536843939510899712;-379;907;-129
2021-11-13T11:23:55.022;536843939530597649;-379;914;-127
2021-11-13T11:23:55.042;536843939550295586;-379;907;-129
2021-11-13T11:23:55.061;536843939569993523;-379;906;-129
2021-11-13T11:23:55.081;536843939589691460;-380;911;-129
2021-11-13T11:23:55.101;536843939609389397;-379;911;-131
2021-11-13T11:23:55.121;536843939629087334;-379;905;-133
2021-11-13T11:23:55.140;536843939648785271;-376;908;-129
2021-11-13T11:23:55.160;536843939668483208;-372;908;-133
2021-11-13T11:23:55.180;536843939688181145;-377;907;-135
2021-11-13T11:23:55.199;536843939707879082;-377;910;-137
2021-11-13T11:23:55.219;536843939727577019;-379;911;-131
2021-11-13T11:23:55.239;536843939747274956;-381;909;-131
2021-11-13T11:23:55.258;536843939766975829;-384;907;-134
2021-11-13T11:23:55.278;536843939786676678;-381;906;-138
2021-11-13T11:23:55.298;536843939806377527;-377;910;-135
2021-11-13T11:23:55.318;536843939826078376;-377;905;-140
2021-11-13T11:23:55.337;536843939845779225;-374;904;-137
2021-11-13T11:23:55.357;536843939865480074;-373;912;-130
2021-11-13T11:23:55.377;536843939885180923;-373;913;-126
2021-11-13T11:23:55.396;536843939904881772;-374;915;-124
2021-11-13T11:23:55.416;536843939924582621;-365;911;-119
2021-11-13T11:23:55.436;536843939944283470;-374;916;-116
2021-11-13T11:23:55.455;536843939963984319;-372;913;-115
2021-11-13T11:23:55.475;536843939983685168;-372;916;-115
2021-11-13T11:23:55.495;536843940003386017;-378;913;-116
2021-11-13T11:23:55.515;536843940023086866;-375;918;-112
2021-11-13T11:23:55.534;536843940042787715;-382;909;-117
2021-11-13T11:23:55.554;536843940062488564;-376;919;-121
2021-11-13T11:23:55.574;536843940082189413;-362;908;-121
2021-11-13T11:23:55.593;536843940101890262;-371;915;-119
2021-11-13T11:23:55.613;536843940121591111;-377;910;-119
2021-11-13T11:23:55.633;536843940141291960;-374;912;-116
2021-11-13T11:23:55.652;536843940160992809;-368;921;-115
2021-11-13T11:23:55.672;536843940180693658;-367;915;-117
2021-11-13T11:23:55.692;536843940200394507;-380;914;-121
2021-11-13T11:23:55.712;536843940220095356;-381;911;-128
2021-11-13T11:23:55.731;536843940239796205;-381;909;-136
2021-11-13T11:23:55.751;536843940259497054;-381;907;-132
2021-11-13T11:23:55.771;536843940279197903;-378;910;-130
2021-11-13T11:23:55.790;536843940298898752;-375;910;-126
2021-11-13T11:23:55.810;536843940318599601;-376;913;-130
2021-11-13T11:23:55.830;536843940338300450;-370;911;-123
2021-11-13T11:23:55.849;536843940358001299;-376;918;-121
2021-11-13T11:23:55.869;536843940377702148;-378;904;-120
2021-11-13T11:23:55.889;536843940397402997;-377;914;-119
2021-11-13T11:23:55.909;536843940417103846;-378;911;-121
2021-11-13T11:23:55.928;536843940436804695;-377;909;-125
2021-11-13T11:23:55.948;536843940456505544;-383;914;-130
2021-11-13T11:23:55.968;536843940476198415;-385;909;-144
2021-11-13T11:23:55.987;536843940495891254;-382;902;-145
2021-11-13T11:23:56.007;536843940515584093;-377;900;-149
2021-11-13T11:23:56.027;536843940535276932;-371;905;-144
2021-11-13T11:23:56.046;536843940554969771;-366;912;-137
2021-11-13T11:23:56.066;536843940574662610;-349;922;-130
2021-11-13T11:23:56.086;536843940594355449;-360;912;-133
2021-11-13T11:23:56.105;536843940614048288;-374;902;-142
2021-11-13T11:23:56.125;536843940633741127;-381;902;-142
2021-11-13T11:23:56.145;536843940653433966;-382;906;-141
2021-11-13T11:23:56.165;536843940673126805;-386;900;-145
2021-11-13T11:23:56.184;536843940692819644;-388;905;-141
2021-11-13T11:23:56.204;536843940712512483;-389;901;-136
2021-11-13T11:23:56.224;536843940732205322;-387;908;-140
2021-11-13T11:23:56.243;536843940751898161;-383;903;-148
2021-11-13T11:23:56.263;536843940771591000;-380;896;-149
2021-11-13T11:23:56.283;536843940791283839;-385;902;-142
2021-11-13T11:23:56.302;536843940810976678;-385;905;-140
2021-11-13T11:23:56.322;536843940830669517;-380;901;-140
2021-11-13T11:23:56.342;536843940850362356;-382;910;-139
2021-11-13T11:23:56.361;536843940870055195;-382;905;-142
2021-11-13T11:23:56.381;536843940889748034;-378;902;-144
2021-11-13T11:23:56.401;536843940909440873;-378;905;-149
2021-11-13T11:23:56.421;536843940929133712;-377;905;-142
2021-11-13T11:23:56.440;536843940948826551;-376;908;-135
2021-11-13T11:23:56.460;536843940968519390;-379;910;-133
2021-11-13T11:23:56.480;536843940988212229;-382;907;-134
2021-11-13T11:23:56.499;536843941007905068;-378;904;-129
2021-11-13T11:23:56.519;536843941027597907;-372;905;-125
2021-11-13T11:23:56.539;536843941047290746;-377;913;-121
2021-11-13T11:23:56.558;536843941066983585;-378;910;-121
2021-11-13T11:23:56.578;536843941086676424;-383;909;-121
2021-11-13T11:23:56.598;536843941106369263;-385;905;-124
2021-11-13T11:23:56.618;536843941126062102;-383;907;-126
2021-11-13T11:23:56.637;536843941145754941;-381;910;-123
2021-11-13T11:23:56.657;536843941165447780;-381;909;-122
2021-11-13T11:23:56.677;536843941185144284;-379;901;-118
2021-11-13T11:23:56.696;536843941204840764;-374;912;-112
2021-11-13T11:23:56.716;536843941224537244;-367;922;-108
2021-11-13T11:23:56.736;536843941244233724;-371;924;-120
2021-11-13T11:23:56.755;536843941263930204;-365;916;-122
2021-11-13T11:23:56.775;536843941283626684;-351;916;-123
2021-11-13T11:23:56.795;536843941303323164;-370;922;-132
2021-11-13T11:23:56.814;536843941323019644;-377;908;-142
2021-11-13T11:23:56.834;536843941342716124;-376;906;-142
2021-11-13T11:23:56.854;536843941362412604;-364;916;-127
2021-11-13T11:23:56.874;536843941382109084;-372;915;-129
2021-11-13T11:23:56.893;536843941401805564;-377;908;-124
2021-11-13T11:23:56.913;536843941421502044;-368;923;-111
2021-11-13T11:23:56.933;536843941441198524;-374;922;-112
2021-11-13T11:23:56.952;536843941460895004;-374;914;-113
2021-11-13T11:23:56.972;536843941480591484;-371;918;-114
2021-11-13T11:23:56.992;536843941500287964;-368;920;-118
2021-11-13T11:23:57.011;536843941519984444;-369;917;-128
2021-11-13T11:23:57.031;536843941539680924;-361;917;-124
2021-11-13T11:23:57.051;536843941559377404;-349;918;-121
2021-11-13T11:23:57.071;536843941579073884;-363;915;-125
2021-11-13T11:23:57.090;536843941598770364;-375;910;-123
2021-11-13T11:23:57.110;536843941618466844;-381;908;-122
2021-11-13T11:23:57.130;536843941638163324;-380;913;-119
2021-11-13T11:23:57.149;536843941657859804;-380;912;-120
2021-11-13T11:23:57.169;536843941677556284;-377;918;-116
2021-11-13T11:23:57.189;536843941697252764;-379;912;-120
2021-11-13T11:23:57.208;536843941716949244;-382;909;-127
2021-11-13T11:23:57.228;536843941736645724;-377;910;-123
2021-11-13T11:23:57.248;536843941756342204;-376;912;-116
2021-11-13T11:23:57.267;536843941776038684;-377;912;-115
2021-11-13T11:23:57.287;536843941795735164;-373;912;-111
2021-11-13T11:23:57.307;536843941815431644;-377;918;-112
2021-11-13T11:23:57.327;536843941835128124;-368;919;-110
2021-11-13T11:23:57.346;536843941854824604;-357;927;-106
2021-11-13T11:23:57.366;536843941874521084;-371;916;-116
2021-11-13T11:23:57.386;536843941894217590;-370;916;-120
2021-11-13T11:23:57.405;536843941913914070;-368;919;-120
2021-11-13T11:23:57.425;536843941933610550;-371;915;-123
2021-11-13T11:23:57.445;536843941953307030;-376;913;-123
2021-11-13T11:23:57.464;536843941973003510;-377;913;-126
2021-11-13T11:23:57.484;536843941992699990;-377;911;-124
2021-11-13T11:23:57.504;536843942012396470;-378;912;-125
2021-11-13T11:23:57.524;536843942032092950;-378;914;-123
2021-11-13T11:23:57.543;536843942051789430;-375;914;-122
2021-11-13T11:23:57.563;536843942071485910;-370;916;-121
2021-11-13T11:23:57.583;536843942091182390;-374;913;-122
2021-11-13T11:23:57.602;536843942110878870;-370;915;-120
2021-11-13T11:23:57.622;536843942130575350;-372;917;-122
2021-11-13T11:23:57.642;536843942150271830;-375;913;-126
2021-11-13T11:23:57.661;536843942169968310;-375;909;-126
2021-11-13T11:23:57.681;536843942189664790;-372;911;-128
2021-11-13T11:23:57.701;536843942209361270;-375;912;-129
2021-11-13T11:23:57.720;536843942229057750;-368;913;-125
2021-11-13T11:23:57.740;536843942248754230;-362;911;-123
2021-11-13T11:23:57.760;536843942268450710;-363;917;-123
2021-11-13T11:23:57.780;536843942288147190;-364;916;-125
2021-11-13T11:23:57.799;536843942307843670;-374;911;-125
2021-11-13T11:23:57.819;536843942327540150;-377;913;-126
2021-11-13T11:23:57.839;536843942347236630;-381;913;-128
2021-11-13T11:23:57.858;536843942366933110;-382;908;-130
2021-11-13T11:23:57.878;536843942386629590;-387;904;-136
2021-11-13T11:23:57.898;536843942406326070;-384;905;-136
2021-11-13T11:23:57.917;536843942426022550;-380;907;-138
2021-11-13T11:23:57.937;536843942445719030;-378;905;-134
2021-11-13T11:23:57.957;536843942465415510;-379;908;-135
2021-11-13T11:23:57.977;536843942485111990;-378;909;-133
2021-11-13T11:23:57.996;536843942504808470;-377;909;-132
2021-11-13T11:23:58.016;536843942524504950;-374;901;-124
2021-11-13T11:23:58.036;536843942544201430;-379;917;-122
2021-11-13T11:23:58.055;536843942563897910;-379;911;-119
2021-11-13T11:23:58.075;536843942583594390;-381;906;-118
2021-11-13T11:23:58.095;536843942603290164;-381;908;-119
2021-11-13T11:23:58.114;536843942622985916;-383;910;-117
2021-11-13T11:23:58.134;536843942642681668;-382;911;-120
2021-11-13T11:23:58.154;536843942662377420;-379;905;-117
2021-11-13T11:23:58.174;536843942682073172;-376;910;-113
2021-11-13T11:23:58.193;536843942701768924;-378;917;-116
2021-11-13T11:23:58.213;536843942721464676;-376;911;-115
2021-11-13T11:23:58.233;536843942741160428;-376;915;-117
2021-11-13T11:23:58.252;536843942760856180;-377;911;-118
2021-11-13T11:23:58.272;536843942780551932;-374;911;-124
2021-11-13T11:23:58.292;536843942800247684;-368;913;-122
2021-11-13T11:23:58.311;536843942819943436;-373;909;-125
2021-11-13T11:23:58.331;536843942839639188;-376;910;-123
2021-11-13T11:23:58.351;536843942859334940;-377;914;-122
2021-11-13T11:23:58.370;536843942879030692;-378;915;-122
2021-11-13T11:23:58.390;536843942898726444;-380;912;-125
2021-11-13T11:23:58.410;536843942918422196;-376;908;-130
2021-11-13T11:23:58.430;536843942938117948;-381;906;-132
2021-11-13T11:23:58.449;536843942957813700;-380;907;-130
2021-11-13T11:23:58.469;536843942977509452;-382;910;-131
2021-11-13T11:23:58.489;536843942997205204;-375;908;-135
2021-11-13T11:23:58.508;536843943016900956;-374;913;-134
2021-11-13T11:23:58.528;536843943036596708;-379;906;-138
2021-11-13T11:23:58.548;536843943056292460;-377;912;-131
2021-11-13T11:23:58.567;536843943075988212;-375;912;-128
2021-11-13T11:23:58.587;536843943095683964;-373;918;-125
2021-11-13T11:23:58.607;536843943115379716;-373;911;-123
2021-11-13T11:23:58.627;536843943135075468;-369;917;-129
2021-11-13T11:23:58.646;536843943154771220;-360;912;-125
2021-11-13T11:23:58.666;536843943174466972;-375;911;-128
2021-11-13T11:23:58.686;536843943194162724;-382;908;-124
2021-11-13T11:23:58.705;536843943213858476;-382;905;-123
2021-11-13T11:23:58.725;536843943233554228;-381;915;-119
2021-11-13T11:23:58.745;536843943253249980;-379;909;-122
2021-11-13T11:23:58.764;536843943272945732;-381;911;-125
2021-11-13T11:23:58.784;536843943292641484;-380;908;-123
2021-11-13T11:23:58.804;536843943312335784;-378;911;-122
2021-11-13T11:23:58.823;536843943332030080;-372;916;-114
2021-11-13T11:23:58.843;536843943351724376;-373;911;-113
2021-11-13T11:23:58.863;536843943371418672;-368;921;-111
2021-11-13T11:23:58.883;536843943391112968;-360;924;-113
2021-11-13T11:23:58.902;536843943410807264;-356;921;-117
2021-11-13T11:23:58.922;536843943430501560;-350;916;-116
2021-11-13T11:23:58.942;536843943450195856;-354;917;-117
2021-11-13T11:23:58.961;536843943469890152;-363;914;-122
2021-11-13T11:23:58.981;536843943489584448;-375;908;-121
2021-11-13T11:23:59.001;536843943509278744;-375;914;-118
2021-11-13T11:23:59.020;536843943528973040;-381;918;-121
2021-11-13T11:23:59.040;536843943548667336;-385;911;-128
2021-11-13T11:23:59.060;536843943568361632;-383;908;-132
2021-11-13T11:23:59.079;536843943588055928;-382;904;-141
2021-11-13T11:23:59.099;536843943607750224;-382;906;-147
2021-11-13T11:23:59.119;536843943627444520;-377;905;-144
2021-11-13T11:23:59.139;536843943647138816;-373;912;-143
2021-11-13T11:23:59.158;536843943666833112;-374;907;-139
2021-11-13T11:23:59.178;536843943686527408;-379;910;-134
2021-11-13T11:23:59.198;536843943706221704;-373;916;-124
2021-11-13T11:23:59.217;536843943725916000;-377;914;-120
2021-11-13T11:23:59.237;536843943745610296;-377;919;-124
2021-11-13T11:23:59.257;536843943765304592;-377;919;-127
2021-11-13T11:23:59.276;536843943784998888;-364;913;-123
2021-11-13T11:23:59.296;536843943804693184;-372;910;-123
2021-11-13T11:23:59.316;536843943824387480;-374;896;-123
2021-11-13T11:23:59.336;536843943844081776;-371;909;-114
2021-11-13T11:23:59.355;536843943863776072;-376;915;-110
2021-11-13T11:23:59.375;536843943883470368;-382;902;-105
2021-11-13T11:23:59.395;536843943903164664;-385;910;-97
2021-11-13T11:23:59.414;536843943922858960;-386;911;-102
2021-11-13T11:23:59.434;536843943942553256;-390;920;-104
2021-11-13T11:23:59.454;536843943962247552;-383;912;-110
2021-11-13T11:23:59.473;536843943981941848;-381;901;-116
2021-11-13T11:23:59.493;536843944001636144;-383;906;-125
2021-11-13T11:23:59.513;536843944021326811;-384;906;-130
2021-11-13T11:23:59.532;536843944041017466;-381;901;-128
2021-11-13T11:23:59.552;536843944060708121;-382;902;-121
2021-11-13T11:23:59.572;536843944080398776;-385;904;-119
2021-11-13T11:23:59.592;536843944100089431;-382;906;-116
2021-11-13T11:23:59.611;536843944119780086;-386;899;-119
2021-11-13T11:23:59.631;536843944139470741;-387;916;-108
2021-11-13T11:23:59.651;536843944159161396;-378;921;-98
2021-11-13T11:23:59.670;536843944178852051;-379;914;-107
2021-11-13T11:23:59.690;536843944198542706;-377;910;-121
2021-11-13T11:23:59.710;536843944218233361;-378;901;-129
2021-11-13T11:23:59.729;536843944237924016;-370;921;-123
2021-11-13T11:23:59.749;536843944257614671;-377;906;-133
2021-11-13T11:23:59.769;536843944277305326;-377;898;-138
2021-11-13T11:23:59.788;536843944296995981;-369;910;-130
2021-11-13T11:23:59.808;536843944316686636;-354;931;-119
2021-11-13T11:23:59.828;536843944336377291;-362;928;-124
2021-11-13T11:23:59.848;536843944356067946;-372;908;-144
2021-11-13T11:23:59.867;536843944375758601;-376;907;-146
2021-11-13T11:23:59.887;536843944395449256;-383;902;-154
2021-11-13T11:23:59.907;536843944415139911;-382;901;-147
2021-11-13T11:23:59.926;536843944434830566;-375;916;-132
2021-11-13T11:23:59.946;536843944454521221;-376;907;-130
2021-11-13T11:23:59.966;536843944474211876;-365;922;-123
2021-11-13T11:23:59.985;536843944493902531;-363;919;-123
2021-11-13T11:24:00.005;536843944513593186;-368;912;-125
2021-11-13T11:24:00.025;536843944533283841;-372;916;-131
2021-11-13T11:24:00.044;536843944552974496;-387;897;-145
2021-11-13T11:24:00.064;536843944572665151;-387;893;-134
2021-11-13T11:24:00.084;536843944592355806;-377;925;-112
2021-11-13T11:24:00.103;536843944612046461;-382;908;-125
2021-11-13T11:24:00.123;536843944631737116;-383;913;-124
2021-11-13T11:24:00.143;536843944651427771;-379;902;-127
2021-11-13T11:24:00.163;536843944671118426;-378;914;-126
2021-11-13T11:24:00.182;536843944690809081;-380;907;-130
2021-11-13T11:24:00.202;536843944710499736;-374;915;-127
2021-11-13T11:24:00.222;536843944730186762;-376;908;-130
2021-11-13T11:24:00.241;536843944749873776;-372;912;-130
2021-11-13T11:24:00.261;536843944769560790;-377;913;-128
2021-11-13T11:24:00.281;536843944789247804;-371;913;-123
2021-11-13T11:24:00.300;536843944808934818;-370;912;-120
2021-11-13T11:24:00.320;536843944828621832;-370;918;-125
2021-11-13T11:24:00.340;536843944848308846;-376;915;-129
2021-11-13T11:24:00.359;536843944867995860;-378;909;-135
2021-11-13T11:24:00.379;536843944887682874;-375;910;-139
2021-11-13T11:24:00.399;536843944907369888;-375;903;-147
2021-11-13T11:24:00.418;536843944927056902;-376;909;-135
2021-11-13T11:24:00.438;536843944946743916;-378;906;-138
2021-11-13T11:24:00.458;536843944966430930;-378;907;-131
2021-11-13T11:24:00.478;536843944986117944;-375;915;-125
2021-11-13T11:24:00.497;536843945005804958;-371;919;-121
2021-11-13T11:24:00.517;536843945025491972;-368;916;-121
2021-11-13T11:24:00.537;536843945045178986;-366;913;-123
2021-11-13T11:24:00.556;536843945064866000;-367;915;-124
2021-11-13T11:24:00.576;536843945084553014;-366;915;-126
2021-11-13T11:24:00.596;536843945104240028;-373;912;-128
2021-11-13T11:24:00.615;536843945123927042;-376;910;-136
2021-11-13T11:24:00.635;536843945143614056;-377;908;-138
2021-11-13T11:24:00.655;536843945163301070;-377;911;-142
2021-11-13T11:24:00.674;536843945182988084;-381;904;-141
2021-11-13T11:24:00.694;536843945202675098;-380;906;-140
2021-11-13T11:24:00.714;536843945222362112;-380;911;-136
2021-11-13T11:24:00.733;536843945242049126;-380;906;-133
2021-11-13T11:24:00.753;536843945261736140;-380;907;-130
2021-11-13T11:24:00.773;536843945281423154;-381;907;-133
2021-11-13T11:24:00.793;536843945301110168;-379;910;-129
2021-11-13T11:24:00.812;536843945320797182;-374;909;-124
2021-11-13T11:24:00.832;536843945340484196;-379;908;-128
2021-11-13T11:24:00.852;536843945360171210;-380;902;-127
2021-11-13T11:24:00.871;536843945379858224;-377;911;-125
2021-11-13T11:24:00.891;536843945399545238;-380;908;-125
2021-11-13T11:24:00.911;536843945419232252;-378;907;-126
2021-11-13T11:24:00.930;536843945438925121;-384;902;-132
2021-11-13T11:24:00.950;536843945458617960;-385;903;-126
2021-11-13T11:24:00.970;536843945478310799;-384;908;-119
2021-11-13T11:24:00.989;536843945498003638;-382;910;-121
2021-11-13T11:24:01.009;536843945517696477;-377;911;-121
2021-11-13T11:24:01.029;536843945537389316;-376;912;-122
2021-11-13T11:24:01.049;536843945557082155;-378;909;-126
2021-11-13T11:24:01.068;536843945576774994;-379;906;-125
2021-11-13T11:24:01.088;536843945596467833;-378;909;-124
2021-11-13T11:24:01.108;536843945616160672;-375;908;-126
2021-11-13T11:24:01.127;536843945635853511;-376;908;-122
2021-11-13T11:24:01.147;536843945655546350;-383;912;-122
2021-11-13T11:24:01.167;536843945675239189;-385;906;-128
2021-11-13T11:24:01.186;536843945694932028;-382;900;-131
2021-11-13T11:24:01.206;536843945714624867;-382;906;-127
2021-11-13T11:24:01.226;536843945734317706;-380;907;-128
2021-11-13T11:24:01.245;536843945754010545;-381;910;-125
2021-11-13T11:24:01.265;536843945773703384;-382;907;-129
2021-11-13T11:24:01.285;536843945793396223;-374;908;-127
2021-11-13T11:24:01.305;536843945813089062;-379;904;-131
2021-11-13T11:24:01.324;536843945832781901;-379;911;-131
2021-11-13T11:24:01.344;536843945852474740;-382;903;-132
2021-11-13T11:24:01.364;536843945872167579;-380;906;-135
2021-11-13T11:24:01.383;536843945891860418;-380;902;-133
2021-11-13T11:24:01.403;536843945911553257;-375;908;-134
2021-11-13T11:24:01.423;536843945931246096;-374;904;-133
2021-11-13T11:24:01.442;536843945950938935;-372;909;-131
2021-11-13T11:24:01.462;536843945970631774;-376;913;-127
2021-11-13T11:24:01.482;536843945990324613;-380;908;-129
2021-11-13T11:24:01.501;536843946010017452;-382;908;-134
2021-11-13T11:24:01.521;536843946029710291;-385;906;-139
2021-11-13T11:24:01.541;536843946049403130;-384;905;-146
2021-11-13T11:24:01.561;536843946069095969;-383;906;-148
2021-11-13T11:24:01.580;536843946088788808;-380;897;-147
2021-11-13T11:24:01.600;536843946108481647;-382;900;-141
2021-11-13T11:24:01.620;536843946128174486;-382;898;-131
2021-11-13T11:24:01.639;536843946147870994;-384;910;-130
2021-11-13T11:24:01.659;536843946167567474;-376;911;-118
2021-11-13T11:24:01.679;536843946187263954;-384;910;-114
2021-11-13T11:24:01.698;536843946206960434;-388;906;-116
2021-11-13T11:24:01.718;536843946226656914;-384;900;-112
2021-11-13T11:24:01.738;536843946246353394;-377;913;-106
2021-11-13T11:24:01.757;536843946266049874;-378;916;-119
2021-11-13T11:24:01.777;536843946285746354;-383;914;-122
2021-11-13T11:24:01.797;536843946305442834;-381;904;-128
2021-11-13T11:24:01.817;536843946325139314;-380;895;-135
2021-11-13T11:24:01.836;536843946344835794;-377;910;-121
2021-11-13T11:24:01.856;536843946364532274;-378;912;-119
2021-11-13T11:24:01.876;536843946384228754;-380;907;-123
2021-11-13T11:24:01.895;536843946403925234;-380;899;-125
2021-11-13T11:24:01.915;536843946423621714;-376;908;-119
2021-11-13T11:24:01.935;536843946443318194;-377;912;-117
2021-11-13T11:24:01.954;536843946463014674;-379;909;-115
2021-11-13T11:24:01.974;536843946482711154;-382;913;-116
2021-11-13T11:24:01.994;536843946502407634;-380;905;-122
2021-11-13T11:24:02.014;536843946522104114;-374;915;-113
2021-11-13T11:24:02.033;536843946541800594;-372;914;-111
2021-11-13T11:24:02.053;536843946561497074;-375;917;-110
2021-11-13T11:24:02.073;536843946581193554;-373;917;-108
2021-11-13T11:24:02.092;536843946600890034;-371;922;-117
2021-11-13T11:24:02.112;536843946620586514;-376;907;-127
2021-11-13T11:24:02.132;536843946640282994;-377;905;-129
2021-11-13T11:24:02.151;536843946659979474;-380;903;-138
2021-11-13T11:24:02.171;536843946679675954;-381;906;-132
2021-11-13T11:24:02.191;536843946699372434;-383;902;-137
2021-11-13T11:24:02.211;536843946719068914;-386;900;-133
2021-11-13T11:24:02.230;536843946738765394;-384;901;-132
2021-11-13T11:24:02.250;536843946758461874;-382;909;-131
2021-11-13T11:24:02.270;536843946778158354;-383;907;-131
2021-11-13T11:24:02.289;536843946797854834;-382;906;-127
2021-11-13T11:24:02.309;536843946817551314;-381;912;-133
2021-11-13T11:24:02.329;536843946837247794;-380;907;-135
2021-11-13T11:24:02.348;536843946856944296;-377;903;-138
2021-11-13T11:24:02.368;536843946876640776;-376;910;-136
2021-11-13T11:24:02.388;536843946896337256;-377;907;-138
2021-11-13T11:24:02.407;536843946916033736;-369;911;-131
2021-11-13T11:24:02.427;536843946935730216;-370;910;-131
2021-11-13T11:24:02.447;536843946955426696;-377;910;-134
2021-11-13T11:24:02.467;536843946975123176;-379;910;-132
2021-11-13T11:24:02.486;536843946994819656;-375;915;-136
2021-11-13T11:24:02.506;536843947014516136;-380;899;-133
2021-11-13T11:24:02.526;536843947034212616;-382;905;-139
2021-11-13T11:24:02.545;536843947053909096;-383;908;-134
2021-11-13T11:24:02.565;536843947073605576;-382;906;-137
2021-11-13T11:24:02.585;536843947093302056;-377;898;-136
2021-11-13T11:24:02.604;536843947112998536;-381;896;-129
2021-11-13T11:24:02.624;536843947132695016;-386;905;-118
2021-11-13T11:24:02.644;536843947152391496;-387;913;-116
2021-11-13T11:24:02.664;536843947172087976;-386;910;-118
2021-11-13T11:24:02.683;536843947191784456;-388;906;-120
2021-11-13T11:24:02.703;536843947211480936;-382;901;-121
2021-11-13T11:24:02.723;536843947231177416;-379;912;-119
2021-11-13T11:24:02.742;536843947250873896;-378;904;-127
2021-11-13T11:24:02.762;536843947270570376;-363;919;-122
2021-11-13T11:24:02.782;536843947290266856;-363;913;-121
2021-11-13T11:24:02.801;536843947309963336;-363;913;-119
2021-11-13T11:24:02.821;536843947329659816;-364;912;-121
2021-11-13T11:24:02.841;536843947349356296;-376;914;-122
2021-11-13T11:24:02.860;536843947369052776;-379;906;-127
2021-11-13T11:24:02.880;536843947388749256;-384;898;-132
2021-11-13T11:24:02.900;536843947408445736;-383;905;-125
2021-11-13T11:24:02.920;536843947428142216;-387;912;-132
2021-11-13T11:24:02.939;536843947447838696;-389;902;-139
2021-11-13T11:24:02.959;536843947467535176;-396;898;-147
2021-11-13T11:24:02.979;536843947487231656;-388;905;-142
2021-11-13T11:24:02.998;536843947506928136;-381;906;-138
2021-11-13T11:24:03.018;536843947526624616;-376;904;-138
2021-11-13T11:24:03.038;536843947546321096;-380;904;-135
2021-11-13T11:24:03.057;536843947566017604;-381;912;-130
2021-11-13T11:24:03.077;536843947585714084;-378;909;-124
2021-11-13T11:24:03.097;536843947605410564;-373;916;-125
2021-11-13T11:24:03.117;536843947625107044;-371;912;-121
2021-11-13T11:24:03.136;536843947644803524;-361;916;-120
2021-11-13T11:24:03.156;536843947664500004;-367;915;-124
2021-11-13T11:24:03.176;536843947684196484;-362;916;-126
2021-11-13T11:24:03.195;536843947703892964;-378;899;-143
2021-11-13T11:24:03.215;536843947723589444;-382;902;-145
2021-11-13T11:24:03.235;536843947743285924;-386;906;-146
2021-11-13T11:24:03.254;536843947762982404;-383;902;-141
2021-11-13T11:24:03.274;536843947782678884;-380;903;-140
2021-11-13T11:24:03.294;536843947802375364;-380;908;-138
2021-11-13T11:24:03.314;536843947822071844;-379;909;-141
2021-11-13T11:24:03.333;536843947841768324;-377;908;-149
2021-11-13T11:24:03.353;536843947861464804;-376;905;-144
2021-11-13T11:24:03.373;536843947881161284;-373;906;-145
2021-11-13T11:24:03.392;536843947900857764;-369;906;-143
2021-11-13T11:24:03.412;536843947920554244;-364;911;-140
2021-11-13T11:24:03.432;536843947940250724;-370;909;-140
2021-11-13T11:24:03.451;536843947959947204;-372;907;-138
2021-11-13T11:24:03.471;536843947979643684;-375;910;-135
2021-11-13T11:24:03.491;536843947999340164;-381;907;-138
2021-11-13T11:24:03.510;536843948019036644;-379;903;-143
2021-11-13T11:24:03.530;536843948038733124;-380;901;-143
2021-11-13T11:24:03.550;536843948058429604;-386;903;-149
2021-11-13T11:24:03.570;536843948078126084;-384;897;-144
2021-11-13T11:24:03.589;536843948097822564;-383;901;-152
2021-11-13T11:24:03.609;536843948117519044;-384;900;-150
2021-11-13T11:24:03.629;536843948137215524;-382;901;-149
2021-11-13T11:24:03.648;536843948156912004;-382;901;-149
2021-11-13T11:24:03.668;536843948176608484;-381;903;-145
2021-11-13T11:24:03.688;536843948196304964;-380;903;-143
2021-11-13T11:24:03.707;536843948216001444;-380;905;-138
2021-11-13T11:24:03.727;536843948235697924;-380;906;-135
2021-11-13T11:24:03.747;536843948255394404;-379;903;-136
2021-11-13T11:24:03.767;536843948275087273;-377;906;-128
2021-11-13T11:24:03.786;536843948294780112;-377;907;-130
2021-11-13T11:24:03.806;536843948314472951;-379;906;-130
2021-11-13T11:24:03.826;536843948334165790;-380;906;-132
2021-11-13T11:24:03.845;536843948353858629;-379;907;-131
2021-11-13T11:24:03.865;536843948373551468;-383;909;-135
2021-11-13T11:24:03.885;536843948393244307;-384;902;-139
2021-11-13T11:24:03.904;536843948412937146;-384;901;-143
2021-11-13T11:24:03.924;536843948432629985;-379;905;-143
2021-11-13T11:24:03.944;536843948452322824;-379;907;-146
2021-11-13T11:24:03.963;536843948472015663;-377;904;-144
2021-11-13T11:24:03.983;536843948491708502;-382;900;-158
2021-11-13T11:24:04.003;536843948511401341;-379;904;-147
2021-11-13T11:24:04.023;536843948531094180;-372;909;-142
2021-11-13T11:24:04.042;536843948550787019;-374;909;-147
2021-11-13T11:24:04.062;536843948570479858;-370;910;-145
2021-11-13T11:24:04.082;536843948590172697;-364;913;-143
2021-11-13T11:24:04.101;536843948609865536;-368;906;-144
2021-11-13T11:24:04.121;536843948629558375;-355;915;-133
2021-11-13T11:24:04.141;536843948649251214;-368;915;-132
2021-11-13T11:24:04.160;536843948668944053;-370;909;-136
2021-11-13T11:24:04.180;536843948688636892;-375;909;-135
2021-11-13T11:24:04.200;536843948708329731;-379;909;-132
2021-11-13T11:24:04.219;536843948728022570;-383;903;-135
2021-11-13T11:24:04.239;536843948747715409;-384;901;-142
2021-11-13T11:24:04.259;536843948767408248;-383;906;-144
2021-11-13T11:24:04.279;536843948787101087;-381;903;-147
2021-11-13T11:24:04.298;536843948806793926;-378;908;-146
2021-11-13T11:24:04.318;536843948826486765;-378;900;-152
2021-11-13T11:24:04.338;536843948846179604;-380;901;-151
2021-11-13T11:24:04.357;536843948865872443;-380;910;-150
2021-11-13T11:24:04.377;536843948885565282;-379;906;-140
2021-11-13T11:24:04.397;536843948905258121;-379;908;-139
2021-11-13T11:24:04.416;536843948924950960;-374;909;-131
2021-11-13T11:24:04.436;536843948944643799;-376;910;-131
2021-11-13T11:24:04.456;536843948964336638;-374;911;-133
2021-11-13T11:24:04.475;536843948984027303;-377;910;-130
2021-11-13T11:24:04.495;536843949003717958;-379;906;-134
2021-11-13T11:24:04.515;536843949023408613;-381;905;-137
2021-11-13T11:24:04.535;536843949043099268;-386;905;-137
2021-11-13T11:24:04.554;536843949062789923;-387;903;-136
2021-11-13T11:24:04.574;536843949082480578;-389;896;-139
2021-11-13T11:24:04.594;536843949102171233;-385;903;-135
2021-11-13T11:24:04.613;536843949121861888;-383;907;-134
2021-11-13T11:24:04.633;536843949141552543;-378;905;-127
2021-11-13T11:24:04.653;536843949161243198;-377;901;-136
2021-11-13T11:24:04.672;536843949180933853;-380;911;-131
2021-11-13T11:24:04.692;536843949200624508;-370;913;-127
2021-11-13T11:24:04.712;536843949220315163;-374;908;-127
2021-11-13T11:24:04.731;536843949240005818;-383;908;-133
2021-11-13T11:24:04.751;536843949259696473;-384;906;-134
2021-11-13T11:24:04.771;536843949279387128;-376;904;-134
2021-11-13T11:24:04.791;536843949299077783;-373;912;-137
2021-11-13T11:24:04.810;536843949318768438;-378;901;-144
2021-11-13T11:24:04.830;536843949338459093;-378;902;-142
2021-11-13T11:24:04.850;536843949358149748;-383;901;-147
2021-11-13T11:24:04.869;536843949377840403;-380;906;-146
2021-11-13T11:24:04.889;536843949397531058;-379;903;-143
2021-11-13T11:24:04.909;536843949417221713;-381;904;-144
2021-11-13T11:24:04.928;536843949436912368;-380;903;-143
2021-11-13T11:24:04.948;536843949456603023;-380;902;-141
2021-11-13T11:24:04.968;536843949476293678;-374;908;-132
2021-11-13T11:24:04.987;536843949495984333;-377;912;-130
2021-11-13T11:24:05.007;536843949515674988;-376;912;-128
2021-11-13T11:24:05.027;536843949535365643;-377;905;-131
2021-11-13T11:24:05.046;536843949555056298;-380;907;-125
2021-11-13T11:24:05.066;536843949574746953;-382;903;-130
2021-11-13T11:24:05.086;536843949594437608;-384;910;-132
2021-11-13T11:24:05.106;536843949614128263;-382;908;-130
2021-11-13T11:24:05.125;536843949633818918;-382;902;-135
2021-11-13T11:24:05.145;536843949653509573;-385;905;-136
2021-11-13T11:24:05.165;536843949673200228;-381;901;-135
2021-11-13T11:24:05.184;536843949692894532;-378;908;-130
2021-11-13T11:24:05.204;536843949712588828;-379;909;-124
2021-11-13T11:24:05.224;536843949732283124;-377;908;-120
2021-11-13T11:24:05.243;536843949751977420;-373;915;-119
2021-11-13T11:24:05.263;536843949771671716;-375;912;-123
2021-11-13T11:24:05.283;536843949791366012;-381;907;-130
2021-11-13T11:24:05.303;536843949811060308;-377;909;-130
2021-11-13T11:24:05.322;536843949830754604;-381;904;-137
2021-11-13T11:24:05.342;536843949850448900;-379;905;-140
2021-11-13T11:24:05.362;536843949870143196;-379;905;-141
2021-11-13T11:24:05.381;536843949889837492;-379;902;-140
2021-11-13T11:24:05.401;536843949909531788;-374;907;-137
2021-11-13T11:24:05.421;536843949929226084;-372;912;-133
2021-11-13T11:24:05.440;536843949948920380;-374;911;-131
2021-11-13T11:24:05.460;536843949968614676;-374;909;-126
2021-11-13T11:24:05.480;536843949988308972;-381;907;-128
2021-11-13T11:24:05.499;536843950008003268;-381;906;-125
2021-11-13T11:24:05.519;536843950027697564;-381;909;-131
2021-11-13T11:24:05.539;536843950047391860;-380;910;-129
2021-11-13T11:24:05.559;536843950067086156;-380;904;-142
2021-11-13T11:24:05.578;536843950086780452;-385;903;-147
2021-11-13T11:24:05.598;536843950106474748;-384;901;-147
2021-11-13T11:24:05.618;536843950126169044;-381;905;-145
2021-11-13T11:24:05.637;536843950145863340;-378;902;-145
2021-11-13T11:24:05.657;536843950165557636;-379;906;-143
2021-11-13T11:24:05.677;536843950185251932;-380;902;-142
2021-11-13T11:24:05.696;536843950204946228;-379;906;-133
2021-11-13T11:24:05.716;536843950224640524;-380;906;-135
2021-11-13T11:24:05.736;536843950244334820;-374;912;-126
2021-11-13T11:24:05.755;536843950264029116;-375;908;-133
2021-11-13T11:24:05.775;536843950283723412;-378;904;-140
2021-11-13T11:24:05.795;536843950303417708;-381;902;-148
2021-11-13T11:24:05.815;536843950323112004;-381;906;-150
2021-11-13T11:24:05.834;536843950342806300;-382;902;-152
2021-11-13T11:24:05.854;536843950362500596;-382;896;-156
2021-11-13T11:24:05.874;536843950382194892;-380;907;-152
2021-11-13T11:24:05.893;536843950401885555;-382;902;-152
2021-11-13T11:24:05.913;536843950421576210;-382;900;-147
2021-11-13T11:24:05.933;536843950441266865;-381;904;-142
2021-11-13T11:24:05.952;536843950460957520;-380;902;-139
2021-11-13T11:24:05.972;536843950480648175;-380;901;-136
2021-11-13T11:24:05.992;536843950500338830;-380;906;-134
2021-11-13T11:24:06.011;536843950520029485;-379;911;-133
2021-11-13T11:24:06.031;536843950539720140;-377;907;-135
2021-11-13T11:24:06.051;536843950559410795;-379;904;-140
2021-11-13T11:24:06.071;536843950579101450;-380;905;-145
2021-11-13T11:24:06.090;536843950598792105;-379;904;-147
2021-11-13T11:24:06.110;536843950618482760;-378;902;-150
2021-11-13T11:24:06.130;536843950638173415;-379;902;-145
2021-11-13T11:24:06.149;536843950657864070;-380;905;-142
2021-11-13T11:24:06.169;536843950677554725;-379;905;-141
2021-11-13T11:24:06.189;536843950697245380;-384;909;-143
2021-11-13T11:24:06.208;536843950716936035;-381;901;-140
2021-11-13T11:24:06.228;536843950736626690;-376;903;-143
2021-11-13T11:24:06.248;536843950756317345;-381;901;-146
2021-11-13T11:24:06.267;536843950776008000;-382;906;-146
2021-11-13T11:24:06.287;536843950795698655;-383;898;-144
2021-11-13T11:24:06.307;536843950815389310;-386;894;-147
2021-11-13T11:24:06.327;536843950835079965;-382;911;-135
2021-11-13T11:24:06.346;536843950854770620;-380;903;-135
2021-11-13T11:24:06.366;536843950874461275;-382;909;-139
2021-11-13T11:24:06.386;536843950894151930;-380;910;-138
2021-11-13T11:24:06.405;536843950913842585;-380;905;-135
2021-11-13T11:24:06.425;536843950933533240;-379;902;-136
2021-11-13T11:24:06.445;536843950953223895;-376;905;-134
2021-11-13T11:24:06.464;536843950972914550;-377;911;-136
2021-11-13T11:24:06.484;536843950992605205;-375;907;-133
2021-11-13T11:24:06.504;536843951012295860;-373;904;-131
2021-11-13T11:24:06.523;536843951031986515;-381;915;-134
2021-11-13T11:24:06.543;536843951051677170;-379;903;-135
2021-11-13T11:24:06.563;536843951071367825;-377;901;-131
2021-11-13T11:24:06.582;536843951091058480;-381;912;-135
