Phone timestamp;sensor timestamp [ns];X [mg];Y [mg];Z [mg]
2021-11-13T11:20:29.014;536843733507162857;-176;967;-130
2021-11-13T11:20:29.033;536843733526852056;-189;968;-130
2021-11-13T11:20:29.053;536843733546541255;-189;963;-129
2021-11-13T11:20:29.073;536843733566230454;-176;968;-135
2021-11-13T11:20:29.092;536843733585919653;-146;971;-128
2021-11-13T11:20:29.112;536843733605608852;-161;974;-123
2021-11-13T11:20:29.132;536843733625298051;-173;969;-123
2021-11-13T11:20:29.151;536843733644987250;-171;973;-124
2021-11-13T11:20:29.171;536843733664676449;-177;970;-127
2021-11-13T11:20:29.191;536843733684365648;-191;966;-139
2021-11-13T11:20:29.210;536843733704054847;-194;963;-148
2021-11-13T11:20:29.230;536843733723744046;-187;961;-168
2021-11-13T11:20:29.250;536843733743433245;-189;964;-179
2021-11-13T11:20:29.269;536843733763122444;-188;963;-166
2021-11-13T11:20:29.289;536843733782811643;-193;958;-169
2021-11-13T11:20:29.309;536843733802500842;-195;959;-174
2021-11-13T11:20:29.329;536843733822190041;-198;960;-163
2021-11-13T11:20:29.348;536843733841879240;-196;962;-159
2021-11-13T11:20:29.368;536843733861568439;-196;961;-161
2021-11-13T11:20:29.388;536843733881257638;-194;957;-162
2021-11-13T11:20:29.407;536843733900946837;-197;956;-167
2021-11-13T11:20:29.427;536843733920636036;-194;959;-161
2021-11-13T11:20:29.447;536843733940325235;-195;962;-167
2021-11-13T11:20:29.466;536843733960014434;-197;957;-169
2021-11-13T11:20:29.486;536843733979703633;-193;957;-176
2021-11-13T11:20:29.506;536843733999392832;-195;958;-177
2021-11-13T11:20:29.525;536843734019082031;-196;957;-170
2021-11-13T11:20:29.545;536843734038771230;-194;961;-166
2021-11-13T11:20:29.565;536843734058460429;-195;958;-162
2021-11-13T11:20:29.584;536843734078149628;-198;960;-162
2021-11-13T11:20:29.604;536843734097838827;-201;957;-157
2021-11-13T11:20:29.624;536843734117528026;-197;964;-162
2021-11-13T11:20:29.644;536843734137217225;-204;959;-168
2021-11-13T11:20:29.663;536843734156906424;-198;954;-175
2021-11-13T11:20:29.683;536843734176595623;-183;957;-163
2021-11-13T11:20:29.703;536843734196284822;-190;966;-165
2021-11-13T11:20:29.722;536843734215974021;-197;958;-171
2021-11-13T11:20:29.742;536843734235663220;-186;957;-166
2021-11-13T11:20:29.762;536843734255352419;-182;964;-160
2021-11-13T11:20:29.781;536843734275041618;-196;960;-161
2021-11-13T11:20:29.801;536843734294730817;-188;957;-147
2021-11-13T11:20:29.821;536843734314420016;-189;966;-154
2021-11-13T11:20:29.840;536843734334109215;-194;961;-157
2021-11-13T11:20:29.860;536843734353798414;-200;958;-145
2021-11-13T11:20:29.880;536843734373487613;-207;960;-151
2021-11-13T11:20:29.900;536843734393176812;-205;956;-167
2021-11-13T11:20:29.919;536843734412866011;-200;956;-162
2021-11-13T11:20:29.939;536843734432555210;-206;958;-155
2021-11-13T11:20:29.959;536843734452244409;-209;959;-164
2021-11-13T11:20:29.978;536843734471933608;-185;965;-167
2021-11-13T11:20:29.998;536843734491622807;-144;962;-149
2021-11-13T11:20:30.018;536843734511312006;-159;973;-157
2021-11-13T11:20:30.037;536843734531001205;-190;967;-155
2021-11-13T11:20:30.057;536843734550690404;-191;956;-157
2021-11-13T11:20:30.077;536843734570379603;-182;963;-160
2021-11-13T11:20:30.096;536843734590068802;-168;966;-151
2021-11-13T11:20:30.116;536843734609758001;-172;968;-146
2021-11-13T11:20:30.136;536843734629447200;-199;960;-162
2021-11-13T11:20:30.155;536843734649136399;-201;954;-161
2021-11-13T11:20:30.175;536843734668825598;-185;964;-157
2021-11-13T11:20:30.195;536843734688514797;-186;965;-160
2021-11-13T11:20:30.215;536843734708203996;-203;957;-166
2021-11-13T11:20:30.234;536843734727893195;-216;954;-180
2021-11-13T11:20:30.254;536843734747582394;-211;956;-177
2021-11-13T11:20:30.274;536843734767271593;-193;964;-164
2021-11-13T11:20:30.293;536843734786960792;-180;964;-154
2021-11-13T11:20:30.313;536843734806649991;-184;959;-156
2021-11-13T11:20:30.333;536843734826339190;-188;958;-160
2021-11-13T11:20:30.352;536843734846028389;-202;961;-155
2021-11-13T11:20:30.372;536843734865717588;-202;953;-145
2021-11-13T11:20:30.392;536843734885406787;-196;958;-138
2021-11-13T11:20:30.411;536843734905095986;-187;972;-137
2021-11-13T11:20:30.431;536843734924782278;-159;970;-128
2021-11-13T11:20:30.451;536843734944468564;-158;975;-130
2021-11-13T11:20:30.470;536843734964154850;-162;970;-137
2021-11-13T11:20:30.490;536843734983841136;-176;965;-145
2021-11-13T11:20:30.510;536843735003527422;-189;968;-153
2021-11-13T11:20:30.530;536843735023213708;-192;961;-159
2021-11-13T11:20:30.549;536843735042899994;-183;964;-161
2021-11-13T11:20:30.569;536843735062586280;-156;967;-156
2021-11-13T11:20:30.589;536843735082272566;-153;972;-161
2021-11-13T11:20:30.608;536843735101958852;-172;968;-167
2021-11-13T11:20:30.628;536843735121645138;-191;960;-174
2021-11-13T11:20:30.648;536843735141331424;-204;954;-182
2021-11-13T11:20:30.667;536843735161017710;-198;957;-185
2021-11-13T11:20:30.687;536843735180703996;-199;957;-186
2021-11-13T11:20:30.707;536843735200390282;-200;958;-177
2021-11-13T11:20:30.726;536843735220076568;-207;950;-178
2021-11-13T11:20:30.746;536843735239762854;-206;961;-181
2021-11-13T11:20:30.766;536843735259449140;-195;955;-166
2021-11-13T11:20:30.785;536843735279135426;-194;957;-170
2021-11-13T11:20:30.805;536843735298821712;-199;960;-168
2021-11-13T11:20:30.825;536843735318507998;-200;957;-160
2021-11-13T11:20:30.845;536843735338194284;-194;964;-162
2021-11-13T11:20:30.864;536843735357880570;-181;957;-156
2021-11-13T11:20:30.884;536843735377566856;-183;968;-149
2021-11-13T11:20:30.904;536843735397253142;-184;964;-145
2021-11-13T11:20:30.923;536843735416939428;-185;963;-141
2021-11-13T11:20:30.943;536843735436625714;-190;965;-143
2021-11-13T11:20:30.963;536843735456312000;-178;968;-147
2021-11-13T11:20:30.982;536843735475998286;-170;968;-156
2021-11-13T11:20:31.002;536843735495684572;-181;966;-159
2021-11-13T11:20:31.022;536843735515370858;-188;963;-166
2021-11-13T11:20:31.041;536843735535057144;-186;962;-176
2021-11-13T11:20:31.061;536843735554743430;-192;959;-180
2021-11-13T11:20:31.081;536843735574429716;-189;956;-172
2021-11-13T11:20:31.100;536843735594116002;-189;961;-170
2021-11-13T11:20:31.120;536843735613802288;-190;962;-165
2021-11-13T11:20:31.140;536843735633492955;-187;964;-163
2021-11-13T11:20:31.160;536843735653183610;-193;954;-167
2021-11-13T11:20:31.179;536843735672874265;-193;959;-177
2021-11-13T11:20:31.199;536843735692564920;-197;957;-178
2021-11-13T11:20:31.219;536843735712255575;-198;956;-173
2021-11-13T11:20:31.238;536843735731946230;-200;957;-164
2021-11-13T11:20:31.258;536843735751636885;-204;957;-162
2021-11-13T11:20:31.278;536843735771327540;-205;960;-156
2021-11-13T11:20:31.297;536843735791018195;-202;959;-150
2021-11-13T11:20:31.317;536843735810708850;-197;960;-157
2021-11-13T11:20:31.337;536843735830399505;-194;961;-155
2021-11-13T11:20:31.356;536843735850090160;-192;959;-152
2021-11-13T11:20:31.376;536843735869780815;-189;961;-152
2021-11-13T11:20:31.396;536843735889471470;-176;970;-144
2021-11-13T11:20:31.415;536843735909162125;-180;966;-143
2021-11-13T11:20:31.435;536843735928852780;-181;963;-147
2021-11-13T11:20:31.455;536843735948543435;-178;968;-146
2021-11-13T11:20:31.475;536843735968234090;-172;965;-141
2021-11-13T11:20:31.494;536843735987924745;-178;966;-151
2021-11-13T11:20:31.514;536843736007615400;-189;963;-161
2021-11-13T11:20:31.534;536843736027306055;-192;958;-166
2021-11-13T11:20:31.553;536843736046996710;-199;958;-174
2021-11-13T11:20:31.573;536843736066687365;-202;962;-180
2021-11-13T11:20:31.593;536843736086378020;-200;954;-178
2021-11-13T11:20:31.612;536843736106068675;-194;959;-174
2021-11-13T11:20:31.632;536843736125759330;-192;964;-170
2021-11-13T11:20:31.652;536843736145449985;-196;963;-173
2021-11-13T11:20:31.671;536843736165140640;-195;958;-175
2021-11-13T11:20:31.691;536843736184831295;-190;956;-167
2021-11-13T11:20:31.711;536843736204521950;-188;960;-164
2021-11-13T11:20:31.731;536843736224212605;-185;959;-154
2021-11-13T11:20:31.750;536843736243903260;-184;964;-149
2021-11-13T11:20:31.770;536843736263593915;-193;963;-150
2021-11-13T11:20:31.790;536843736283284570;-199;961;-153
2021-11-13T11:20:31.809;536843736302975225;-202;960;-158
2021-11-13T11:20:31.829;536843736322665880;-191;959;-157
2021-11-13T11:20:31.849;536843736342360178;-190;962;-159
2021-11-13T11:20:31.868;536843736362054474;-191;962;-161
2021-11-13T11:20:31.888;536843736381748770;-187;958;-157
2021-11-13T11:20:31.908;536843736401443066;-188;961;-159
2021-11-13T11:20:31.927;536843736421137362;-192;964;-161
2021-11-13T11:20:31.947;536843736440831658;-186;963;-157
2021-11-13T11:20:31.967;536843736460525954;-182;967;-156
2021-11-13T11:20:31.987;536843736480220250;-191;958;-155
2021-11-13T11:20:32.006;536843736499914546;-187;963;-141
2021-11-13T11:20:32.026;536843736519608842;-191;963;-144
2021-11-13T11:20:32.046;536843736539303138;-190;966;-143
2021-11-13T11:20:32.065;536843736558997434;-192;961;-141
2021-11-13T11:20:32.085;536843736578691730;-189;961;-137
2021-11-13T11:20:32.105;536843736598386026;-186;964;-138
2021-11-13T11:20:32.124;536843736618080322;-188;963;-139
2021-11-13T11:20:32.144;536843736637774618;-190;966;-139
2021-11-13T11:20:32.164;536843736657468914;-187;964;-152
2021-11-13T11:20:32.184;536843736677163210;-197;959;-165
2021-11-13T11:20:32.203;536843736696857506;-198;958;-177
2021-11-13T11:20:32.223;536843736716551802;-191;958;-178
2021-11-13T11:20:32.243;536843736736246098;-197;956;-172
2021-11-13T11:20:32.262;536843736755940394;-201;959;-157
2021-11-13T11:20:32.282;536843736775634690;-196;960;-141
2021-11-13T11:20:32.302;536843736795328986;-189;970;-137
2021-11-13T11:20:32.321;536843736815023282;-188;967;-138
2021-11-13T11:20:32.341;536843736834717578;-189;963;-142
2021-11-13T11:20:32.361;536843736854411874;-180;964;-144
2021-11-13T11:20:32.380;536843736874106170;-182;963;-148
2021-11-13T11:20:32.400;536843736893800466;-183;963;-146
2021-11-13T11:20:32.420;536843736913494762;-189;963;-149
2021-11-13T11:20:32.440;536843736933189058;-196;958;-162
2021-11-13T11:20:32.459;536843736952883354;-195;958;-159
2021-11-13T11:20:32.479;536843736972577650;-190;960;-154
2021-11-13T11:20:32.499;536843736992271946;-196;958;-160
2021-11-13T11:20:32.518;536843737011966242;-196;963;-153
2021-11-13T11:20:32.538;536843737031660538;-196;957;-154
2021-11-13T11:20:32.558;536843737051349737;-192;963;-152
2021-11-13T11:20:32.577;536843737071038936;-194;960;-159
2021-11-13T11:20:32.597;536843737090728135;-199;960;-157
2021-11-13T11:20:32.617;536843737110417334;-201;963;-160
2021-11-13T11:20:32.636;536843737130106533;-194;960;-162
2021-11-13T11:20:32.656;536843737149795732;-192;959;-163
2021-11-13T11:20:32.676;536843737169484931;-191;961;-169
2021-11-13T11:20:32.696;536843737189174130;-193;958;-173
2021-11-13T11:20:32.715;536843737208863329;-193;960;-166
2021-11-13T11:20:32.735;536843737228552528;-194;962;-160
2021-11-13T11:20:32.755;536843737248241727;-199;961;-160
2021-11-13T11:20:32.774;536843737267930926;-202;962;-156
2021-11-13T11:20:32.794;536843737287620125;-191;959;-156
2021-11-13T11:20:32.814;536843737307309324;-187;962;-153
2021-11-13T11:20:32.833;536843737326998523;-198;961;-146
2021-11-13T11:20:32.853;536843737346687722;-200;959;-136
2021-11-13T11:20:32.873;536843737366376921;-194;966;-140
2021-11-13T11:20:32.892;536843737386066120;-185;965;-141
2021-11-13T11:20:32.912;536843737405755319;-192;960;-159
2021-11-13T11:20:32.932;536843737425444518;-183;958;-158
2021-11-13T11:20:32.951;536843737445133717;-175;970;-157
2021-11-13T11:20:32.971;536843737464822916;-186;967;-165
2021-11-13T11:20:32.991;536843737484512115;-198;958;-167
2021-11-13T11:20:33.011;536843737504201314;-193;954;-164
2021-11-13T11:20:33.030;536843737523890513;-199;958;-173
2021-11-13T11:20:33.050;536843737543579712;-207;962;-171
2021-11-13T11:20:33.070;536843737563268911;-197;962;-160
2021-11-13T11:20:33.089;536843737582958110;-180;955;-150
2021-11-13T11:20:33.109;536843737602647309;-176;965;-143
2021-11-13T11:20:33.129;536843737622336508;-192;968;-154
2021-11-13T11:20:33.148;536843737642025707;-200;962;-148
2021-11-13T11:20:33.168;536843737661714906;-205;956;-158
2021-11-13T11:20:33.188;536843737681404105;-187;961;-156
2021-11-13T11:20:33.207;536843737701093304;-163;969;-157
2021-11-13T11:20:33.227;536843737720782503;-167;970;-164
2021-11-13T11:20:33.247;536843737740471702;-183;963;-159
2021-11-13T11:20:33.266;536843737760157264;-184;956;-160
2021-11-13T11:20:33.286;536843737779842822;-182;963;-161
2021-11-13T11:20:33.306;536843737799528380;-175;969;-158
2021-11-13T11:20:33.326;536843737819213938;-182;965;-155
2021-11-13T11:20:33.345;536843737838899496;-197;960;-171
2021-11-13T11:20:33.365;536843737858585054;-190;956;-160
2021-11-13T11:20:33.385;536843737878270612;-194;959;-159
2021-11-13T11:20:33.404;536843737897956170;-196;963;-173
2021-11-13T11:20:33.424;536843737917641728;-193;962;-173
2021-11-13T11:20:33.444;536843737937327286;-198;952;-179
2021-11-13T11:20:33.463;536843737957012844;-198;958;-186
2021-11-13T11:20:33.483;536843737976698402;-196;957;-183
2021-11-13T11:20:33.503;536843737996383960;-188;960;-175
2021-11-13T11:20:33.522;536843738016069518;-188;959;-175
2021-11-13T11:20:33.542;536843738035755076;-192;963;-169
2021-11-13T11:20:33.562;536843738055440634;-185;960;-152
2021-11-13T11:20:33.581;536843738075126192;-190;968;-161
2021-11-13T11:20:33.601;536843738094811750;-182;962;-150
2021-11-13T11:20:33.621;536843738114497308;-182;963;-156
2021-11-13T11:20:33.641;536843738134182866;-181;967;-150
2021-11-13T11:20:33.660;536843738153868424;-181;964;-147
2021-11-13T11:20:33.680;536843738173553982;-175;967;-151
2021-11-13T11:20:33.700;536843738193239540;-173;967;-151
2021-11-13T11:20:33.719;536843738212925098;-187;960;-162
2021-11-13T11:20:33.739;536843738232610656;-183;963;-162
2021-11-13T11:20:33.759;536843738252296214;-178;966;-154
2021-11-13T11:20:33.778;536843738271981772;-182;966;-155
2021-11-13T11:20:33.798;536843738291667330;-189;962;-152
2021-11-13T11:20:33.818;536843738311352888;-183;960;-159
2021-11-13T11:20:33.837;536843738331038446;-179;963;-170
2021-11-13T11:20:33.857;536843738350724004;-186;963;-166
2021-11-13T11:20:33.877;536843738370409562;-191;958;-171
2021-11-13T11:20:33.896;536843738390095120;-189;959;-176
2021-11-13T11:20:33.916;536843738409780678;-186;960;-177
2021-11-13T11:20:33.936;536843738429466236;-196;959;-173
2021-11-13T11:20:33.955;536843738449151794;-200;955;-170
2021-11-13T11:20:33.975;536843738468845395;-191;957;-161
2021-11-13T11:20:33.995;536843738488538962;-188;965;-153
2021-11-13T11:20:34.015;536843738508232529;-193;964;-156
2021-11-13T11:20:34.034;536843738527926096;-188;961;-158
2021-11-13T11:20:34.054;536843738547619663;-187;959;-159
2021-11-13T11:20:34.074;536843738567313230;-188;963;-162
2021-11-13T11:20:34.093;536843738587006797;-182;966;-158
2021-11-13T11:20:34.113;536843738606700364;-180;963;-164
2021-11-13T11:20:34.133;536843738626393931;-173;967;-166
2021-11-13T11:20:34.152;536843738646087498;-175;965;-166
2021-11-13T11:20:34.172;536843738665781065;-183;964;-164
2021-11-13T11:20:34.192;536843738685474632;-169;965;-160
2021-11-13T11:20:34.212;536843738705168199;-167;967;-161
2021-11-13T11:20:34.231;536843738724861766;-176;966;-157
2021-11-13T11:20:34.251;536843738744555333;-183;961;-164
2021-11-13T11:20:34.271;536843738764248900;-182;963;-165
2021-11-13T11:20:34.290;536843738783942467;-183;962;-167
2021-11-13T11:20:34.310;536843738803636034;-181;966;-163
2021-11-13T11:20:34.330;536843738823329601;-180;965;-168
2021-11-13T11:20:34.349;536843738843023168;-188;960;-170
2021-11-13T11:20:34.369;536843738862716735;-191;958;-170
2021-11-13T11:20:34.389;536843738882410302;-194;959;-171
2021-11-13T11:20:34.408;536843738902103869;-196;963;-179
2021-11-13T11:20:34.428;536843738921797436;-197;952;-182
2021-11-13T11:20:34.448;536843738941491003;-200;954;-183
2021-11-13T11:20:34.468;536843738961184570;-207;953;-174
2021-11-13T11:20:34.487;536843738980878137;-204;959;-168
2021-11-13T11:20:34.507;536843739000571704;-198;955;-161
2021-11-13T11:20:34.527;536843739020265271;-194;963;-165
2021-11-13T11:20:34.546;536843739039958838;-191;959;-164
2021-11-13T11:20:34.566;536843739059652405;-190;959;-160
2021-11-13T11:20:34.586;536843739079345972;-192;960;-155
2021-11-13T11:20:34.605;536843739099039539;-188;962;-151
2021-11-13T11:20:34.625;536843739118733106;-183;964;-152
2021-11-13T11:20:34.645;536843739138426673;-188;958;-150
2021-11-13T11:20:34.664;536843739158120240;-188;960;-150
2021-11-13T11:20:34.684;536843739177814544;-188;964;-158
2021-11-13T11:20:34.704;536843739197508840;-182;962;-154
2021-11-13T11:20:34.724;536843739217203136;-191;962;-161
2021-11-13T11:20:34.743;536843739236897432;-200;956;-163
2021-11-13T11:20:34.763;536843739256591728;-197;959;-161
2021-11-13T11:20:34.783;536843739276286024;-190;962;-162
2021-11-13T11:20:34.802;536843739295980320;-189;963;-161
2021-11-13T11:20:34.822;536843739315674616;-195;958;-161
2021-11-13T11:20:34.842;536843739335368912;-193;959;-163
2021-11-13T11:20:34.861;536843739355063208;-185;963;-163
2021-11-13T11:20:34.881;536843739374757504;-189;959;-167
2021-11-13T11:20:34.901;536843739394451800;-185;962;-166
2021-11-13T11:20:34.920;536843739414146096;-183;961;-169
2021-11-13T11:20:34.940;536843739433840392;-187;960;-170
2021-11-13T11:20:34.960;536843739453534688;-192;963;-172
2021-11-13T11:20:34.980;536843739473228984;-187;957;-162
2021-11-13T11:20:34.999;536843739492923280;-191;961;-168
2021-11-13T11:20:35.019;536843739512617576;-189;961;-161
2021-11-13T11:20:35.039;536843739532311872;-183;963;-158
2021-11-13T11:20:35.058;536843739552006168;-178;966;-164
2021-11-13T11:20:35.078;536843739571700464;-185;963;-167
2021-11-13T11:20:35.098;536843739591394760;-190;963;-173
2021-11-13T11:20:35.117;536843739611089056;-194;952;-182
2021-11-13T11:20:35.137;536843739630783352;-191;959;-181
2021-11-13T11:20:35.157;536843739650477648;-196;957;-186
2021-11-13T11:20:35.177;536843739670171944;-195;958;-178
2021-11-13T11:20:35.196;536843739689866240;-196;958;-168
2021-11-13T11:20:35.216;536843739709560536;-198;963;-165
2021-11-13T11:20:35.236;536843739729254832;-186;963;-162
2021-11-13T11:20:35.255;536843739748949128;-184;966;-167
2021-11-13T11:20:35.275;536843739768643424;-191;956;-155
2021-11-13T11:20:35.295;536843739788337720;-195;955;-148
2021-11-13T11:20:35.314;536843739808032016;-182;966;-137
2021-11-13T11:20:35.334;536843739827726312;-178;971;-136
2021-11-13T11:20:35.354;536843739847420608;-184;963;-133
2021-11-13T11:20:35.373;536843739867114904;-189;961;-138
2021-11-13T11:20:35.393;536843739886805565;-195;958;-150
2021-11-13T11:20:35.413;536843739906496220;-174;965;-137
2021-11-13T11:20:35.433;536843739926186875;-149;970;-130
2021-11-13T11:20:35.452;536843739945877530;-149;968;-124
2021-11-13T11:20:35.472;536843739965568185;-182;974;-139
2021-11-13T11:20:35.492;536843739985258840;-192;964;-142
2021-11-13T11:20:35.511;536843740004949495;-185;964;-154
2021-11-13T11:20:35.531;536843740024640150;-195;956;-170
2021-11-13T11:20:35.551;536843740044330805;-189;954;-163
2021-11-13T11:20:35.570;536843740064021460;-199;966;-164
2021-11-13T11:20:35.590;536843740083712115;-202;960;-172
2021-11-13T11:20:35.610;536843740103402770;-203;958;-185
2021-11-13T11:20:35.629;536843740123093425;-198;952;-188
2021-11-13T11:20:35.649;536843740142784080;-200;951;-196
2021-11-13T11:20:35.669;536843740162474735;-199;958;-185
2021-11-13T11:20:35.689;536843740182165390;-193;959;-183
2021-11-13T11:20:35.708;536843740201856045;-185;960;-180
2021-11-13T11:20:35.728;536843740221546700;-185;955;-184
2021-11-13T11:20:35.748;536843740241237355;-188;956;-189
2021-11-13T11:20:35.767;536843740260928010;-192;958;-186
2021-11-13T11:20:35.787;536843740280618665;-194;955;-174
2021-11-13T11:20:35.807;536843740300309320;-194;958;-168
2021-11-13T11:20:35.826;536843740319999975;-196;954;-167
2021-11-13T11:20:35.846;536843740339690630;-198;956;-174
2021-11-13T11:20:35.866;536843740359381285;-206;959;-182
2021-11-13T11:20:35.885;536843740379071940;-199;952;-173
2021-11-13T11:20:35.905;536843740398762595;-200;958;-173
2021-11-13T11:20:35.925;536843740418453250;-195;959;-168
2021-11-13T11:20:35.944;536843740438143905;-185;958;-175
2021-11-13T11:20:35.964;536843740457834560;-170;965;-171
2021-11-13T11:20:35.984;536843740477525215;-186;962;-174
2021-11-13T11:20:36.004;536843740497215870;-202;956;-180
2021-11-13T11:20:36.023;536843740516906525;-195;956;-175
2021-11-13T11:20:36.043;536843740536597180;-182;962;-165
2021-11-13T11:20:36.063;536843740556287835;-190;961;-169
2021-11-13T11:20:36.082;536843740575978490;-186;958;-167
2021-11-13T11:20:36.102;536843740595672796;-186;959;-175
2021-11-13T11:20:36.122;536843740615367092;-205;951;-183
2021-11-13T11:20:36.141;536843740635061388;-204;955;-175
2021-11-13T11:20:36.161;536843740654755684;-192;961;-165
2021-11-13T11:20:36.181;536843740674449980;-198;957;-157
2021-11-13T11:20:36.200;536843740694144276;-180;964;-152
2021-11-13T11:20:36.220;536843740713838572;-193;960;-155
2021-11-13T11:20:36.240;536843740733532868;-199;963;-150
2021-11-13T11:20:36.260;536843740753227164;-205;960;-152
2021-11-13T11:20:36.279;536843740772921460;-196;958;-156
2021-11-13T11:20:36.299;536843740792615756;-181;961;-153
2021-11-13T11:20:36.319;536843740812310052;-187;959;-162
2021-11-13T11:20:36.338;536843740832004348;-199;960;-170
2021-11-13T11:20:36.358;536843740851698644;-211;956;-186
2021-11-13T11:20:36.378;536843740871392940;-203;956;-186
2021-11-13T11:20:36.397;536843740891087236;-183;955;-174
2021-11-13T11:20:36.417;536843740910781532;-193;963;-173
2021-11-13T11:20:36.437;536843740930475828;-208;954;-176
2021-11-13T11:20:36.457;536843740950170124;-204;957;-178
2021-11-13T11:20:36.476;536843740969864420;-186;957;-163
2021-11-13T11:20:36.496;536843740989558716;-188;962;-158
2021-11-13T11:20:36.516;536843741009253012;-190;965;-154
2021-11-13T11:20:36.535;536843741028947308;-191;961;-160
2021-11-13T11:20:36.555;536843741048641604;-195;958;-164
2021-11-13T11:20:36.575;536843741068335900;-195;960;-168
2021-11-13T11:20:36.594;536843741088030196;-175;960;-160
2021-11-13T11:20:36.614;536843741107724492;-175;962;-156
2021-11-13T11:20:36.634;536843741127418788;-192;963;-165
2021-11-13T11:20:36.653;536843741147113084;-196;964;-161
2021-11-13T11:20:36.673;536843741166807380;-194;956;-157
2021-11-13T11:20:36.693;536843741186501676;-189;959;-162
2021-11-13T11:20:36.713;536843741206195972;-183;966;-166
2021-11-13T11:20:36.732;536843741225890268;-189;963;-170
2021-11-13T11:20:36.752;536843741245584564;-192;952;-176
2021-11-13T11:20:36.772;536843741265278860;-209;957;-181
2021-11-13T11:20:36.791;536843741284973156;-222;955;-190
2021-11-13T11:20:36.811;536843741304660920;-213;950;-190
2021-11-13T11:20:36.831;536843741324348662;-204;958;-179
2021-11-13T11:20:36.850;536843741344036404;-198;956;-172
2021-11-13T11:20:36.870;536843741363724146;-196;961;-168
2021-11-13T11:20:36.890;536843741383411888;-188;961;-163
2021-11-13T11:20:36.909;536843741403099630;-173;964;-158
2021-11-13T11:20:36.929;536843741422787372;-177;963;-161
2021-11-13T11:20:36.949;536843741442475114;-190;960;-158
2021-11-13T11:20:36.968;536843741462162856;-193;959;-156
2021-11-13T11:20:36.988;536843741481850598;-197;962;-161
2021-11-13T11:20:37.008;536843741501538340;-198;958;-163
2021-11-13T11:20:37.028;536843741521226082;-198;957;-171
2021-11-13T11:20:37.047;536843741540913824;-204;958;-182
2021-11-13T11:20:37.067;536843741560601566;-207;953;-183
2021-11-13T11:20:37.087;536843741580289308;-203;957;-185
2021-11-13T11:20:37.106;536843741599977050;-194;954;-178
2021-11-13T11:20:37.126;536843741619664792;-193;958;-177
2021-11-13T11:20:37.146;536843741639352534;-192;957;-176
2021-11-13T11:20:37.165;536843741659040276;-191;961;-173
2021-11-13T11:20:37.185;536843741678728018;-184;959;-174
2021-11-13T11:20:37.205;536843741698415760;-189;961;-164
2021-11-13T11:20:37.224;536843741718103502;-188;957;-167
2021-11-13T11:20:37.244;536843741737791244;-189;963;-163
2021-11-13T11:20:37.264;536843741757478986;-198;959;-172
2021-11-13T11:20:37.284;536843741777166728;-193;956;-172
2021-11-13T11:20:37.303;536843741796854470;-190;961;-170
2021-11-13T11:20:37.323;536843741816542212;-183;961;-171
2021-11-13T11:20:37.343;536843741836229954;-187;962;-172
2021-11-13T11:20:37.362;536843741855917696;-193;956;-171
2021-11-13T11:20:37.382;536843741875605438;-193;959;-171
2021-11-13T11:20:37.402;536843741895293180;-191;958;-170
2021-11-13T11:20:37.421;536843741914980922;-194;957;-171
2021-11-13T11:20:37.441;536843741934668664;-197;958;-164
2021-11-13T11:20:37.461;536843741954356406;-194;964;-165
2021-11-13T11:20:37.480;536843741974044148;-194;961;-163
2021-11-13T11:20:37.500;536843741993731890;-194;959;-167
2021-11-13T11:20:37.520;536843742013432765;-197;958;-176
2021-11-13T11:20:37.539;536843742033133614;-192;958;-172
2021-11-13T11:20:37.559;536843742052834463;-193;957;-174
2021-11-13T11:20:37.579;536843742072535312;-188;960;-168
2021-11-13T11:20:37.599;536843742092236161;-183;963;-165
2021-11-13T11:20:37.618;536843742111937010;-192;963;-161
2021-11-13T11:20:37.638;536843742131637859;-191;960;-154
2021-11-13T11:20:37.658;536843742151338708;-192;960;-154
2021-11-13T11:20:37.677;536843742171039557;-192;962;-156
2021-11-13T11:20:37.697;536843742190740406;-191;959;-158
2021-11-13T11:20:37.717;536843742210441255;-187;962;-171
2021-11-13T11:20:37.736;536843742230142104;-184;962;-167
2021-11-13T11:20:37.756;536843742249842953;-194;958;-173
2021-11-13T11:20:37.776;536843742269543802;-202;956;-170
2021-11-13T11:20:37.796;536843742289244651;-198;957;-166
2021-11-13T11:20:37.815;536843742308945500;-197;961;-162
2021-11-13T11:20:37.835;536843742328646349;-198;961;-169
2021-11-13T11:20:37.855;536843742348347198;-190;963;-175
2021-11-13T11:20:37.874;536843742368048047;-177;961;-174
2021-11-13T11:20:37.894;536843742387748896;-188;959;-174
2021-11-13T11:20:37.914;536843742407449745;-197;958;-170
2021-11-13T11:20:37.933;536843742427150594;-195;959;-166
2021-11-13T11:20:37.953;536843742446851443;-189;960;-167
2021-11-13T11:20:37.973;536843742466552292;-193;958;-168
2021-11-13T11:20:37.993;536843742486253141;-197;956;-171
2021-11-13T11:20:38.012;536843742505953990;-195;961;-180
2021-11-13T11:20:38.032;536843742525654839;-187;958;-184
2021-11-13T11:20:38.052;536843742545355688;-189;958;-179
2021-11-13T11:20:38.071;536843742565056537;-189;959;-165
2021-11-13T11:20:38.091;536843742584757386;-190;960;-154
2021-11-13T11:20:38.111;536843742604458235;-186;971;-149
2021-11-13T11:20:38.130;536843742624159084;-190;961;-158
2021-11-13T11:20:38.150;536843742643859933;-190;961;-172
2021-11-13T11:20:38.170;536843742663560782;-184;959;-167
2021-11-13T11:20:38.190;536843742683261631;-191;960;-170
2021-11-13T11:20:38.209;536843742702962480;-184;966;-163
2021-11-13T11:20:38.229;536843742722649510;-170;966;-161
2021-11-13T11:20:38.249;536843742742336524;-174;963;-163
2021-11-13T11:20:38.268;536843742762023538;-183;962;-161
2021-11-13T11:20:38.288;536843742781710552;-194;961;-159
2021-11-13T11:20:38.308;536843742801397566;-179;967;-152
2021-11-13T11:20:38.327;536843742821084580;-170;967;-163
2021-11-13T11:20:38.347;536843742840771594;-185;961;-162
2021-11-13T11:20:38.367;536843742860458608;-185;955;-159
2021-11-13T11:20:38.386;536843742880145622;-190;965;-161
2021-11-13T11:20:38.406;536843742899832636;-176;966;-144
2021-11-13T11:20:38.426;536843742919519650;-182;965;-137
2021-11-13T11:20:38.446;536843742939206664;-190;968;-146
2021-11-13T11:20:38.465;536843742958893678;-174;962;-145
2021-11-13T11:20:38.485;536843742978580692;-182;966;-157
2021-11-13T11:20:38.505;536843742998267706;-194;959;-155
2021-11-13T11:20:38.524;536843743017954720;-194;960;-163
2021-11-13T11:20:38.544;536843743037641734;-180;964;-169
2021-11-13T11:20:38.564;536843743057328748;-181;960;-179
2021-11-13T11:20:38.583;536843743077015762;-197;955;-183
2021-11-13T11:20:38.603;536843743096702776;-202;953;-180
2021-11-13T11:20:38.623;536843743116389790;-194;959;-168
2021-11-13T11:20:38.642;536843743136076804;-186;964;-165
2021-11-13T11:20:38.662;536843743155763818;-193;961;-167
2021-11-13T11:20:38.682;536843743175450832;-196;958;-175
2021-11-13T11:20:38.701;536843743195137846;-190;961;-186
2021-11-13T11:20:38.721;536843743214824860;-176;962;-186
2021-11-13T11:20:38.741;536843743234511874;-186;955;-189
2021-11-13T11:20:38.761;536843743254198888;-195;960;-189
2021-11-13T11:20:38.780;536843743273885902;-188;957;-194
2021-11-13T11:20:38.800;536843743293572916;-171;962;-194
2021-11-13T11:20:38.820;536843743313259930;-187;959;-186
2021-11-13T11:20:38.839;536843743332946944;-202;957;-177
2021-11-13T11:20:38.859;536843743352633958;-197;960;-179
2021-11-13T11:20:38.879;536843743372320972;-189;959;-175
2021-11-13T11:20:38.898;536843743392007986;-181;962;-165
2021-11-13T11:20:38.918;536843743411695000;-146;970;-150
2021-11-13T11:20:38.938;536843743431385663;-143;972;-146
2021-11-13T11:20:38.957;536843743451076318;-157;971;-143
2021-11-13T11:20:38.977;536843743470766973;-174;965;-146
2021-11-13T11:20:38.997;536843743490457628;-175;969;-158
2021-11-13T11:20:39.016;536843743510148283;-171;964;-158
2021-11-13T11:20:39.036;536843743529838938;-158;966;-149
2021-11-13T11:20:39.056;536843743549529593;-171;971;-157
2021-11-13T11:20:39.076;536843743569220248;-161;969;-160
2021-11-13T11:20:39.095;536843743588910903;-159;968;-168
2021-11-13T11:20:39.115;536843743608601558;-163;966;-166
2021-11-13T11:20:39.135;536843743628292213;-183;965;-185
2021-11-13T11:20:39.154;536843743647982868;-192;958;-189
2021-11-13T11:20:39.174;536843743667673523;-197;954;-199
2021-11-13T11:20:39.194;536843743687364178;-196;952;-195
2021-11-13T11:20:39.213;536843743707054833;-188;957;-186
2021-11-13T11:20:39.233;536843743726745488;-185;962;-180
2021-11-13T11:20:39.253;536843743746436143;-203;960;-191
2021-11-13T11:20:39.272;536843743766126798;-219;951;-189
2021-11-13T11:20:39.292;536843743785817453;-214;953;-179
2021-11-13T11:20:39.312;536843743805508108;-202;956;-169
2021-11-13T11:20:39.332;536843743825198763;-207;961;-184
2021-11-13T11:20:39.351;536843743844889418;-199;951;-190
2021-11-13T11:20:39.371;536843743864580073;-201;952;-170
2021-11-13T11:20:39.391;536843743884270728;-208;955;-168
2021-11-13T11:20:39.410;536843743903961383;-192;958;-162
2021-11-13T11:20:39.430;536843743923652038;-167;971;-154
2021-11-13T11:20:39.450;536843743943342693;-147;974;-141
2021-11-13T11:20:39.469;536843743963033348;-143;971;-134
2021-11-13T11:20:39.489;536843743982724003;-153;974;-148
2021-11-13T11:20:39.509;536843744002414658;-159;967;-170
2021-11-13T11:20:39.528;536843744022105313;-158;964;-179
2021-11-13T11:20:39.548;536843744041795968;-140;967;-172
2021-11-13T11:20:39.568;536843744061486623;-164;969;-182
2021-11-13T11:20:39.588;536843744081177278;-184;957;-186
2021-11-13T11:20:39.607;536843744100867933;-185;959;-177
2021-11-13T11:20:39.627;536843744120558588;-198;959;-175
2021-11-13T11:20:39.647;536843744140250725;-206;958;-177
2021-11-13T11:20:39.666;536843744159942836;-198;957;-176
2021-11-13T11:20:39.686;536843744179634947;-196;961;-168
2021-11-13T11:20:39.706;536843744199327058;-199;954;-171
2021-11-13T11:20:39.725;536843744219019169;-196;959;-170
2021-11-13T11:20:39.745;536843744238711280;-198;960;-182
2021-11-13T11:20:39.765;536843744258403391;-195;953;-185
2021-11-13T11:20:39.784;536843744278095502;-198;956;-182
2021-11-13T11:20:39.804;536843744297787613;-193;956;-181
2021-11-13T11:20:39.824;536843744317479724;-195;962;-182
2021-11-13T11:20:39.844;536843744337171835;-198;953;-178
2021-11-13T11:20:39.863;536843744356863946;-184;959;-169
2021-11-13T11:20:39.883;536843744376556057;-190;960;-178
2021-11-13T11:20:39.903;536843744396248168;-187;961;-172
2021-11-13T11:20:39.922;536843744415940279;-185;961;-167
2021-11-13T11:20:39.942;536843744435632390;-182;960;-165
2021-11-13T11:20:39.962;536843744455324501;-187;962;-168
2021-11-13T11:20:39.981;536843744475016612;-190;961;-162
2021-11-13T11:20:40.001;536843744494708723;-183;962;-156
2021-11-13T11:20:40.021;536843744514400834;-162;966;-156
2021-11-13T11:20:40.040;536843744534092945;-163;968;-161
2021-11-13T11:20:40.060;536843744553785056;-167;968;-158
2021-11-13T11:20:40.080;536843744573477167;-172;963;-164
2021-11-13T11:20:40.100;536843744593169278;-183;962;-178
2021-11-13T11:20:40.119;536843744612861389;-191;961;-186
2021-11-13T11:20:40.139;536843744632553500;-195;952;-193
2021-11-13T11:20:40.159;536843744652245611;-195;961;-191
2021-11-13T11:20:40.178;536843744671937722;-194;953;-197
2021-11-13T11:20:40.198;536843744691629833;-180;960;-189
2021-11-13T11:20:40.218;536843744711321944;-194;955;-194
2021-11-13T11:20:40.237;536843744731014055;-198;953;-191
2021-11-13T11:20:40.257;536843744750706166;-198;959;-190
2021-11-13T11:20:40.277;536843744770398277;-202;952;-191
2021-11-13T11:20:40.296;536843744790090388;-204;954;-185
2021-11-13T11:20:40.316;536843744809782499;-199;957;-176
2021-11-13T11:20:40.336;536843744829474610;-194;960;-182
2021-11-13T11:20:40.356;536843744849171850;-185;959;-177
2021-11-13T11:20:40.375;536843744868869058;-175;962;-166
2021-11-13T11:20:40.395;536843744888566266;-184;960;-159
2021-11-13T11:20:40.415;536843744908263474;-187;961;-156
2021-11-13T11:20:40.434;536843744927960682;-184;966;-154
2021-11-13T11:20:40.454;536843744947657890;-173;965;-153
2021-11-13T11:20:40.474;536843744967355098;-180;966;-159
2021-11-13T11:20:40.493;536843744987052306;-176;962;-164
2021-11-13T11:20:40.513;536843745006749514;-187;959;-174
2021-11-13T11:20:40.533;536843745026446722;-191;960;-174
2021-11-13T11:20:40.552;536843745046143930;-194;960;-176
2021-11-13T11:20:40.572;536843745065841138;-204;954;-181
2021-11-13T11:20:40.592;536843745085538346;-201;956;-181
2021-11-13T11:20:40.612;536843745105235554;-199;958;-187
2021-11-13T11:20:40.631;536843745124932762;-197;961;-189
2021-11-13T11:20:40.651;536843745144629970;-188;955;-178
2021-11-13T11:20:40.671;536843745164327178;-189;960;-175
2021-11-13T11:20:40.690;536843745184024386;-187;959;-173
2021-11-13T11:20:40.710;536843745203721594;-190;962;-172
2021-11-13T11:20:40.730;536843745223418802;-188;961;-168
2021-11-13T11:20:40.749;536843745243116010;-191;958;-172
2021-11-13T11:20:40.769;536843745262813218;-193;959;-182
2021-11-13T11:20:40.789;536843745282510426;-194;958;-182
2021-11-13T11:20:40.809;536843745302207634;-188;958;-176
2021-11-13T11:20:40.828;536843745321904842;-187;960;-176
2021-11-13T11:20:40.848;536843745341602050;-194;959;-177
2021-11-13T11:20:40.868;536843745361299258;-194;959;-172
2021-11-13T11:20:40.887;536843745380996466;-193;959;-176
2021-11-13T11:20:40.907;536843745400693674;-190;956;-179
2021-11-13T11:20:40.927;536843745420390882;-177;962;-165
2021-11-13T11:20:40.946;536843745440088090;-179;959;-164
2021-11-13T11:20:40.966;536843745459785298;-188;964;-168
2021-11-13T11:20:40.986;536843745479482506;-187;962;-158
2021-11-13T11:20:41.006;536843745499179714;-201;956;-164
2021-11-13T11:20:41.025;536843745518876922;-202;963;-170
2021-11-13T11:20:41.045;536843745538574130;-194;960;-175
2021-11-13T11:20:41.065;536843745558270632;-182;958;-177
2021-11-13T11:20:41.084;536843745577967112;-184;962;-186
2021-11-13T11:20:41.104;536843745597663592;-191;954;-185
2021-11-13T11:20:41.124;536843745617360072;-197;957;-186
2021-11-13T11:20:41.143;536843745637056552;-202;958;-183
2021-11-13T11:20:41.163;536843745656753032;-195;956;-177
2021-11-13T11:20:41.183;536843745676449512;-195;958;-173
2021-11-13T11:20:41.202;536843745696145992;-193;956;-170
2021-11-13T11:20:41.222;536843745715842472;-196;958;-168
2021-11-13T11:20:41.242;536843745735538952;-189;961;-157
2021-11-13T11:20:41.262;536843745755235432;-183;963;-159
2021-11-13T11:20:41.281;536843745774931912;-190;961;-164
2021-11-13T11:20:41.301;536843745794628392;-194;959;-169
2021-11-13T11:20:41.321;536843745814324872;-193;956;-177
2021-11-13T11:20:41.340;536843745834021352;-188;960;-174
2021-11-13T11:20:41.360;536843745853717832;-196;956;-177
2021-11-13T11:20:41.380;536843745873414312;-199;956;-173
2021-11-13T11:20:41.399;536843745893110792;-196;953;-171
2021-11-13T11:20:41.419;536843745912807272;-197;960;-179
2021-11-13T11:20:41.439;536843745932503752;-188;959;-174
2021-11-13T11:20:41.459;536843745952200232;-193;954;-177
2021-11-13T11:20:41.478;536843745971896712;-197;958;-163
2021-11-13T11:20:41.498;536843745991593192;-197;964;-164
2021-11-13T11:20:41.518;536843746011289672;-187;962;-164
2021-11-13T11:20:41.537;536843746030986152;-184;963;-176
2021-11-13T11:20:41.557;536843746050682632;-197;954;-187
2021-11-13T11:20:41.577;536843746070379112;-198;954;-180
2021-11-13T11:20:41.596;536843746090075592;-198;958;-184
2021-11-13T11:20:41.616;536843746109772072;-176;961;-179
2021-11-13T11:20:41.636;536843746129468552;-193;958;-188
2021-11-13T11:20:41.656;536843746149165032;-202;952;-185
2021-11-13T11:20:41.675;536843746168861512;-199;952;-187
2021-11-13T11:20:41.695;536843746188557992;-187;963;-175
2021-11-13T11:20:41.715;536843746208254472;-190;962;-167
2021-11-13T11:20:41.734;536843746227950952;-201;954;-174
2021-11-13T11:20:41.754;536843746247647432;-206;958;-171
2021-11-13T11:20:41.774;536843746267342472;-205;954;-169
2021-11-13T11:20:41.793;536843746287037496;-192;959;-168
2021-11-13T11:20:41.813;536843746306732520;-179;962;-163
2021-11-13T11:20:41.833;536843746326427544;-186;963;-164
2021-11-13T11:20:41.852;536843746346122568;-194;961;-165
2021-11-13T11:20:41.872;536843746365817592;-184;964;-175
2021-11-13T11:20:41.892;536843746385512616;-178;960;-180
2021-11-13T11:20:41.912;536843746405207640;-177;960;-188
2021-11-13T11:20:41.931;536843746424902664;-190;954;-195
2021-11-13T11:20:41.951;536843746444597688;-190;956;-195
2021-11-13T11:20:41.971;536843746464292712;-189;955;-187
2021-11-13T11:20:41.990;536843746483987736;-195;952;-188
2021-11-13T11:20:42.010;536843746503682760;-194;954;-187
2021-11-13T11:20:42.030;536843746523377784;-196;957;-183
2021-11-13T11:20:42.049;536843746543072808;-202;957;-184
2021-11-13T11:20:42.069;536843746562767832;-199;961;-178
2021-11-13T11:20:42.089;536843746582462856;-194;953;-170
2021-11-13T11:20:42.108;536843746602157880;-199;959;-172
2021-11-13T11:20:42.128;536843746621852904;-203;959;-179
2021-11-13T11:20:42.148;536843746641547928;-202;955;-183
2021-11-13T11:20:42.168;536843746661242952;-208;952;-180
2021-11-13T11:20:42.187;536843746680937976;-212;953;-176
2021-11-13T11:20:42.207;536843746700633000;-208;955;-182
2021-11-13T11:20:42.227;536843746720328024;-192;957;-181
2021-11-13T11:20:42.246;536843746740023048;-175;967;-180
2021-11-13T11:20:42.266;536843746759718072;-187;952;-182
2021-11-13T11:20:42.286;536843746779413096;-193;955;-183
2021-11-13T11:20:42.305;536843746799108120;-196;960;-179
2021-11-13T11:20:42.325;536843746818803144;-198;955;-172
2021-11-13T11:20:42.345;536843746838498168;-200;956;-165
2021-11-13T11:20:42.365;536843746858193192;-202;958;-164
2021-11-13T11:20:42.384;536843746877888216;-208;957;-170
2021-11-13T11:20:42.404;536843746897583240;-197;954;-167
2021-11-13T11:20:42.424;536843746917278264;-182;961;-166
2021-11-13T11:20:42.443;536843746936973288;-174;962;-172
2021-11-13T11:20:42.463;536843746956668312;-178;962;-182
2021-11-13T11:20:42.483;536843746976366282;-194;962;-186
2021-11-13T11:20:42.502;536843746996064218;-199;957;-181
2021-11-13T11:20:42.522;536843747015762154;-206;955;-189
2021-11-13T11:20:42.542;536843747035460090;-198;954;-191
2021-11-13T11:20:42.561;536843747055158026;-193;958;-190
2021-11-13T11:20:42.581;536843747074855962;-193;954;-190
2021-11-13T11:20:42.601;536843747094553898;-202;955;-190
2021-11-13T11:20:42.621;536843747114251834;-217;956;-195
2021-11-13T11:20:42.640;536843747133949770;-216;953;-193
2021-11-13T11:20:42.660;536843747153647706;-189;958;-182
2021-11-13T11:20:42.680;536843747173345642;-164;959;-178
2021-11-13T11:20:42.699;536843747193043578;-144;970;-150
2021-11-13T11:20:42.719;536843747212741514;-153;974;-148
2021-11-13T11:20:42.739;536843747232439450;-155;968;-158
2021-11-13T11:20:42.758;536843747252137386;-178;963;-180
2021-11-13T11:20:42.778;536843747271835322;-181;959;-181
2021-11-13T11:20:42.798;536843747291533258;-173;962;-187
2021-11-13T11:20:42.818;536843747311231194;-167;965;-182
2021-11-13T11:20:42.837;536843747330929130;-178;957;-187
2021-11-13T11:20:42.857;536843747350627066;-198;953;-196
2021-11-13T11:20:42.877;536843747370325002;-219;948;-204
2021-11-13T11:20:42.896;536843747390022938;-224;954;-208
2021-11-13T11:20:42.916;536843747409720874;-206;952;-190
2021-11-13T11:20:42.936;536843747429418810;-193;952;-174
2021-11-13T11:20:42.955;536843747449116746;-187;964;-162
2021-11-13T11:20:42.975;536843747468814682;-185;961;-167
2021-11-13T11:20:42.995;536843747488512618;-188;959;-176
2021-11-13T11:20:43.015;536843747508210554;-194;954;-179
2021-11-13T11:20:43.034;536843747527908490;-196;960;-176
2021-11-13T11:20:43.054;536843747547606426;-185;964;-162
2021-11-13T11:20:43.074;536843747567304362;-172;962;-157
2021-11-13T11:20:43.093;536843747587002298;-178;962;-156
2021-11-13T11:20:43.113;536843747606700234;-187;963;-153
2021-11-13T11:20:43.133;536843747626398170;-188;964;-159
2021-11-13T11:20:43.152;536843747646096106;-190;962;-160
2021-11-13T11:20:43.172;536843747665794042;-189;961;-160
2021-11-13T11:20:43.192;536843747685494187;-192;959;-174
2021-11-13T11:20:43.212;536843747705194308;-184;959;-171
2021-11-13T11:20:43.231;536843747724894429;-181;958;-178
2021-11-13T11:20:43.251;536843747744594550;-185;963;-182
2021-11-13T11:20:43.271;536843747764294671;-188;958;-188
2021-11-13T11:20:43.290;536843747783994792;-188;960;-184
2021-11-13T11:20:43.310;536843747803694913;-183;958;-177
2021-11-13T11:20:43.330;536843747823395034;-178;965;-165
2021-11-13T11:20:43.349;536843747843095155;-185;963;-167
2021-11-13T11:20:43.369;536843747862795276;-182;959;-169
2021-11-13T11:20:43.389;536843747882495397;-190;962;-179
2021-11-13T11:20:43.409;536843747902195518;-191;959;-180
2021-11-13T11:20:43.428;536843747921895639;-189;959;-174
2021-11-13T11:20:43.448;536843747941595760;-188;959;-170
2021-11-13T11:20:43.468;536843747961295881;-178;961;-170
2021-11-13T11:20:43.487;536843747980996002;-186;964;-185
2021-11-13T11:20:43.507;536843748000696123;-190;956;-186
2021-11-13T11:20:43.527;536843748020396244;-196;953;-198
2021-11-13T11:20:43.546;536843748040096365;-196;955;-193
2021-11-13T11:20:43.566;536843748059796486;-194;956;-188
2021-11-13T11:20:43.586;536843748079496607;-191;958;-184
2021-11-13T11:20:43.606;536843748099196728;-194;953;-187
2021-11-13T11:20:43.625;536843748118896849;-195;959;-188
2021-11-13T11:20:43.645;536843748138596970;-193;957;-179
2021-11-13T11:20:43.665;536843748158297091;-188;961;-174
2021-11-13T11:20:43.684;536843748177997212;-196;959;-177
2021-11-13T11:20:43.704;536843748197697333;-194;957;-175
2021-11-13T11:20:43.724;536843748217397454;-198;960;-182
2021-11-13T11:20:43.743;536843748237097575;-196;955;-183
2021-11-13T11:20:43.763;536843748256797696;-195;956;-184
2021-11-13T11:20:43.783;536843748276497817;-198;960;-181
2021-11-13T11:20:43.803;536843748296197938;-195;956;-183
2021-11-13T11:20:43.822;536843748315898059;-192;962;-176
2021-11-13T11:20:43.842;536843748335598180;-191;956;-175
2021-11-13T11:20:43.862;536843748355298301;-193;958;-171
2021-11-13T11:20:43.881;536843748374998422;-185;963;-166
2021-11-13T11:20:43.901;536843748394697833;-184;964;-167
2021-11-13T11:20:43.921;536843748414397226;-189;958;-172
2021-11-13T11:20:43.940;536843748434096619;-185;960;-168
2021-11-13T11:20:43.960;536843748453796012;-189;959;-169
2021-11-13T11:20:43.980;536843748473495405;-190;959;-169
2021-11-13T11:20:44.000;536843748493194798;-197;958;-176
2021-11-13T11:20:44.019;536843748512894191;-196;957;-175
2021-11-13T11:20:44.039;536843748532593584;-192;956;-175
2021-11-13T11:20:44.059;536843748552292977;-194;961;-171
2021-11-13T11:20:44.078;536843748571992370;-190;958;-169
2021-11-13T11:20:44.098;536843748591691763;-196;960;-178
2021-11-13T11:20:44.118;536843748611391156;-197;956;-176
2021-11-13T11:20:44.137;536843748631090549;-194;960;-173
2021-11-13T11:20:44.157;536843748650789942;-189;959;-171
2021-11-13T11:20:44.177;536843748670489335;-187;960;-169
2021-11-13T11:20:44.197;536843748690188728;-189;963;-175
2021-11-13T11:20:44.216;536843748709888121;-185;957;-179
2021-11-13T11:20:44.236;536843748729587514;-179;956;-179
2021-11-13T11:20:44.256;536843748749286907;-178;958;-163
2021-11-13T11:20:44.275;536843748768986300;-193;963;-164
2021-11-13T11:20:44.295;536843748788685693;-195;961;-159
2021-11-13T11:20:44.315;536843748808385086;-194;967;-170
2021-11-13T11:20:44.334;536843748828084479;-180;955;-163
2021-11-13T11:20:44.354;536843748847783872;-197;957;-177
2021-11-13T11:20:44.374;536843748867483265;-197;959;-177
2021-11-13T11:20:44.394;536843748887182658;-202;963;-186
2021-11-13T11:20:44.413;536843748906882051;-191;952;-195
2021-11-13T11:20:44.433;536843748926581444;-191;951;-206
2021-11-13T11:20:44.453;536843748946280837;-205;949;-197
2021-11-13T11:20:44.472;536843748965980230;-206;951;-187
2021-11-13T11:20:44.492;536843748985679623;-189;963;-175
2021-11-13T11:20:44.512;536843749005379016;-174;963;-160
2021-11-13T11:20:44.531;536843749025078409;-191;961;-159
2021-11-13T11:20:44.551;536843749044777802;-202;956;-163
2021-11-13T11:20:44.571;536843749064477195;-194;960;-166
2021-11-13T11:20:44.591;536843749084176588;-189;960;-162
2021-11-13T11:20:44.610;536843749103877461;-177;962;-157
2021-11-13T11:20:44.630;536843749123578310;-166;964;-176
2021-11-13T11:20:44.650;536843749143279159;-181;960;-181
2021-11-13T11:20:44.669;536843749162980008;-200;953;-171
2021-11-13T11:20:44.689;536843749182680857;-205;959;-175
2021-11-13T11:20:44.709;536843749202381706;-198;958;-178
2021-11-13T11:20:44.728;536843749222082555;-191;958;-190
2021-11-13T11:20:44.748;536843749241783404;-198;951;-207
2021-11-13T11:20:44.768;536843749261484253;-199;949;-212
2021-11-13T11:20:44.788;536843749281185102;-198;952;-208
2021-11-13T11:20:44.807;536843749300885951;-195;949;-204
2021-11-13T11:20:44.827;536843749320586800;-188;957;-200
2021-11-13T11:20:44.847;536843749340287649;-195;954;-199
2021-11-13T11:20:44.866;536843749359988498;-202;956;-198
2021-11-13T11:20:44.886;536843749379689347;-197;954;-192
2021-11-13T11:20:44.906;536843749399390196;-189;958;-188
2021-11-13T11:20:44.925;536843749419091045;-182;959;-183
2021-11-13T11:20:44.945;536843749438791894;-193;956;-188
2021-11-13T11:20:44.965;536843749458492743;-196;951;-194
2021-11-13T11:20:44.985;536843749478193592;-197;957;-196
2021-11-13T11:20:45.004;536843749497894441;-186;959;-191
2021-11-13T11:20:45.024;536843749517595290;-175;956;-188
2021-11-13T11:20:45.044;536843749537296139;-169;960;-177
2021-11-13T11:20:45.063;536843749556996988;-188;963;-179
2021-11-13T11:20:45.083;536843749576697837;-201;954;-184
2021-11-13T11:20:45.103;536843749596398686;-203;955;-189
2021-11-13T11:20:45.122;536843749616099535;-195;953;-194
2021-11-13T11:20:45.142;536843749635800384;-194;952;-192
2021-11-13T11:20:45.162;536843749655501233;-198;954;-184
2021-11-13T11:20:45.182;536843749675202082;-203;954;-178
2021-11-13T11:20:45.201;536843749694902931;-215;952;-177
2021-11-13T11:20:45.221;536843749714603780;-219;954;-179
2021-11-13T11:20:45.241;536843749734304629;-210;952;-168
2021-11-13T11:20:45.260;536843749754005478;-208;964;-163
2021-11-13T11:20:45.280;536843749773706327;-193;953;-150
2021-11-13T11:20:45.300;536843749793407176;-189;963;-150
2021-11-13T11:20:45.319;536843749813107321;-201;961;-153
2021-11-13T11:20:45.339;536843749832807442;-203;958;-150
2021-11-13T11:20:45.359;536843749852507563;-205;959;-164
2021-11-13T11:20:45.379;536843749872207684;-184;961;-175
2021-11-13T11:20:45.398;536843749891907805;-172;963;-176
2021-11-13T11:20:45.418;536843749911607926;-195;953;-181
2021-11-13T11:20:45.438;536843749931308047;-196;954;-182
2021-11-13T11:20:45.457;536843749951008168;-184;959;-175
2021-11-13T11:20:45.477;536843749970708289;-186;967;-174
2021-11-13T11:20:45.497;536843749990408410;-198;951;-188
2021-11-13T11:20:45.516;536843750010108531;-204;952;-185
2021-11-13T11:20:45.536;536843750029808652;-213;957;-188
2021-11-13T11:20:45.556;536843750049508773;-215;956;-188
2021-11-13T11:20:45.576;536843750069208894;-198;949;-173
2021-11-13T11:20:45.595;536843750088909015;-187;959;-175
2021-11-13T11:20:45.615;536843750108609136;-201;960;-190
2021-11-13T11:20:45.635;536843750128309257;-213;956;-190
2021-11-13T11:20:45.654;536843750148009378;-211;954;-187
2021-11-13T11:20:45.674;536843750167709499;-170;960;-178
2021-11-13T11:20:45.694;536843750187409620;-149;968;-166
2021-11-13T11:20:45.713;536843750207109741;-144;976;-159
2021-11-13T11:20:45.733;536843750226809862;-183;960;-181
2021-11-13T11:20:45.753;536843750246509983;-184;959;-184
2021-11-13T11:20:45.773;536843750266210104;-178;957;-182
2021-11-13T11:20:45.792;536843750285910225;-167;963;-170
2021-11-13T11:20:45.812;536843750305610346;-171;965;-166
2021-11-13T11:20:45.832;536843750325310467;-191;965;-176
2021-11-13T11:20:45.851;536843750345010588;-200;954;-173
2021-11-13T11:20:45.871;536843750364710709;-209;949;-176
2021-11-13T11:20:45.891;536843750384410830;-203;963;-178
2021-11-13T11:20:45.910;536843750404110951;-192;959;-173
2021-11-13T11:20:45.930;536843750423811072;-183;965;-176
2021-11-13T11:20:45.950;536843750443511193;-176;955;-178
2021-11-13T11:20:45.970;536843750463211314;-184;957;-187
2021-11-13T11:20:45.989;536843750482911435;-192;956;-185
2021-11-13T11:20:46.009;536843750502611556;-201;957;-188
2021-11-13T11:20:46.029;536843750522304423;-192;958;-177
2021-11-13T11:20:46.048;536843750541997262;-187;961;-171
2021-11-13T11:20:46.068;536843750561690101;-192;958;-163
2021-11-13T11:20:46.088;536843750581382940;-191;965;-162
2021-11-13T11:20:46.107;536843750601075779;-179;964;-157
2021-11-13T11:20:46.127;536843750620768618;-173;966;-160
2021-11-13T11:20:46.147;536843750640461457;-187;962;-166
2021-11-13T11:20:46.166;536843750660154296;-198;959;-173
2021-11-13T11:20:46.186;536843750679847135;-198;959;-171
2021-11-13T11:20:46.206;536843750699539974;-190;960;-178
2021-11-13T11:20:46.226;536843750719232813;-183;959;-175
2021-11-13T11:20:46.245;536843750738925652;-185;962;-173
2021-11-13T11:20:46.265;536843750758618491;-194;958;-175
2021-11-13T11:20:46.285;536843750778311330;-198;956;-178
2021-11-13T11:20:46.304;536843750798004169;-196;956;-170
2021-11-13T11:20:46.324;536843750817697008;-197;959;-174
2021-11-13T11:20:46.344;536843750837389847;-197;958;-178
2021-11-13T11:20:46.363;536843750857082686;-192;959;-179
2021-11-13T11:20:46.383;536843750876775525;-194;959;-178
2021-11-13T11:20:46.403;536843750896468364;-195;957;-180
2021-11-13T11:20:46.422;536843750916161203;-194;959;-179
2021-11-13T11:20:46.442;536843750935854042;-196;956;-183
2021-11-13T11:20:46.462;536843750955546881;-194;960;-182
2021-11-13T11:20:46.482;536843750975239720;-197;955;-183
2021-11-13T11:20:46.501;536843750994932559;-194;957;-184
2021-11-13T11:20:46.521;536843751014625398;-187;959;-181
2021-11-13T11:20:46.541;536843751034318237;-187;958;-182
2021-11-13T11:20:46.560;536843751054011076;-190;958;-178
2021-11-13T11:20:46.580;536843751073703915;-196;955;-181
2021-11-13T11:20:46.600;536843751093396754;-191;960;-179
2021-11-13T11:20:46.619;536843751113089593;-185;960;-168
2021-11-13T11:20:46.639;536843751132782432;-180;963;-168
2021-11-13T11:20:46.659;536843751152475271;-185;962;-172
2021-11-13T11:20:46.679;536843751172168110;-187;960;-172
2021-11-13T11:20:46.698;536843751191860949;-188;961;-177
2021-11-13T11:20:46.718;536843751211553788;-191;958;-181
2021-11-13T11:20:46.738;536843751231246657;-188;956;-176
2021-11-13T11:20:46.757;536843751250939496;-190;958;-179
2021-11-13T11:20:46.777;536843751270632335;-194;957;-177
2021-11-13T11:20:46.797;536843751290325174;-192;956;-176
2021-11-13T11:20:46.816;536843751310018013;-195;960;-181
2021-11-13T11:20:46.836;536843751329710852;-191;959;-176
2021-11-13T11:20:46.856;536843751349403691;-196;960;-184
2021-11-13T11:20:46.875;536843751369096530;-197;955;-183
2021-11-13T11:20:46.895;536843751388789369;-196;956;-178
2021-11-13T11:20:46.915;536843751408482208;-192;959;-175
2021-11-13T11:20:46.935;536843751428175047;-195;959;-170
2021-11-13T11:20:46.954;536843751447867886;-201;957;-171
2021-11-13T11:20:46.974;536843751467560725;-194;959;-165
2021-11-13T11:20:46.994;536843751487253564;-192;960;-165
2021-11-13T11:20:47.013;536843751506946403;-186;959;-166
2021-11-13T11:20:47.033;536843751526639242;-184;965;-163
2021-11-13T11:20:47.053;536843751546332081;-192;959;-172
2021-11-13T11:20:47.072;536843751566024920;-190;961;-167
2021-11-13T11:20:47.092;536843751585717759;-188;962;-165
2021-11-13T11:20:47.112;536843751605410598;-191;963;-166
2021-11-13T11:20:47.131;536843751625103437;-197;958;-176
2021-11-13T11:20:47.151;536843751644796276;-201;955;-184
2021-11-13T11:20:47.171;536843751664489115;-194;956;-178
2021-11-13T11:20:47.191;536843751684181954;-196;957;-176
2021-11-13T11:20:47.210;536843751703874793;-193;963;-178
2021-11-13T11:20:47.230;536843751723567632;-190;958;-184
2021-11-13T11:20:47.250;536843751743260471;-192;955;-187
2021-11-13T11:20:47.269;536843751762953310;-190;956;-184
2021-11-13T11:20:47.289;536843751782646149;-184;960;-177
2021-11-13T11:20:47.309;536843751802338988;-185;959;-180
2021-11-13T11:20:47.328;536843751822031827;-192;961;-175
2021-11-13T11:20:47.348;536843751841724666;-186;958;-166
2021-11-13T11:20:47.368;536843751861417505;-191;961;-167
2021-11-13T11:20:47.387;536843751881110344;-191;960;-172
2021-11-13T11:20:47.407;536843751900803183;-185;958;-171
2021-11-13T11:20:47.427;536843751920496022;-181;960;-171
2021-11-13T11:20:47.447;536843751940192530;-185;957;-172
2021-11-13T11:20:47.466;536843751959889010;-189;962;-169
2021-11-13T11:20:47.486;536843751979585490;-193;961;-165
2021-11-13T11:20:47.506;536843751999281970;-200;958;-167
2021-11-13T11:20:47.525;536843752018978450;-197;956;-168
2021-11-13T11:20:47.545;536843752038674930;-198;959;-172
2021-11-13T11:20:47.565;536843752058371410;-197;954;-181
2021-11-13T11:20:47.584;536843752078067890;-192;962;-178
2021-11-13T11:20:47.604;536843752097764370;-189;958;-180
2021-11-13T11:20:47.624;536843752117460850;-191;959;-186
2021-11-13T11:20:47.643;536843752137157330;-187;957;-195
2021-11-13T11:20:47.663;536843752156853810;-180;956;-193
2021-11-13T11:20:47.683;536843752176550290;-183;956;-174
2021-11-13T11:20:47.703;536843752196246770;-190;963;-162
2021-11-13T11:20:47.722;536843752215943250;-187;962;-154
2021-11-13T11:20:47.742;536843752235639730;-181;964;-152
2021-11-13T11:20:47.762;536843752255336210;-199;957;-170
2021-11-13T11:20:47.781;536843752275032690;-205;955;-168
2021-11-13T11:20:47.801;536843752294729170;-198;957;-178
2021-11-13T11:20:47.821;536843752314425650;-184;963;-170
2021-11-13T11:20:47.840;536843752334122130;-178;962;-165
2021-11-13T11:20:47.860;536843752353818610;-175;961;-168
2021-11-13T11:20:47.880;536843752373515090;-181;959;-172
2021-11-13T11:20:47.900;536843752393211570;-189;964;-160
2021-11-13T11:20:47.919;536843752412908050;-186;964;-149
2021-11-13T11:20:47.939;536843752432604530;-180;966;-146
2021-11-13T11:20:47.959;536843752452301010;-167;968;-157
2021-11-13T11:20:47.978;536843752471997490;-176;961;-178
2021-11-13T11:20:47.998;536843752491693970;-185;956;-181
2021-11-13T11:20:48.018;536843752511390450;-196;958;-186
2021-11-13T11:20:48.037;536843752531086930;-194;959;-189
2021-11-13T11:20:48.057;536843752550783410;-192;957;-192
2021-11-13T11:20:48.077;536843752570479890;-190;957;-191
2021-11-13T11:20:48.097;536843752590176370;-197;955;-195
2021-11-13T11:20:48.116;536843752609872850;-198;954;-194
2021-11-13T11:20:48.136;536843752629569330;-197;955;-185
2021-11-13T11:20:48.156;536843752649255622;-196;953;-178
2021-11-13T11:20:48.175;536843752668941908;-195;959;-177
2021-11-13T11:20:48.195;536843752688628194;-196;952;-178
2021-11-13T11:20:48.215;536843752708314480;-200;960;-179
2021-11-13T11:20:48.234;536843752728000766;-196;952;-174
2021-11-13T11:20:48.254;536843752747687052;-196;958;-178
2021-11-13T11:20:48.274;536843752767373338;-186;961;-166
2021-11-13T11:20:48.293;536843752787059624;-177;963;-162
2021-11-13T11:20:48.313;536843752806745910;-183;963;-170
2021-11-13T11:20:48.333;536843752826432196;-183;965;-168
2021-11-13T11:20:48.352;536843752846118482;-184;961;-178
2021-11-13T11:20:48.372;536843752865804768;-187;957;-183
2021-11-13T11:20:48.392;536843752885491054;-179;961;-172
2021-11-13T11:20:48.412;536843752905177340;-187;962;-166
2021-11-13T11:20:48.431;536843752924863626;-191;958;-173
2021-11-13T11:20:48.451;536843752944549912;-190;961;-173
2021-11-13T11:20:48.471;536843752964236198;-189;958;-173
2021-11-13T11:20:48.490;536843752983922484;-198;955;-183
2021-11-13T11:20:48.510;536843753003608770;-204;959;-182
2021-11-13T11:20:48.530;536843753023295056;-204;953;-189
2021-11-13T11:20:48.549;536843753042981342;-196;952;-190
2021-11-13T11:20:48.569;536843753062667628;-185;958;-186
2021-11-13T11:20:48.589;536843753082353914;-193;960;-187
2021-11-13T11:20:48.608;536843753102040200;-197;959;-189
2021-11-13T11:20:48.628;536843753121726486;-189;954;-178
2021-11-13T11:20:48.648;536843753141412772;-188;959;-171
2021-11-13T11:20:48.667;536843753161099058;-200;961;-169
2021-11-13T11:20:48.687;536843753180785344;-197;958;-170
2021-11-13T11:20:48.707;536843753200471630;-194;956;-179
2021-11-13T11:20:48.726;536843753220157916;-195;958;-174
2021-11-13T11:20:48.746;536843753239844202;-187;959;-180
2021-11-13T11:20:48.766;536843753259530488;-165;964;-175
2021-11-13T11:20:48.786;536843753279216774;-150;970;-163
2021-11-13T11:20:48.805;536843753298903060;-168;969;-161
2021-11-13T11:20:48.825;536843753318589346;-167;963;-161
2021-11-13T11:20:48.845;536843753338275632;-168;964;-173
