Phone timestamp;sensor timestamp [ns];X [mg];Y [mg];Z [mg]
2021-11-13T11:20:29.119;536843630938249895;243;-1048;156
2021-11-13T11:20:29.138;536843630958006086;176;-998;189
2021-11-13T11:20:29.158;536843630977762277;266;-1036;169
2021-11-13T11:20:29.178;536843630997518468;183;-1028;119
2021-11-13T11:20:29.198;536843631017274659;267;-1013;166
2021-11-13T11:20:29.217;536843631037030850;211;-1023;165
2021-11-13T11:20:29.237;536843631056787041;286;-975;112
2021-11-13T11:20:29.257;536843631076543232;202;-1000;171
2021-11-13T11:20:29.277;536843631096299423;262;-968;173
2021-11-13T11:20:29.296;536843631116055614;259;-969;91
2021-11-13T11:20:29.316;536843631135811805;183;-994;123
2021-11-13T11:20:29.336;536843631155567996;237;-928;135
2021-11-13T11:20:29.356;536843631175324187;223;-967;63
2021-11-13T11:20:29.375;536843631195080378;120;-1000;166
2021-11-13T11:20:29.395;536843631214836569;210;-952;201
2021-11-13T11:20:29.415;536843631234592760;229;-935;175
2021-11-13T11:20:29.435;536843631254348951;226;-960;43
2021-11-13T11:20:29.454;536843631274105142;75;-952;173
2021-11-13T11:20:29.474;536843631293861333;106;-923;181
2021-11-13T11:20:29.494;536843631313617524;81;-886;101
2021-11-13T11:20:29.514;536843631333373715;142;-978;-8
2021-11-13T11:20:29.533;536843631353129906;-41;-941;191
2021-11-13T11:20:29.553;536843631372886097;149;-976;194
2021-11-13T11:20:29.573;536843631392642288;120;-953;80
2021-11-13T11:20:29.593;536843631412398479;66;-1013;144
2021-11-13T11:20:29.612;536843631432154670;50;-993;157
2021-11-13T11:20:29.632;536843631451910861;127;-965;183
2021-11-13T11:20:29.652;536843631471667052;137;-1015;59
2021-11-13T11:20:29.672;536843631491423243;-39;-980;190
2021-11-13T11:20:29.691;536843631511179434;95;-963;164
2021-11-13T11:20:29.711;536843631530935625;217;-1030;16
2021-11-13T11:20:29.731;536843631550691816;-100;-983;224
2021-11-13T11:20:29.751;536843631570448007;109;-1008;225
2021-11-13T11:20:29.770;536843631590204198;134;-1075;11
2021-11-13T11:20:29.790;536843631609960389;-63;-1030;222
2021-11-13T11:20:29.810;536843631629716580;185;-1137;221
2021-11-13T11:20:29.830;536843631649472783;12;-1076;172
2021-11-13T11:20:29.849;536843631669228974;42;-1076;208
2021-11-13T11:20:29.869;536843631688985165;110;-1111;200
2021-11-13T11:20:29.889;536843631708741356;9;-1053;193
2021-11-13T11:20:29.909;536843631728497547;35;-1087;163
2021-11-13T11:20:29.929;536843631748253738;-3;-1114;225
2021-11-13T11:20:29.948;536843631768009929;55;-1114;272
2021-11-13T11:20:29.968;536843631787766120;88;-1105;149
2021-11-13T11:20:29.988;536843631807522311;1;-1067;214
2021-11-13T11:20:30.008;536843631827278502;10;-1095;236
2021-11-13T11:20:30.027;536843631847034693;23;-1117;208
2021-11-13T11:20:30.047;536843631866790884;1;-1109;138
2021-11-13T11:20:30.067;536843631886547075;-35;-1066;143
2021-11-13T11:20:30.087;536843631906303266;8;-1126;101
2021-11-13T11:20:30.106;536843631926059457;51;-1103;254
2021-11-13T11:20:30.126;536843631945815648;107;-1122;316
2021-11-13T11:20:30.146;536843631965571839;105;-1122;180
2021-11-13T11:20:30.166;536843631985328030;-19;-1072;136
2021-11-13T11:20:30.185;536843632005084221;-5;-1065;144
2021-11-13T11:20:30.205;536843632024840412;-31;-1064;159
2021-11-13T11:20:30.225;536843632044596603;23;-1114;115
2021-11-13T11:20:30.245;536843632064352794;97;-1139;106
2021-11-13T11:20:30.264;536843632084108985;107;-1163;127
2021-11-13T11:20:30.284;536843632103865176;96;-1109;239
2021-11-13T11:20:30.304;536843632123621367;99;-1111;214
2021-11-13T11:20:30.324;536843632143377558;72;-1122;131
2021-11-13T11:20:30.343;536843632163133749;64;-1104;138
2021-11-13T11:20:30.363;536843632182889940;107;-1094;114
2021-11-13T11:20:30.383;536843632202646131;63;-1086;144
2021-11-13T11:20:30.403;536843632222402322;112;-1115;215
2021-11-13T11:20:30.422;536843632242158513;147;-1108;205
2021-11-13T11:20:30.442;536843632261914704;106;-1128;178
2021-11-13T11:20:30.462;536843632281670895;92;-1089;187
2021-11-13T11:20:30.482;536843632301427086;39;-1109;163
2021-11-13T11:20:30.501;536843632321183277;72;-1084;193
2021-11-13T11:20:30.521;536843632340939468;50;-1091;137
2021-11-13T11:20:30.541;536843632360688393;45;-1060;125
2021-11-13T11:20:30.561;536843632380437302;32;-1060;171
2021-11-13T11:20:30.580;536843632400186211;28;-1047;191
2021-11-13T11:20:30.600;536843632419935120;74;-1029;217
2021-11-13T11:20:30.620;536843632439684029;37;-1011;220
2021-11-13T11:20:30.640;536843632459432938;6;-1021;163
2021-11-13T11:20:30.659;536843632479181847;11;-1022;171
2021-11-13T11:20:30.679;536843632498930756;61;-1023;199
2021-11-13T11:20:30.699;536843632518679665;76;-1051;182
2021-11-13T11:20:30.719;536843632538428574;92;-1026;211
2021-11-13T11:20:30.738;536843632558177483;156;-1098;160
2021-11-13T11:20:30.758;536843632577926392;-7;-1034;187
2021-11-13T11:20:30.778;536843632597675301;128;-1071;148
2021-11-13T11:20:30.798;536843632617424210;74;-1053;174
2021-11-13T11:20:30.817;536843632637173119;78;-1078;161
2021-11-13T11:20:30.837;536843632656922028;47;-1077;155
2021-11-13T11:20:30.857;536843632676670937;40;-1118;128
2021-11-13T11:20:30.877;536843632696419846;96;-1120;231
2021-11-13T11:20:30.896;536843632716168755;111;-1171;241
2021-11-13T11:20:30.916;536843632735917664;128;-1206;242
2021-11-13T11:20:30.936;536843632755666573;91;-1254;248
2021-11-13T11:20:30.956;536843632775415482;81;-1265;247
2021-11-13T11:20:30.975;536843632795164391;112;-1321;248
2021-11-13T11:20:30.995;536843632814913300;97;-1321;284
2021-11-13T11:20:31.015;536843632834662209;96;-1306;255
2021-11-13T11:20:31.035;536843632854411118;101;-1316;228
2021-11-13T11:20:31.054;536843632874160027;51;-1325;233
2021-11-13T11:20:31.074;536843632893908936;48;-1273;202
2021-11-13T11:20:31.094;536843632913657845;80;-1261;173
2021-11-13T11:20:31.114;536843632933406754;61;-1257;215
2021-11-13T11:20:31.133;536843632953155663;-32;-1205;191
2021-11-13T11:20:31.153;536843632972904572;-7;-1160;163
2021-11-13T11:20:31.173;536843632992653481;47;-1142;216
2021-11-13T11:20:31.193;536843633012402390;-30;-1112;208
2021-11-13T11:20:31.212;536843633032151299;-16;-1088;192
2021-11-13T11:20:31.232;536843633051900208;40;-1105;157
2021-11-13T11:20:31.252;536843633071657879;-47;-1071;225
2021-11-13T11:20:31.272;536843633091415526;-55;-1060;231
2021-11-13T11:20:31.291;536843633111173173;21;-1069;134
2021-11-13T11:20:31.311;536843633130930820;-40;-1032;129
2021-11-13T11:20:31.331;536843633150688467;-62;-1065;89
2021-11-13T11:20:31.351;536843633170446114;-130;-1005;167
2021-11-13T11:20:31.370;536843633190203761;-49;-1016;163
2021-11-13T11:20:31.390;536843633209961408;-37;-1044;78
2021-11-13T11:20:31.410;536843633229719055;-92;-997;210
2021-11-13T11:20:31.430;536843633249476702;25;-997;162
2021-11-13T11:20:31.449;536843633269234349;-116;-945;141
2021-11-13T11:20:31.469;536843633288991996;-41;-924;88
2021-11-13T11:20:31.489;536843633308749643;-85;-912;100
2021-11-13T11:20:31.509;536843633328507290;-71;-901;60
2021-11-13T11:20:31.529;536843633348264937;-73;-871;115
2021-11-13T11:20:31.548;536843633368022584;-31;-904;119
2021-11-13T11:20:31.568;536843633387780231;-50;-890;60
2021-11-13T11:20:31.588;536843633407537878;-50;-895;95
2021-11-13T11:20:31.608;536843633427295525;-14;-935;33
2021-11-13T11:20:31.627;536843633447053172;10;-898;82
2021-11-13T11:20:31.647;536843633466810819;26;-918;61
2021-11-13T11:20:31.667;536843633486568466;10;-959;46
2021-11-13T11:20:31.687;536843633506326113;29;-908;52
2021-11-13T11:20:31.706;536843633526083760;18;-940;23
2021-11-13T11:20:31.726;536843633545841407;-41;-963;90
2021-11-13T11:20:31.746;536843633565599054;153;-943;60
2021-11-13T11:20:31.766;536843633585356701;86;-1011;99
2021-11-13T11:20:31.785;536843633605114348;72;-1022;148
2021-11-13T11:20:31.805;536843633624871995;97;-1005;200
2021-11-13T11:20:31.825;536843633644629642;131;-998;163
2021-11-13T11:20:31.845;536843633664387289;43;-1014;109
2021-11-13T11:20:31.864;536843633684144936;126;-1010;51
2021-11-13T11:20:31.884;536843633703902583;116;-1007;62
2021-11-13T11:20:31.904;536843633723660230;243;-1071;3
2021-11-13T11:20:31.924;536843633743417877;52;-961;244
2021-11-13T11:20:31.943;536843633763175524;189;-1003;264
2021-11-13T11:20:31.963;536843633782936099;116;-981;201
2021-11-13T11:20:31.983;536843633802696659;222;-1028;133
2021-11-13T11:20:32.003;536843633822457219;111;-1000;101
2021-11-13T11:20:32.022;536843633842217779;326;-1028;43
2021-11-13T11:20:32.042;536843633861978339;75;-1000;145
2021-11-13T11:20:32.062;536843633881738899;199;-939;204
2021-11-13T11:20:32.082;536843633901499459;203;-1005;201
2021-11-13T11:20:32.102;536843633921260019;142;-980;258
2021-11-13T11:20:32.121;536843633941020579;217;-1023;294
2021-11-13T11:20:32.141;536843633960781139;1958;-977;-442
2021-11-13T11:20:32.161;536843633980541699;-916;-1021;295
2021-11-13T11:20:32.181;536843634000302259;831;-1114;152
2021-11-13T11:20:32.200;536843634020062819;-356;-867;317
2021-11-13T11:20:32.220;536843634039823379;35;-934;238
2021-11-13T11:20:32.240;536843634059583939;192;-996;212
2021-11-13T11:20:32.260;536843634079344499;188;-1049;194
2021-11-13T11:20:32.279;536843634099105059;178;-1042;196
2021-11-13T11:20:32.299;536843634118865619;221;-1054;238
2021-11-13T11:20:32.319;536843634138626179;175;-1043;267
2021-11-13T11:20:32.339;536843634158386739;220;-1040;240
2021-11-13T11:20:32.358;536843634178147299;208;-1053;163
2021-11-13T11:20:32.378;536843634197907859;255;-1054;193
2021-11-13T11:20:32.398;536843634217668419;261;-1022;233
2021-11-13T11:20:32.418;536843634237428979;340;-1026;167
2021-11-13T11:20:32.437;536843634257189539;230;-988;204
2021-11-13T11:20:32.457;536843634276950099;233;-1000;197
2021-11-13T11:20:32.477;536843634296710659;282;-980;110
2021-11-13T11:20:32.497;536843634316471219;325;-980;81
2021-11-13T11:20:32.516;536843634336231779;261;-967;161
2021-11-13T11:20:32.536;536843634355992339;298;-959;100
2021-11-13T11:20:32.556;536843634375752899;241;-966;38
2021-11-13T11:20:32.576;536843634395513459;196;-963;134
2021-11-13T11:20:32.596;536843634415274019;341;-948;124
2021-11-13T11:20:32.615;536843634435034579;342;-945;6
2021-11-13T11:20:32.635;536843634454795139;148;-958;45
2021-11-13T11:20:32.655;536843634474555699;216;-922;103
2021-11-13T11:20:32.675;536843634494308628;202;-912;33
2021-11-13T11:20:32.694;536843634514061542;131;-963;84
2021-11-13T11:20:32.714;536843634533814456;243;-877;158
2021-11-13T11:20:32.734;536843634553567370;204;-883;82
2021-11-13T11:20:32.754;536843634573320284;148;-840;-81
2021-11-13T11:20:32.773;536843634593073198;34;-967;36
2021-11-13T11:20:32.793;536843634612826112;45;-822;166
2021-11-13T11:20:32.813;536843634632579026;85;-881;143
2021-11-13T11:20:32.833;536843634652331940;34;-944;-21
2021-11-13T11:20:32.852;536843634672084854;-53;-962;204
2021-11-13T11:20:32.872;536843634691837768;130;-1008;212
2021-11-13T11:20:32.892;536843634711590682;35;-982;157
2021-11-13T11:20:32.912;536843634731343596;56;-1024;69
2021-11-13T11:20:32.931;536843634751096510;30;-956;160
2021-11-13T11:20:32.951;536843634770849424;40;-1000;157
2021-11-13T11:20:32.971;536843634790602338;99;-1012;121
2021-11-13T11:20:32.991;536843634810355252;-36;-928;281
2021-11-13T11:20:33.010;536843634830108166;139;-1002;88
2021-11-13T11:20:33.030;536843634849861080;-62;-997;116
2021-11-13T11:20:33.050;536843634869613994;16;-1055;174
2021-11-13T11:20:33.070;536843634889366908;186;-1043;255
2021-11-13T11:20:33.089;536843634909119822;-69;-1062;210
2021-11-13T11:20:33.109;536843634928872736;30;-1049;217
2021-11-13T11:20:33.129;536843634948625650;8;-1126;201
2021-11-13T11:20:33.149;536843634968378564;99;-1156;276
2021-11-13T11:20:33.168;536843634988131478;-92;-1104;269
2021-11-13T11:20:33.188;536843635007884392;37;-1115;178
2021-11-13T11:20:33.208;536843635027637306;-69;-1103;191
2021-11-13T11:20:33.228;536843635047390220;5;-1100;277
2021-11-13T11:20:33.247;536843635067143134;-31;-1111;275
2021-11-13T11:20:33.267;536843635086896048;73;-1117;240
2021-11-13T11:20:33.287;536843635106648962;21;-1120;271
2021-11-13T11:20:33.307;536843635126401876;24;-1135;205
2021-11-13T11:20:33.326;536843635146154790;11;-1112;254
2021-11-13T11:20:33.346;536843635165907704;157;-1113;329
2021-11-13T11:20:33.366;536843635185660618;110;-1126;257
2021-11-13T11:20:33.386;536843635205402273;74;-1154;236
2021-11-13T11:20:33.405;536843635225143900;41;-1199;182
2021-11-13T11:20:33.425;536843635244885527;55;-1147;231
2021-11-13T11:20:33.445;536843635264627154;86;-1128;356
2021-11-13T11:20:33.465;536843635284368781;109;-1107;306
2021-11-13T11:20:33.484;536843635304110408;222;-1178;303
2021-11-13T11:20:33.504;536843635323852035;-18;-1152;211
2021-11-13T11:20:33.524;536843635343593662;65;-1065;342
2021-11-13T11:20:33.544;536843635363335289;22;-1052;304
2021-11-13T11:20:33.563;536843635383076916;60;-1080;157
2021-11-13T11:20:33.583;536843635402818543;184;-1159;311
2021-11-13T11:20:33.603;536843635422560170;40;-1121;300
2021-11-13T11:20:33.623;536843635442301797;93;-1065;387
2021-11-13T11:20:33.642;536843635462043424;287;-1099;402
2021-11-13T11:20:33.662;536843635481785051;-23;-1065;304
2021-11-13T11:20:33.682;536843635501526678;118;-1048;296
2021-11-13T11:20:33.702;536843635521268305;34;-1010;358
2021-11-13T11:20:33.721;536843635541009932;36;-1025;256
2021-11-13T11:20:33.741;536843635560751559;79;-1061;259
2021-11-13T11:20:33.761;536843635580493186;59;-1059;273
2021-11-13T11:20:33.780;536843635600234813;75;-1030;278
2021-11-13T11:20:33.800;536843635619976440;63;-1021;262
2021-11-13T11:20:33.820;536843635639718067;53;-1025;282
2021-11-13T11:20:33.840;536843635659459694;40;-1013;320
2021-11-13T11:20:33.859;536843635679201321;69;-1018;274
2021-11-13T11:20:33.879;536843635698942948;73;-1011;312
2021-11-13T11:20:33.899;536843635718684575;18;-1028;256
2021-11-13T11:20:33.919;536843635738426202;97;-1031;281
2021-11-13T11:20:33.938;536843635758167829;-41;-1022;293
2021-11-13T11:20:33.958;536843635777909456;30;-1058;264
2021-11-13T11:20:33.978;536843635797651083;35;-1071;325
2021-11-13T11:20:33.998;536843635817392710;74;-1121;303
2021-11-13T11:20:34.017;536843635837134337;56;-1137;320
2021-11-13T11:20:34.037;536843635856875964;-11;-1143;308
2021-11-13T11:20:34.057;536843635876617591;59;-1178;276
2021-11-13T11:20:34.077;536843635896359218;20;-1213;328
2021-11-13T11:20:34.096;536843635916108512;30;-1254;309
2021-11-13T11:20:34.116;536843635935857785;90;-1287;387
2021-11-13T11:20:34.136;536843635955607058;41;-1301;359
2021-11-13T11:20:34.156;536843635975356331;55;-1279;362
2021-11-13T11:20:34.175;536843635995105604;50;-1274;358
2021-11-13T11:20:34.195;536843636014854877;64;-1276;310
2021-11-13T11:20:34.215;536843636034604150;-12;-1224;338
2021-11-13T11:20:34.235;536843636054353423;46;-1221;266
2021-11-13T11:20:34.254;536843636074102696;-33;-1210;279
2021-11-13T11:20:34.274;536843636093851969;8;-1204;243
2021-11-13T11:20:34.294;536843636113601242;38;-1177;235
2021-11-13T11:20:34.314;536843636133350515;78;-1156;261
2021-11-13T11:20:34.333;536843636153099788;27;-1115;273
2021-11-13T11:20:34.353;536843636172849061;62;-1089;237
2021-11-13T11:20:34.373;536843636192598334;-13;-1060;235
2021-11-13T11:20:34.393;536843636212347607;6;-1064;220
2021-11-13T11:20:34.412;536843636232096880;-68;-1039;137
2021-11-13T11:20:34.432;536843636251846153;-31;-1035;211
2021-11-13T11:20:34.452;536843636271595426;67;-1016;309
2021-11-13T11:20:34.472;536843636291344699;21;-1025;245
2021-11-13T11:20:34.491;536843636311093972;10;-1011;185
2021-11-13T11:20:34.511;536843636330843245;-35;-1023;162
2021-11-13T11:20:34.531;536843636350592518;-46;-972;197
2021-11-13T11:20:34.551;536843636370341791;-48;-975;96
2021-11-13T11:20:34.570;536843636390091064;-108;-934;178
2021-11-13T11:20:34.590;536843636409840337;-63;-965;148
2021-11-13T11:20:34.610;536843636429589610;-63;-946;117
2021-11-13T11:20:34.630;536843636449338883;-84;-890;190
2021-11-13T11:20:34.649;536843636469088156;1;-951;110
2021-11-13T11:20:34.669;536843636488837429;-61;-885;127
2021-11-13T11:20:34.689;536843636508586702;-46;-871;175
2021-11-13T11:20:34.709;536843636528335975;12;-911;103
2021-11-13T11:20:34.728;536843636548085248;-87;-884;165
2021-11-13T11:20:34.748;536843636567834521;-33;-912;72
2021-11-13T11:20:34.768;536843636587583794;15;-941;25
2021-11-13T11:20:34.788;536843636607333067;-63;-930;134
2021-11-13T11:20:34.807;536843636627161534;13;-938;123
2021-11-13T11:20:34.827;536843636646989976;-15;-972;83
2021-11-13T11:20:34.847;536843636666818418;-41;-994;148
2021-11-13T11:20:34.867;536843636686646860;183;-979;63
2021-11-13T11:20:34.887;536843636706475302;9;-946;72
2021-11-13T11:20:34.907;536843636726303744;38;-1019;98
2021-11-13T11:20:34.926;536843636746132186;31;-939;137
2021-11-13T11:20:34.946;536843636765960628;55;-968;110
2021-11-13T11:20:34.966;536843636785789070;45;-934;49
2021-11-13T11:20:34.986;536843636805617512;102;-1055;16
2021-11-13T11:20:35.006;536843636825445954;176;-998;31
2021-11-13T11:20:35.026;536843636845274396;157;-1049;86
2021-11-13T11:20:35.045;536843636865102838;108;-1006;116
2021-11-13T11:20:35.065;536843636884931280;194;-1048;-68
2021-11-13T11:20:35.085;536843636904759722;79;-1038;-10
2021-11-13T11:20:35.105;536843636924588164;258;-959;120
2021-11-13T11:20:35.125;536843636944416606;238;-1008;66
2021-11-13T11:20:35.144;536843636964245048;220;-1024;-185
2021-11-13T11:20:35.164;536843636984073490;1755;-731;-237
2021-11-13T11:20:35.184;536843637003901932;-438;-1360;89
2021-11-13T11:20:35.204;536843637023730374;312;-901;104
2021-11-13T11:20:35.224;536843637043558816;-146;-988;110
2021-11-13T11:20:35.244;536843637063387258;-124;-1007;174
2021-11-13T11:20:35.263;536843637083215700;119;-1045;266
2021-11-13T11:20:35.283;536843637103044142;75;-1047;229
2021-11-13T11:20:35.303;536843637122872584;157;-1113;155
2021-11-13T11:20:35.323;536843637142701026;135;-1104;185
2021-11-13T11:20:35.343;536843637162529468;-73;-983;304
2021-11-13T11:20:35.363;536843637182357910;-13;-993;258
2021-11-13T11:20:35.382;536843637202186352;90;-999;235
2021-11-13T11:20:35.402;536843637222014794;183;-1034;210
2021-11-13T11:20:35.422;536843637241843236;1882;-1049;-473
2021-11-13T11:20:35.442;536843637261671678;-823;-781;376
2021-11-13T11:20:35.462;536843637281500120;644;-1242;117
2021-11-13T11:20:35.482;536843637301328562;-128;-881;224
2021-11-13T11:20:35.501;536843637321157004;157;-967;238
2021-11-13T11:20:35.521;536843637340831499;166;-1043;183
2021-11-13T11:20:35.541;536843637360505972;304;-995;134
2021-11-13T11:20:35.560;536843637380180445;291;-1041;18
2021-11-13T11:20:35.580;536843637399854918;176;-1054;104
2021-11-13T11:20:35.600;536843637419529391;169;-975;183
2021-11-13T11:20:35.619;536843637439203864;175;-935;169
2021-11-13T11:20:35.639;536843637458878337;202;-989;117
2021-11-13T11:20:35.659;536843637478552810;214;-997;81
2021-11-13T11:20:35.678;536843637498227283;335;-991;92
2021-11-13T11:20:35.698;536843637517901756;175;-977;0
2021-11-13T11:20:35.718;536843637537576229;96;-953;42
2021-11-13T11:20:35.738;536843637557250702;168;-919;102
2021-11-13T11:20:35.757;536843637576925175;148;-927;30
2021-11-13T11:20:35.777;536843637596599648;78;-934;72
2021-11-13T11:20:35.797;536843637616274121;145;-943;61
2021-11-13T11:20:35.816;536843637635948594;116;-900;62
2021-11-13T11:20:35.836;536843637655623067;28;-869;46
2021-11-13T11:20:35.856;536843637675297540;-30;-920;92
2021-11-13T11:20:35.875;536843637694972013;32;-945;225
2021-11-13T11:20:35.895;536843637714646486;42;-937;134
2021-11-13T11:20:35.915;536843637734320959;-2;-932;28
2021-11-13T11:20:35.934;536843637753995432;-78;-969;173
2021-11-13T11:20:35.954;536843637773669905;5;-944;201
2021-11-13T11:20:35.974;536843637793344378;52;-933;75
2021-11-13T11:20:35.993;536843637813018851;-64;-1052;95
2021-11-13T11:20:36.013;536843637832693324;-15;-1013;266
2021-11-13T11:20:36.033;536843637852367797;136;-1040;243
2021-11-13T11:20:36.052;536843637872042270;14;-1056;102
2021-11-13T11:20:36.072;536843637891716743;-20;-1023;165
2021-11-13T11:20:36.092;536843637911391216;63;-1062;108
2021-11-13T11:20:36.111;536843637931065689;-63;-1034;166
2021-11-13T11:20:36.131;536843637950740162;76;-1045;289
2021-11-13T11:20:36.151;536843637970414635;20;-1040;320
2021-11-13T11:20:36.170;536843637990089108;71;-1087;251
2021-11-13T11:20:36.190;536843638009763581;19;-1059;152
2021-11-13T11:20:36.210;536843638029438054;44;-1072;151
2021-11-13T11:20:36.229;536843638049191350;-41;-1083;202
2021-11-13T11:20:36.249;536843638068944628;29;-1076;198
2021-11-13T11:20:36.269;536843638088697906;104;-1105;353
2021-11-13T11:20:36.289;536843638108451184;90;-1164;209
2021-11-13T11:20:36.308;536843638128204462;97;-1182;212
2021-11-13T11:20:36.328;536843638147957740;-10;-1158;200
2021-11-13T11:20:36.348;536843638167711018;42;-1128;246
2021-11-13T11:20:36.368;536843638187464296;-22;-1084;250
2021-11-13T11:20:36.387;536843638207217574;8;-1092;123
2021-11-13T11:20:36.407;536843638226970852;56;-1125;189
2021-11-13T11:20:36.427;536843638246724130;91;-1094;239
2021-11-13T11:20:36.447;536843638266477408;-17;-1063;228
2021-11-13T11:20:36.466;536843638286230686;78;-1091;246
2021-11-13T11:20:36.486;536843638305983964;72;-1067;271
2021-11-13T11:20:36.506;536843638325737242;1;-1072;155
2021-11-13T11:20:36.526;536843638345490520;72;-1081;169
2021-11-13T11:20:36.545;536843638365243798;79;-1089;239
2021-11-13T11:20:36.565;536843638384997076;-1;-1060;193
2021-11-13T11:20:36.585;536843638404750354;96;-1088;120
2021-11-13T11:20:36.605;536843638424503632;-10;-1078;164
2021-11-13T11:20:36.625;536843638444256910;31;-1107;215
2021-11-13T11:20:36.644;536843638464010188;82;-1080;232
2021-11-13T11:20:36.664;536843638483763466;92;-1152;158
2021-11-13T11:20:36.684;536843638503516744;60;-1174;167
2021-11-13T11:20:36.704;536843638523270022;130;-1139;323
2021-11-13T11:20:36.723;536843638543023300;66;-1117;326
2021-11-13T11:20:36.743;536843638562776578;116;-1191;244
2021-11-13T11:20:36.763;536843638582529856;72;-1140;285
2021-11-13T11:20:36.783;536843638602283134;-3;-1133;239
2021-11-13T11:20:36.802;536843638622036412;53;-1092;243
2021-11-13T11:20:36.822;536843638641789690;56;-1078;296
2021-11-13T11:20:36.842;536843638661542968;102;-1065;294
2021-11-13T11:20:36.862;536843638681296246;28;-1053;270
2021-11-13T11:20:36.881;536843638701049524;123;-1084;263
2021-11-13T11:20:36.901;536843638720802802;-7;-1026;245
2021-11-13T11:20:36.921;536843638740556080;49;-1026;260
2021-11-13T11:20:36.941;536843638760301372;72;-1015;272
2021-11-13T11:20:36.960;536843638780046640;95;-1041;287
2021-11-13T11:20:36.980;536843638799791908;128;-1061;328
2021-11-13T11:20:37.000;536843638819537176;89;-1079;257
2021-11-13T11:20:37.020;536843638839282444;29;-1078;289
2021-11-13T11:20:37.039;536843638859027712;20;-1097;257
2021-11-13T11:20:37.059;536843638878772980;35;-1141;283
2021-11-13T11:20:37.079;536843638898518248;98;-1195;289
2021-11-13T11:20:37.099;536843638918263516;28;-1228;304
2021-11-13T11:20:37.118;536843638938008784;74;-1257;273
2021-11-13T11:20:37.138;536843638957754052;30;-1297;300
2021-11-13T11:20:37.158;536843638977499320;50;-1304;348
2021-11-13T11:20:37.177;536843638997244588;43;-1309;343
2021-11-13T11:20:37.197;536843639016989856;20;-1331;274
2021-11-13T11:20:37.217;536843639036735124;127;-1312;319
2021-11-13T11:20:37.237;536843639056480392;-48;-1264;259
2021-11-13T11:20:37.256;536843639076225660;27;-1241;274
2021-11-13T11:20:37.276;536843639095970928;-20;-1243;197
2021-11-13T11:20:37.296;536843639115716196;-10;-1218;227
2021-11-13T11:20:37.316;536843639135461464;40;-1222;288
2021-11-13T11:20:37.335;536843639155206732;49;-1169;271
2021-11-13T11:20:37.355;536843639174952000;28;-1148;252
2021-11-13T11:20:37.375;536843639194697268;-1;-1110;269
2021-11-13T11:20:37.395;536843639214442536;-15;-1066;247
2021-11-13T11:20:37.414;536843639234187804;-1;-1041;196
2021-11-13T11:20:37.434;536843639253933072;-76;-1021;234
2021-11-13T11:20:37.454;536843639273678340;-64;-1016;173
2021-11-13T11:20:37.474;536843639293423608;-75;-973;158
2021-11-13T11:20:37.493;536843639313168876;-52;-975;179
2021-11-13T11:20:37.513;536843639332914144;-82;-949;215
2021-11-13T11:20:37.533;536843639352659412;-28;-947;115
2021-11-13T11:20:37.553;536843639372404680;-86;-958;147
2021-11-13T11:20:37.572;536843639392149948;-42;-935;118
2021-11-13T11:20:37.592;536843639411895216;-70;-916;122
2021-11-13T11:20:37.612;536843639431640484;-43;-902;138
2021-11-13T11:20:37.632;536843639451385752;-63;-894;99
2021-11-13T11:20:37.651;536843639471127405;12;-937;50
2021-11-13T11:20:37.671;536843639490869032;-38;-859;184
2021-11-13T11:20:37.691;536843639510610659;-25;-891;65
2021-11-13T11:20:37.711;536843639530352286;15;-864;34
2021-11-13T11:20:37.730;536843639550093913;21;-875;111
2021-11-13T11:20:37.750;536843639569835540;101;-917;19
2021-11-13T11:20:37.770;536843639589577167;-30;-942;131
2021-11-13T11:20:37.790;536843639609318794;-5;-937;200
2021-11-13T11:20:37.809;536843639629060421;188;-966;52
2021-11-13T11:20:37.829;536843639648802048;-50;-986;82
2021-11-13T11:20:37.849;536843639668543675;88;-1010;36
2021-11-13T11:20:37.869;536843639688285302;197;-981;6
2021-11-13T11:20:37.888;536843639708026929;53;-958;160
2021-11-13T11:20:37.908;536843639727768556;177;-953;208
2021-11-13T11:20:37.928;536843639747510183;180;-1001;109
2021-11-13T11:20:37.948;536843639767251810;128;-938;86
2021-11-13T11:20:37.967;536843639786993437;96;-969;69
2021-11-13T11:20:37.987;536843639806735064;208;-940;-44
2021-11-13T11:20:38.007;536843639826476691;-30;-947;151
2021-11-13T11:20:38.026;536843639846218318;106;-998;135
2021-11-13T11:20:38.046;536843639865959945;122;-1016;53
2021-11-13T11:20:38.066;536843639885701572;164;-1094;-21
2021-11-13T11:20:38.086;536843639905443199;204;-1083;27
2021-11-13T11:20:38.105;536843639925184826;164;-1024;110
2021-11-13T11:20:38.125;536843639944926453;8;-1013;160
2021-11-13T11:20:38.145;536843639964668080;41;-1010;125
2021-11-13T11:20:38.165;536843639984409707;163;-1037;74
2021-11-13T11:20:38.184;536843640004151334;169;-1085;41
2021-11-13T11:20:38.204;536843640023892961;106;-1047;102
2021-11-13T11:20:38.224;536843640043634588;117;-1110;-9
2021-11-13T11:20:38.244;536843640063376215;625;-892;45
2021-11-13T11:20:38.263;536843640083117842;-24;-1279;170
2021-11-13T11:20:38.283;536843640102859469;111;-992;81
2021-11-13T11:20:38.303;536843640122601096;-159;-1024;173
2021-11-13T11:20:38.323;536843640142342723;3;-980;213
2021-11-13T11:20:38.342;536843640162084350;3;-1006;151
2021-11-13T11:20:38.362;536843640181830375;40;-1022;185
2021-11-13T11:20:38.382;536843640201576371;962;-1012;-342
2021-11-13T11:20:38.402;536843640221322367;-569;-1066;259
2021-11-13T11:20:38.421;536843640241068363;261;-1020;126
2021-11-13T11:20:38.441;536843640260814359;-107;-1010;326
2021-11-13T11:20:38.461;536843640280560355;174;-1113;55
2021-11-13T11:20:38.481;536843640300306351;227;-1059;205
2021-11-13T11:20:38.500;536843640320052347;111;-1157;191
2021-11-13T11:20:38.520;536843640339798343;143;-1050;106
2021-11-13T11:20:38.540;536843640359544339;68;-1100;109
2021-11-13T11:20:38.560;536843640379290335;105;-1052;146
2021-11-13T11:20:38.579;536843640399036331;165;-1010;213
2021-11-13T11:20:38.599;536843640418782327;206;-1019;85
2021-11-13T11:20:38.619;536843640438528323;141;-1040;33
2021-11-13T11:20:38.639;536843640458274319;222;-1016;1
2021-11-13T11:20:38.658;536843640478020315;167;-994;49
2021-11-13T11:20:38.678;536843640497766311;197;-965;148
2021-11-13T11:20:38.698;536843640517512307;220;-963;102
2021-11-13T11:20:38.718;536843640537258303;168;-1006;65
2021-11-13T11:20:38.737;536843640557004299;249;-978;18
2021-11-13T11:20:38.757;536843640576750295;121;-988;93
2021-11-13T11:20:38.777;536843640596496291;175;-963;97
2021-11-13T11:20:38.796;536843640616242287;177;-954;26
2021-11-13T11:20:38.816;536843640635988283;117;-972;20
2021-11-13T11:20:38.836;536843640655734279;51;-957;185
2021-11-13T11:20:38.856;536843640675480275;199;-960;139
2021-11-13T11:20:38.875;536843640695226271;130;-937;2
2021-11-13T11:20:38.895;536843640714972267;17;-969;108
2021-11-13T11:20:38.915;536843640734718263;82;-904;160
2021-11-13T11:20:38.935;536843640754464259;104;-894;83
2021-11-13T11:20:38.954;536843640774210255;-48;-815;98
2021-11-13T11:20:38.974;536843640793956251;80;-941;-24
2021-11-13T11:20:38.994;536843640813702247;-115;-840;175
2021-11-13T11:20:39.014;536843640833448243;13;-943;302
2021-11-13T11:20:39.033;536843640853194239;-48;-947;197
2021-11-13T11:20:39.053;536843640872940235;66;-930;169
2021-11-13T11:20:39.073;536843640892688795;88;-1061;203
2021-11-13T11:20:39.093;536843640912437340;-15;-967;247
2021-11-13T11:20:39.112;536843640932185885;58;-959;186
2021-11-13T11:20:39.132;536843640951934430;-9;-1019;-19
2021-11-13T11:20:39.152;536843640971682975;-122;-984;204
2021-11-13T11:20:39.172;536843640991431520;62;-1027;250
2021-11-13T11:20:39.191;536843641011180065;20;-1042;129
2021-11-13T11:20:39.211;536843641030928610;-4;-1084;152
2021-11-13T11:20:39.231;536843641050677155;19;-1136;221
2021-11-13T11:20:39.251;536843641070425700;84;-1154;263
2021-11-13T11:20:39.270;536843641090174245;-36;-1117;375
2021-11-13T11:20:39.290;536843641109922790;39;-1070;286
2021-11-13T11:20:39.310;536843641129671335;-1;-1090;157
2021-11-13T11:20:39.330;536843641149419880;-70;-1035;152
2021-11-13T11:20:39.349;536843641169168425;-121;-998;241
2021-11-13T11:20:39.369;536843641188916970;-65;-1016;251
2021-11-13T11:20:39.389;536843641208665515;-33;-1095;197
2021-11-13T11:20:39.409;536843641228414060;18;-1151;202
2021-11-13T11:20:39.428;536843641248162605;-5;-1198;219
2021-11-13T11:20:39.448;536843641267911150;-17;-1164;314
2021-11-13T11:20:39.468;536843641287659695;40;-1186;257
2021-11-13T11:20:39.488;536843641307408240;45;-1189;269
2021-11-13T11:20:39.507;536843641327156785;-36;-1243;209
2021-11-13T11:20:39.527;536843641346905330;133;-1142;356
2021-11-13T11:20:39.547;536843641366653875;111;-1137;366
2021-11-13T11:20:39.567;536843641386402420;84;-1116;324
2021-11-13T11:20:39.586;536843641406150965;-29;-1105;220
2021-11-13T11:20:39.606;536843641425899510;-1;-1126;181
2021-11-13T11:20:39.626;536843641445648055;-54;-1063;224
2021-11-13T11:20:39.646;536843641465396600;119;-1082;323
2021-11-13T11:20:39.665;536843641485145145;72;-1051;318
2021-11-13T11:20:39.685;536843641504893690;104;-1116;240
2021-11-13T11:20:39.705;536843641524642235;66;-1086;220
2021-11-13T11:20:39.725;536843641544390780;54;-1108;261
2021-11-13T11:20:39.744;536843641564139325;75;-1075;260
2021-11-13T11:20:39.764;536843641583887870;36;-1046;210
2021-11-13T11:20:39.784;536843641603632795;81;-1117;149
2021-11-13T11:20:39.804;536843641623377699;87;-1051;272
2021-11-13T11:20:39.823;536843641643122603;58;-1073;236
2021-11-13T11:20:39.843;536843641662867507;32;-1045;208
2021-11-13T11:20:39.863;536843641682612411;78;-1063;222
2021-11-13T11:20:39.883;536843641702357315;42;-1031;242
2021-11-13T11:20:39.902;536843641722102219;58;-1006;264
2021-11-13T11:20:39.922;536843641741847123;63;-1011;211
2021-11-13T11:20:39.942;536843641761592027;-13;-1019;200
2021-11-13T11:20:39.962;536843641781336931;27;-1040;198
2021-11-13T11:20:39.981;536843641801081835;-44;-1037;216
2021-11-13T11:20:40.001;536843641820826739;93;-1049;222
2021-11-13T11:20:40.021;536843641840571643;79;-1092;232
2021-11-13T11:20:40.041;536843641860316547;36;-1098;247
2021-11-13T11:20:40.060;536843641880061451;106;-1125;256
2021-11-13T11:20:40.080;536843641899806355;-8;-1183;255
2021-11-13T11:20:40.100;536843641919551259;113;-1213;302
2021-11-13T11:20:40.120;536843641939296163;125;-1257;233
2021-11-13T11:20:40.139;536843641959041067;60;-1265;275
2021-11-13T11:20:40.159;536843641978785971;61;-1284;279
2021-11-13T11:20:40.179;536843641998530875;-4;-1281;253
2021-11-13T11:20:40.199;536843642018275779;23;-1339;280
2021-11-13T11:20:40.218;536843642038020683;128;-1324;364
2021-11-13T11:20:40.238;536843642057765587;61;-1315;274
2021-11-13T11:20:40.258;536843642077510491;-8;-1262;322
2021-11-13T11:20:40.278;536843642097255395;26;-1267;329
2021-11-13T11:20:40.297;536843642117000299;32;-1245;299
2021-11-13T11:20:40.317;536843642136745203;73;-1222;312
2021-11-13T11:20:40.337;536843642156490107;78;-1195;308
2021-11-13T11:20:40.356;536843642176235011;83;-1143;250
2021-11-13T11:20:40.376;536843642195979915;-66;-1067;290
2021-11-13T11:20:40.396;536843642215724819;65;-1068;251
2021-11-13T11:20:40.416;536843642235469723;-24;-1049;197
2021-11-13T11:20:40.435;536843642255214627;-33;-1018;178
2021-11-13T11:20:40.455;536843642274959531;-24;-991;223
2021-11-13T11:20:40.475;536843642294704435;-24;-990;237
2021-11-13T11:20:40.495;536843642314448987;-13;-948;176
2021-11-13T11:20:40.514;536843642334193527;-82;-983;207
2021-11-13T11:20:40.534;536843642353938067;-90;-969;130
2021-11-13T11:20:40.554;536843642373682607;-12;-932;219
2021-11-13T11:20:40.574;536843642393427147;-61;-916;180
2021-11-13T11:20:40.593;536843642413171687;-33;-917;111
2021-11-13T11:20:40.613;536843642432916227;-72;-903;189
2021-11-13T11:20:40.633;536843642452660767;-15;-936;125
2021-11-13T11:20:40.653;536843642472405307;-125;-921;57
2021-11-13T11:20:40.672;536843642492149847;-67;-905;169
2021-11-13T11:20:40.692;536843642511894387;0;-943;100
2021-11-13T11:20:40.712;536843642531638927;-36;-946;132
2021-11-13T11:20:40.732;536843642551383467;-32;-959;139
2021-11-13T11:20:40.751;536843642571128007;71;-980;70
2021-11-13T11:20:40.771;536843642590872547;-70;-941;154
2021-11-13T11:20:40.791;536843642610617087;-38;-999;177
2021-11-13T11:20:40.811;536843642630361627;31;-998;189
2021-11-13T11:20:40.830;536843642650106167;52;-969;162
2021-11-13T11:20:40.850;536843642669850707;-34;-1000;98
2021-11-13T11:20:40.870;536843642689595247;40;-1005;59
2021-11-13T11:20:40.890;536843642709339787;65;-991;83
2021-11-13T11:20:40.909;536843642729084327;15;-951;76
2021-11-13T11:20:40.929;536843642748828867;118;-948;58
2021-11-13T11:20:40.949;536843642768573407;70;-1010;107
2021-11-13T11:20:40.969;536843642788317947;15;-936;207
2021-11-13T11:20:40.988;536843642808062487;14;-977;199
2021-11-13T11:20:41.008;536843642827807027;112;-995;98
2021-11-13T11:20:41.028;536843642847551567;108;-1031;159
2021-11-13T11:20:41.048;536843642867296107;163;-1033;57
2021-11-13T11:20:41.067;536843642887040647;-20;-981;132
2021-11-13T11:20:41.087;536843642906785187;98;-953;210
2021-11-13T11:20:41.107;536843642926529727;161;-1010;151
2021-11-13T11:20:41.127;536843642946274267;48;-958;206
2021-11-13T11:20:41.146;536843642966018807;210;-1003;136
2021-11-13T11:20:41.166;536843642985763347;69;-1015;188
2021-11-13T11:20:41.186;536843643005507887;187;-1015;179
2021-11-13T11:20:41.206;536843643025254282;53;-1026;199
2021-11-13T11:20:41.225;536843643045000642;135;-1032;223
2021-11-13T11:20:41.245;536843643064747002;161;-1018;168
2021-11-13T11:20:41.265;536843643084493362;137;-1016;110
2021-11-13T11:20:41.284;536843643104239722;170;-1032;175
2021-11-13T11:20:41.304;536843643123986082;124;-1007;251
2021-11-13T11:20:41.324;536843643143732442;110;-1022;219
2021-11-13T11:20:41.344;536843643163478802;710;-1213;-296
2021-11-13T11:20:41.363;536843643183225162;266;-787;268
2021-11-13T11:20:41.383;536843643202971522;214;-1262;175
2021-11-13T11:20:41.403;536843643222717882;23;-911;223
2021-11-13T11:20:41.423;536843643242464242;-247;-932;344
2021-11-13T11:20:41.442;536843643262210602;207;-1048;261
2021-11-13T11:20:41.462;536843643281956962;103;-1108;184
2021-11-13T11:20:41.482;536843643301703322;177;-1066;173
2021-11-13T11:20:41.502;536843643321449682;-106;-997;279
2021-11-13T11:20:41.521;536843643341196042;378;-1109;-254
2021-11-13T11:20:41.541;536843643360942402;365;-625;362
2021-11-13T11:20:41.561;536843643380688762;148;-1442;187
2021-11-13T11:20:41.581;536843643400435122;269;-938;211
2021-11-13T11:20:41.600;536843643420181482;-104;-1006;287
2021-11-13T11:20:41.620;536843643439927842;104;-1085;200
2021-11-13T11:20:41.640;536843643459674202;218;-1089;191
2021-11-13T11:20:41.660;536843643479420562;190;-1063;143
2021-11-13T11:20:41.679;536843643499166922;253;-1078;92
2021-11-13T11:20:41.699;536843643518913282;189;-1097;146
2021-11-13T11:20:41.719;536843643538659642;226;-1007;138
2021-11-13T11:20:41.739;536843643558406002;220;-1004;61
2021-11-13T11:20:41.758;536843643578152362;221;-984;9
2021-11-13T11:20:41.778;536843643597898722;208;-967;92
2021-11-13T11:20:41.798;536843643617645082;197;-981;34
2021-11-13T11:20:41.818;536843643637391442;154;-963;42
2021-11-13T11:20:41.837;536843643657137802;276;-995;0
2021-11-13T11:20:41.857;536843643676884162;185;-1003;81
2021-11-13T11:20:41.877;536843643696630522;221;-960;53
2021-11-13T11:20:41.897;536843643716376882;208;-936;-10
2021-11-13T11:20:41.916;536843643736122539;153;-971;49
2021-11-13T11:20:41.936;536843643755868171;213;-955;67
2021-11-13T11:20:41.956;536843643775613803;214;-951;18
2021-11-13T11:20:41.976;536843643795359435;169;-964;-22
2021-11-13T11:20:41.995;536843643815105067;15;-915;100
2021-11-13T11:20:42.015;536843643834850699;235;-915;121
2021-11-13T11:20:42.035;536843643854596331;168;-945;29
2021-11-13T11:20:42.055;536843643874341963;41;-951;168
2021-11-13T11:20:42.074;536843643894087595;141;-926;167
2021-11-13T11:20:42.094;536843643913833227;125;-893;60
2021-11-13T11:20:42.114;536843643933578859;57;-977;52
2021-11-13T11:20:42.134;536843643953324491;-121;-879;260
2021-11-13T11:20:42.153;536843643973070123;81;-966;200
2021-11-13T11:20:42.173;536843643992815755;41;-1018;111
2021-11-13T11:20:42.193;536843644012561387;-23;-1060;171
2021-11-13T11:20:42.213;536843644032307019;85;-1047;229
2021-11-13T11:20:42.232;536843644052052651;21;-1049;195
2021-11-13T11:20:42.252;536843644071798283;-46;-1006;251
2021-11-13T11:20:42.272;536843644091543915;12;-995;179
2021-11-13T11:20:42.292;536843644111289547;41;-991;182
2021-11-13T11:20:42.311;536843644131035179;80;-1018;302
2021-11-13T11:20:42.331;536843644150780811;65;-1013;221
2021-11-13T11:20:42.351;536843644170526443;-32;-981;184
2021-11-13T11:20:42.371;536843644190272075;46;-1011;179
2021-11-13T11:20:42.390;536843644210017707;45;-1007;216
2021-11-13T11:20:42.410;536843644229763339;73;-1036;177
2021-11-13T11:20:42.430;536843644249508971;21;-1074;119
2021-11-13T11:20:42.450;536843644269254603;23;-1084;186
2021-11-13T11:20:42.469;536843644289000235;32;-1074;278
2021-11-13T11:20:42.489;536843644308745867;83;-1099;190
2021-11-13T11:20:42.509;536843644328491499;49;-1120;226
2021-11-13T11:20:42.528;536843644348237131;91;-1121;317
2021-11-13T11:20:42.548;536843644367982763;-25;-1101;240
2021-11-13T11:20:42.568;536843644387728395;-3;-1102;254
2021-11-13T11:20:42.588;536843644407474027;20;-1139;261
2021-11-13T11:20:42.607;536843644427219659;11;-1106;224
2021-11-13T11:20:42.627;536843644446964582;33;-1062;242
2021-11-13T11:20:42.647;536843644466709486;43;-1135;129
2021-11-13T11:20:42.667;536843644486454390;-3;-1102;209
2021-11-13T11:20:42.686;536843644506199294;36;-1101;211
2021-11-13T11:20:42.706;536843644525944198;23;-1123;240
2021-11-13T11:20:42.726;536843644545689102;50;-1104;334
2021-11-13T11:20:42.746;536843644565434006;109;-1129;239
2021-11-13T11:20:42.765;536843644585178910;-89;-1104;187
2021-11-13T11:20:42.785;536843644604923814;42;-1084;176
2021-11-13T11:20:42.805;536843644624668718;11;-1059;229
2021-11-13T11:20:42.825;536843644644413622;-68;-1032;200
2021-11-13T11:20:42.844;536843644664158526;-71;-1004;171
2021-11-13T11:20:42.864;536843644683903430;-10;-1027;205
2021-11-13T11:20:42.884;536843644703648334;89;-1086;195
2021-11-13T11:20:42.904;536843644723393238;-40;-1066;174
2021-11-13T11:20:42.923;536843644743138142;82;-1087;171
2021-11-13T11:20:42.943;536843644762883046;46;-1057;187
2021-11-13T11:20:42.963;536843644782627950;72;-1115;167
2021-11-13T11:20:42.983;536843644802372854;70;-1133;212
2021-11-13T11:20:43.002;536843644822117758;138;-1143;208
2021-11-13T11:20:43.022;536843644841862662;44;-1127;171
2021-11-13T11:20:43.042;536843644861607566;147;-1146;191
2021-11-13T11:20:43.062;536843644881352470;142;-1152;234
2021-11-13T11:20:43.081;536843644901097374;106;-1210;260
2021-11-13T11:20:43.101;536843644920842278;89;-1253;261
2021-11-13T11:20:43.121;536843644940587182;170;-1303;326
2021-11-13T11:20:43.141;536843644960332086;87;-1289;326
2021-11-13T11:20:43.160;536843644980076990;173;-1343;294
2021-11-13T11:20:43.180;536843644999821894;67;-1382;281
2021-11-13T11:20:43.200;536843645019566798;139;-1422;290
2021-11-13T11:20:43.220;536843645039311702;-63;-1338;250
2021-11-13T11:20:43.239;536843645059056606;99;-1315;260
2021-11-13T11:20:43.259;536843645078801510;73;-1311;359
2021-11-13T11:20:43.279;536843645098546414;168;-1302;325
2021-11-13T11:20:43.299;536843645118291318;-36;-1187;288
2021-11-13T11:20:43.318;536843645138036222;11;-1187;219
2021-11-13T11:20:43.338;536843645157777510;-31;-1163;264
2021-11-13T11:20:43.358;536843645177518773;22;-1169;221
2021-11-13T11:20:43.378;536843645197260036;-84;-1083;247
2021-11-13T11:20:43.397;536843645217001299;-124;-1073;195
2021-11-13T11:20:43.417;536843645236742562;-55;-1070;197
2021-11-13T11:20:43.437;536843645256483825;-55;-1055;222
2021-11-13T11:20:43.456;536843645276225088;-67;-1053;186
2021-11-13T11:20:43.476;536843645295966351;-151;-998;215
2021-11-13T11:20:43.496;536843645315707614;-125;-997;201
2021-11-13T11:20:43.516;536843645335448877;-110;-1007;158
2021-11-13T11:20:43.535;536843645355190140;-65;-1013;189
2021-11-13T11:20:43.555;536843645374931403;-44;-1021;169
2021-11-13T11:20:43.575;536843645394672666;-66;-1003;230
2021-11-13T11:20:43.595;536843645414413929;-34;-986;248
2021-11-13T11:20:43.614;536843645434155192;-54;-983;116
2021-11-13T11:20:43.634;536843645453896455;-35;-1001;154
2021-11-13T11:20:43.654;536843645473637718;-36;-1008;97
2021-11-13T11:20:43.674;536843645493378981;-85;-965;137
2021-11-13T11:20:43.693;536843645513120244;0;-976;165
2021-11-13T11:20:43.713;536843645532861507;-60;-919;160
2021-11-13T11:20:43.733;536843645552602770;-11;-941;149
2021-11-13T11:20:43.753;536843645572344033;12;-943;128
2021-11-13T11:20:43.772;536843645592085296;-7;-923;85
2021-11-13T11:20:43.792;536843645611826559;-94;-928;95
2021-11-13T11:20:43.812;536843645631567822;-41;-927;86
2021-11-13T11:20:43.832;536843645651309085;-24;-924;95
2021-11-13T11:20:43.851;536843645671050348;15;-923;108
2021-11-13T11:20:43.871;536843645690791611;-7;-967;88
2021-11-13T11:20:43.891;536843645710532874;14;-906;149
2021-11-13T11:20:43.911;536843645730274137;-15;-905;190
2021-11-13T11:20:43.930;536843645750015400;42;-948;149
2021-11-13T11:20:43.950;536843645769756663;49;-951;128
2021-11-13T11:20:43.970;536843645789497926;51;-968;118
2021-11-13T11:20:43.989;536843645809239189;22;-984;109
2021-11-13T11:20:44.009;536843645828980452;97;-971;75
2021-11-13T11:20:44.029;536843645848721715;-7;-963;97
2021-11-13T11:20:44.049;536843645868573318;142;-1025;127
2021-11-13T11:20:44.069;536843645888424900;93;-1001;114
2021-11-13T11:20:44.089;536843645908276482;12;-997;161
2021-11-13T11:20:44.108;536843645928128064;63;-1006;180
2021-11-13T11:20:44.128;536843645947979646;75;-1029;135
2021-11-13T11:20:44.148;536843645967831228;113;-1044;92
2021-11-13T11:20:44.168;536843645987682810;87;-1093;84
2021-11-13T11:20:44.188;536843646007534392;98;-983;117
2021-11-13T11:20:44.208;536843646027385974;-14;-973;261
2021-11-13T11:20:44.227;536843646047237556;220;-1004;177
2021-11-13T11:20:44.247;536843646067089138;70;-1000;191
2021-11-13T11:20:44.267;536843646086940720;263;-1022;156
2021-11-13T11:20:44.287;536843646106792302;75;-1015;137
2021-11-13T11:20:44.307;536843646126643884;62;-1005;150
2021-11-13T11:20:44.327;536843646146495466;528;-1252;-438
2021-11-13T11:20:44.347;536843646166347048;588;-711;166
2021-11-13T11:20:44.366;536843646186198630;72;-1406;192
2021-11-13T11:20:44.386;536843646206050212;107;-796;245
2021-11-13T11:20:44.406;536843646225901794;-298;-977;334
2021-11-13T11:20:44.426;536843646245753376;-17;-1013;238
2021-11-13T11:20:44.446;536843646265604958;93;-1095;234
2021-11-13T11:20:44.466;536843646285456540;85;-1053;180
2021-11-13T11:20:44.486;536843646305308122;-110;-1074;216
2021-11-13T11:20:44.505;536843646325159704;-88;-1020;229
2021-11-13T11:20:44.525;536843646345011286;-81;-1000;339
2021-11-13T11:20:44.545;536843646364862868;1089;-1309;-595
2021-11-13T11:20:44.565;536843646384714450;-346;-739;535
2021-11-13T11:20:44.585;536843646404566032;277;-1242;133
2021-11-13T11:20:44.605;536843646424417614;-162;-918;191
2021-11-13T11:20:44.625;536843646444269196;-141;-1000;291
2021-11-13T11:20:44.644;536843646464120778;51;-1031;224
2021-11-13T11:20:44.664;536843646483972360;118;-1114;139
2021-11-13T11:20:44.684;536843646503823942;125;-1122;58
2021-11-13T11:20:44.704;536843646523675524;97;-1085;107
2021-11-13T11:20:44.724;536843646543527106;23;-1050;178
2021-11-13T11:20:44.744;536843646563378688;147;-1032;171
2021-11-13T11:20:44.763;536843646583013293;183;-1022;72
2021-11-13T11:20:44.783;536843646602647878;173;-1059;57
2021-11-13T11:20:44.803;536843646622282463;174;-1025;22
2021-11-13T11:20:44.822;536843646641917048;124;-1015;5
2021-11-13T11:20:44.842;536843646661551633;156;-987;82
2021-11-13T11:20:44.861;536843646681186218;193;-986;77
2021-11-13T11:20:44.881;536843646700820803;158;-1005;76
2021-11-13T11:20:44.901;536843646720455388;172;-989;60
2021-11-13T11:20:44.920;536843646740089973;175;-1012;69
2021-11-13T11:20:44.940;536843646759724558;197;-1000;77
2021-11-13T11:20:44.960;536843646779359143;123;-1008;85
2021-11-13T11:20:44.979;536843646798993728;107;-995;102
2021-11-13T11:20:44.999;536843646818628313;126;-975;60
2021-11-13T11:20:45.019;536843646838262898;199;-943;25
2021-11-13T11:20:45.038;536843646857897483;169;-973;75
2021-11-13T11:20:45.058;536843646877532068;106;-911;144
2021-11-13T11:20:45.077;536843646897166653;147;-881;139
2021-11-13T11:20:45.097;536843646916801238;107;-837;51
2021-11-13T11:20:45.117;536843646936435823;109;-872;0
2021-11-13T11:20:45.136;536843646956070408;27;-898;142
2021-11-13T11:20:45.156;536843646975704993;82;-906;165
2021-11-13T11:20:45.176;536843646995339578;70;-908;106
2021-11-13T11:20:45.195;536843647014974163;34;-984;103
2021-11-13T11:20:45.215;536843647034608748;38;-984;203
2021-11-13T11:20:45.234;536843647054243333;50;-1007;165
2021-11-13T11:20:45.254;536843647073877918;33;-1041;106
2021-11-13T11:20:45.274;536843647093512503;27;-999;261
2021-11-13T11:20:45.293;536843647113147088;104;-1063;198
2021-11-13T11:20:45.313;536843647132781673;-1;-1037;211
2021-11-13T11:20:45.333;536843647152416258;20;-1035;136
2021-11-13T11:20:45.352;536843647172050843;66;-998;69
2021-11-13T11:20:45.372;536843647191685428;5;-1048;131
2021-11-13T11:20:45.392;536843647211320013;11;-1008;249
2021-11-13T11:20:45.411;536843647230954598;1;-1017;222
2021-11-13T11:20:45.431;536843647250589183;33;-1049;140
2021-11-13T11:20:45.450;536843647270223768;93;-1028;385
2021-11-13T11:20:45.470;536843647289959582;96;-1057;295
2021-11-13T11:20:45.490;536843647309695384;-71;-990;157
2021-11-13T11:20:45.510;536843647329431186;8;-1029;177
2021-11-13T11:20:45.529;536843647349166988;14;-1076;205
2021-11-13T11:20:45.549;536843647368902790;2;-1011;242
2021-11-13T11:20:45.569;536843647388638592;90;-1045;281
2021-11-13T11:20:45.589;536843647408374394;26;-1095;279
2021-11-13T11:20:45.608;536843647428110196;-33;-1126;215
2021-11-13T11:20:45.628;536843647447845998;100;-1151;265
2021-11-13T11:20:45.648;536843647467581800;225;-1152;432
2021-11-13T11:20:45.668;536843647487317602;-41;-1116;291
2021-11-13T11:20:45.687;536843647507053404;-70;-1061;196
2021-11-13T11:20:45.707;536843647526789206;7;-1086;204
2021-11-13T11:20:45.727;536843647546525008;-8;-1146;186
2021-11-13T11:20:45.747;536843647566260810;83;-1120;298
2021-11-13T11:20:45.766;536843647585996612;96;-1131;299
2021-11-13T11:20:45.786;536843647605732414;147;-1152;243
2021-11-13T11:20:45.806;536843647625468216;57;-1122;270
2021-11-13T11:20:45.825;536843647645204018;-7;-1089;290
2021-11-13T11:20:45.845;536843647664939820;61;-1120;193
2021-11-13T11:20:45.865;536843647684675622;83;-1127;186
2021-11-13T11:20:45.885;536843647704411424;135;-1145;210
2021-11-13T11:20:45.904;536843647724147226;73;-1185;132
2021-11-13T11:20:45.924;536843647743883028;53;-1125;258
2021-11-13T11:20:45.944;536843647763618830;168;-1116;255
2021-11-13T11:20:45.964;536843647783354632;112;-1115;227
2021-11-13T11:20:45.983;536843647803090434;109;-1112;260
2021-11-13T11:20:46.003;536843647822826236;104;-1084;226
2021-11-13T11:20:46.023;536843647842562038;93;-1094;217
2021-11-13T11:20:46.043;536843647862297840;100;-1082;257
2021-11-13T11:20:46.062;536843647882033642;165;-1116;248
2021-11-13T11:20:46.082;536843647901769444;93;-1073;248
2021-11-13T11:20:46.102;536843647921505246;169;-1055;231
2021-11-13T11:20:46.121;536843647941241048;110;-1071;219
2021-11-13T11:20:46.141;536843647960976850;84;-1017;273
2021-11-13T11:20:46.161;536843647980712652;138;-1003;306
2021-11-13T11:20:46.181;536843648000455736;117;-1017;239
2021-11-13T11:20:46.200;536843648020198820;105;-1038;268
2021-11-13T11:20:46.220;536843648039941904;189;-1039;291
2021-11-13T11:20:46.240;536843648059684988;43;-1025;269
2021-11-13T11:20:46.260;536843648079428072;188;-1056;286
2021-11-13T11:20:46.279;536843648099171156;65;-1038;280
2021-11-13T11:20:46.299;536843648118914240;72;-1070;223
2021-11-13T11:20:46.319;536843648138657324;103;-1074;275
2021-11-13T11:20:46.339;536843648158400408;160;-1088;329
2021-11-13T11:20:46.358;536843648178143492;60;-1122;281
2021-11-13T11:20:46.378;536843648197886576;200;-1158;362
2021-11-13T11:20:46.398;536843648217629660;65;-1197;291
2021-11-13T11:20:46.418;536843648237372744;90;-1206;295
2021-11-13T11:20:46.437;536843648257115828;153;-1231;288
2021-11-13T11:20:46.457;536843648276858912;11;-1248;267
2021-11-13T11:20:46.477;536843648296601996;61;-1280;260
2021-11-13T11:20:46.497;536843648316345080;101;-1286;275
2021-11-13T11:20:46.516;536843648336088164;128;-1313;341
2021-11-13T11:20:46.536;536843648355831248;161;-1295;372
2021-11-13T11:20:46.556;536843648375574332;119;-1271;241
2021-11-13T11:20:46.576;536843648395317416;33;-1254;308
2021-11-13T11:20:46.595;536843648415060500;37;-1260;266
2021-11-13T11:20:46.615;536843648434803584;56;-1215;327
2021-11-13T11:20:46.635;536843648454546668;16;-1187;279
2021-11-13T11:20:46.655;536843648474289752;2;-1138;306
2021-11-13T11:20:46.674;536843648494032836;-17;-1102;270
2021-11-13T11:20:46.694;536843648513775920;-16;-1071;225
2021-11-13T11:20:46.714;536843648533519004;-81;-1059;232
2021-11-13T11:20:46.734;536843648553262088;-39;-1037;216
2021-11-13T11:20:46.753;536843648573005172;-93;-1005;218
2021-11-13T11:20:46.773;536843648592748256;-79;-992;184
2021-11-13T11:20:46.793;536843648612491340;-86;-964;175
2021-11-13T11:20:46.812;536843648632234424;24;-985;196
2021-11-13T11:20:46.832;536843648651977508;-51;-968;160
2021-11-13T11:20:46.852;536843648671720592;-90;-903;145
2021-11-13T11:20:46.872;536843648691463676;-34;-934;112
2021-11-13T11:20:46.891;536843648711200962;-68;-851;169
2021-11-13T11:20:46.911;536843648730938220;-27;-887;140
2021-11-13T11:20:46.931;536843648750675478;-24;-933;142
2021-11-13T11:20:46.951;536843648770412736;28;-921;216
2021-11-13T11:20:46.970;536843648790149994;-9;-894;110
2021-11-13T11:20:46.990;536843648809887252;-62;-855;43
2021-11-13T11:20:47.010;536843648829624510;-17;-863;119
2021-11-13T11:20:47.030;536843648849361768;-54;-939;186
2021-11-13T11:20:47.049;536843648869099026;-1;-908;143
2021-11-13T11:20:47.069;536843648888836284;52;-874;125
2021-11-13T11:20:47.089;536843648908573542;-19;-915;127
2021-11-13T11:20:47.109;536843648928310800;10;-965;126
2021-11-13T11:20:47.128;536843648948048058;24;-900;238
2021-11-13T11:20:47.148;536843648967785316;95;-956;127
2021-11-13T11:20:47.168;536843648987522574;36;-989;171
2021-11-13T11:20:47.188;536843649007259832;66;-967;180
2021-11-13T11:20:47.207;536843649026997090;63;-992;144
2021-11-13T11:20:47.227;536843649046734348;31;-1005;51
2021-11-13T11:20:47.247;536843649066471606;71;-1029;40
2021-11-13T11:20:47.266;536843649086208864;139;-1041;78
2021-11-13T11:20:47.286;536843649105946122;188;-1009;199
2021-11-13T11:20:47.306;536843649125683380;62;-1003;229
2021-11-13T11:20:47.326;536843649145420638;90;-998;217
2021-11-13T11:20:47.345;536843649165157896;62;-1007;87
2021-11-13T11:20:47.365;536843649184895154;106;-1037;10
2021-11-13T11:20:47.385;536843649204632412;176;-1033;89
2021-11-13T11:20:47.405;536843649224369670;171;-982;133
2021-11-13T11:20:47.424;536843649244106928;13;-1002;183
2021-11-13T11:20:47.444;536843649263844186;139;-993;218
2021-11-13T11:20:47.464;536843649283581444;201;-1027;103
2021-11-13T11:20:47.484;536843649303318702;174;-1044;70
2021-11-13T11:20:47.503;536843649323055960;152;-1046;146
2021-11-13T11:20:47.523;536843649342793218;34;-1021;149
2021-11-13T11:20:47.543;536843649362530476;67;-1021;205
2021-11-13T11:20:47.563;536843649382267734;561;-1227;-174
2021-11-13T11:20:47.582;536843649402004992;186;-1007;199
2021-11-13T11:20:47.602;536843649421754653;169;-1076;98
2021-11-13T11:20:47.622;536843649441504290;-159;-946;194
2021-11-13T11:20:47.642;536843649461253927;31;-972;229
2021-11-13T11:20:47.661;536843649481003564;66;-1033;205
2021-11-13T11:20:47.681;536843649500753201;54;-1015;205
2021-11-13T11:20:47.701;536843649520502838;113;-1060;150
2021-11-13T11:20:47.721;536843649540252475;-94;-1026;154
2021-11-13T11:20:47.740;536843649560002112;8;-1064;180
2021-11-13T11:20:47.760;536843649579751749;44;-1076;186
2021-11-13T11:20:47.780;536843649599501386;671;-1083;-159
2021-11-13T11:20:47.800;536843649619251023;-183;-1120;237
2021-11-13T11:20:47.819;536843649639000660;168;-1006;89
2021-11-13T11:20:47.839;536843649658750297;-114;-1032;170
2021-11-13T11:20:47.859;536843649678499934;10;-1019;184
2021-11-13T11:20:47.878;536843649698249571;152;-1085;126
2021-11-13T11:20:47.898;536843649717999208;83;-1056;63
2021-11-13T11:20:47.918;536843649737748845;160;-1071;70
2021-11-13T11:20:47.938;536843649757498482;79;-1083;72
2021-11-13T11:20:47.957;536843649777248119;157;-1002;82
2021-11-13T11:20:47.977;536843649796997756;184;-1005;48
2021-11-13T11:20:47.997;536843649816747393;192;-1000;76
2021-11-13T11:20:48.017;536843649836497030;228;-1002;62
2021-11-13T11:20:48.036;536843649856246667;160;-999;-9
2021-11-13T11:20:48.056;536843649875996304;151;-1004;22
2021-11-13T11:20:48.076;536843649895745941;207;-983;37
2021-11-13T11:20:48.096;536843649915495578;195;-1008;24
2021-11-13T11:20:48.115;536843649935245215;178;-1025;79
2021-11-13T11:20:48.135;536843649954994852;197;-1006;66
2021-11-13T11:20:48.155;536843649974744489;197;-990;13
2021-11-13T11:20:48.175;536843649994494126;119;-986;65
2021-11-13T11:20:48.194;536843650014243763;217;-961;42
2021-11-13T11:20:48.214;536843650033993400;161;-968;10
2021-11-13T11:20:48.234;536843650053743037;61;-973;115
2021-11-13T11:20:48.254;536843650073492674;146;-941;62
2021-11-13T11:20:48.273;536843650093242311;147;-943;38
2021-11-13T11:20:48.293;536843650112991948;193;-943;-12
