Phone timestamp;sensor timestamp [ns];X [mg];Y [mg];Z [mg]
2021-12-04T10:45:04.445;536586546975614125;80;770;555
2021-12-04T10:45:04.464;536586546995279294;86;771;547
2021-12-04T10:45:04.484;536586547014944463;65;778;546
2021-12-04T10:45:04.503;536586547034609632;71;772;563
2021-12-04T10:45:04.523;536586547054274801;72;765;568
2021-12-04T10:45:04.543;536586547073939970;67;770;563
2021-12-04T10:45:04.562;536586547093605139;43;783;561
2021-12-04T10:45:04.582;536586547113270308;86;776;553
2021-12-04T10:45:04.602;536586547132935477;56;771;548
2021-12-04T10:45:04.621;536586547152600646;59;774;554
2021-12-04T10:45:04.641;536586547172265815;66;788;541
2021-12-04T10:45:04.661;536586547191930984;44;776;550
2021-12-04T10:45:04.680;536586547211596153;68;785;555
2021-12-04T10:45:04.700;536586547231261322;47;771;558
2021-12-04T10:45:04.720;536586547250926491;54;776;556
2021-12-04T10:45:04.739;536586547270591660;62;781;549
2021-12-04T10:45:04.759;536586547290256829;56;770;548
2021-12-04T10:45:04.779;536586547309921998;65;769;541
2021-12-04T10:45:04.798;536586547329587167;77;777;573
2021-12-04T10:45:04.818;536586547349252336;65;772;553
2021-12-04T10:45:04.838;536586547368917505;62;781;549
2021-12-04T10:45:04.857;536586547388582674;51;768;572
2021-12-04T10:45:04.877;536586547408247843;68;765;562
2021-12-04T10:45:04.897;536586547427913012;63;764;594
2021-12-04T10:45:04.916;536586547447578181;70;787;562
2021-12-04T10:45:04.936;536586547467243350;99;826;520
2021-12-04T10:45:04.956;536586547486908519;38;821;552
2021-12-04T10:45:04.975;536586547506573688;76;808;598
2021-12-04T10:45:04.995;536586547526238857;43;795;639
2021-12-04T10:45:05.015;536586547545904026;41;854;663
2021-12-04T10:45:05.034;536586547565569195;7;930;666
2021-12-04T10:45:05.054;536586547585234364;53;942;647
2021-12-04T10:45:05.074;536586547604899533;7;1080;537
2021-12-04T10:45:05.093;536586547624564702;-112;1115;574
2021-12-04T10:45:05.113;536586547644229871;43;1110;561
2021-12-04T10:45:05.133;536586547663895040;-146;1111;675
2021-12-04T10:45:05.152;536586547683560211;-18;1114;645
2021-12-04T10:45:05.172;536586547703225380;0;1068;652
2021-12-04T10:45:05.192;536586547722890549;-116;1033;678
2021-12-04T10:45:05.211;536586547742555718;-209;1103;566
2021-12-04T10:45:05.231;536586547762220887;-148;1072;621
2021-12-04T10:45:05.251;536586547781886056;-34;886;639
2021-12-04T10:45:05.270;536586547801551225;-158;910;604
2021-12-04T10:45:05.290;536586547821216394;-141;916;595
2021-12-04T10:45:05.310;536586547840881563;-140;944;561
2021-12-04T10:45:05.329;536586547860546732;-271;958;498
2021-12-04T10:45:05.349;536586547880211901;-183;968;496
2021-12-04T10:45:05.369;536586547899877070;-169;895;480
2021-12-04T10:45:05.388;536586547919542239;-239;809;475
2021-12-04T10:45:05.408;536586547939207408;-298;919;410
2021-12-04T10:45:05.428;536586547958872577;-222;982;390
2021-12-04T10:45:05.447;536586547978537746;-238;1017;399
2021-12-04T10:45:05.467;536586547998202915;-213;888;407
2021-12-04T10:45:05.487;536586548017868084;-285;837;415
2021-12-04T10:45:05.506;536586548037533253;-297;878;389
2021-12-04T10:45:05.526;536586548057198422;-324;955;334
2021-12-04T10:45:05.546;536586548076863591;-255;970;366
2021-12-04T10:45:05.565;536586548096528760;-241;873;380
2021-12-04T10:45:05.585;536586548116193929;-251;937;329
2021-12-04T10:45:05.605;536586548135859098;-295;961;369
2021-12-04T10:45:05.624;536586548155524267;-266;968;316
2021-12-04T10:45:05.644;536586548175189436;-200;955;361
2021-12-04T10:45:05.664;536586548194854605;-194;895;339
2021-12-04T10:45:05.683;536586548214519774;-214;967;346
2021-12-04T10:45:05.703;536586548234184943;-55;909;358
2021-12-04T10:45:05.723;536586548253850112;-118;931;315
2021-12-04T10:45:05.742;536586548273515281;-19;859;356
2021-12-04T10:45:05.762;536586548293180450;-57;652;332
2021-12-04T10:45:05.782;536586548312845619;-48;708;230
2021-12-04T10:45:05.801;536586548332510788;55;503;223
2021-12-04T10:45:05.821;536586548352175957;0;267;227
2021-12-04T10:45:05.841;536586548371841126;-91;321;112
2021-12-04T10:45:05.860;536586548391515039;-363;248;49
2021-12-04T10:45:05.880;536586548411188946;-288;423;-111
2021-12-04T10:45:05.900;536586548430862853;-343;546;-109
2021-12-04T10:45:05.919;536586548450536760;-273;435;-44
2021-12-04T10:45:05.939;536586548470210667;-488;250;-31
2021-12-04T10:45:05.959;536586548489884574;-360;212;-12
2021-12-04T10:45:05.978;536586548509558481;-140;403;24
2021-12-04T10:45:05.998;536586548529232388;130;624;149
2021-12-04T10:45:06.018;536586548548906295;104;376;177
2021-12-04T10:45:06.037;536586548568580202;-500;461;117
2021-12-04T10:45:06.057;536586548588254109;456;1162;279
2021-12-04T10:45:06.077;536586548607928016;12;738;318
2021-12-04T10:45:06.096;536586548627601923;-454;601;323
2021-12-04T10:45:06.116;536586548647275830;199;1243;297
2021-12-04T10:45:06.136;536586548666949737;39;818;418
2021-12-04T10:45:06.156;536586548686623644;-469;663;306
2021-12-04T10:45:06.175;536586548706297551;-138;1390;173
2021-12-04T10:45:06.195;536586548725971458;-142;1025;355
2021-12-04T10:45:06.215;536586548745645365;-272;626;358
2021-12-04T10:45:06.234;536586548765319272;-351;1256;217
2021-12-04T10:45:06.254;536586548784993179;-147;1042;331
2021-12-04T10:45:06.274;536586548804667086;-257;667;380
2021-12-04T10:45:06.293;536586548824340993;-496;1181;170
2021-12-04T10:45:06.313;536586548844014900;-212;1127;303
2021-12-04T10:45:06.333;536586548863688807;-151;926;357
2021-12-04T10:45:06.352;536586548883362714;-464;1068;248
2021-12-04T10:45:06.372;536586548903036621;-275;1065;296
2021-12-04T10:45:06.392;536586548922710528;-315;933;406
2021-12-04T10:45:06.411;536586548942384435;-332;927;292
2021-12-04T10:45:06.431;536586548962058342;-398;1116;348
2021-12-04T10:45:06.451;536586548981732249;-201;1045;383
2021-12-04T10:45:06.470;536586549001406156;-323;905;345
2021-12-04T10:45:06.490;536586549021080063;-318;1005;260
2021-12-04T10:45:06.510;536586549040753970;-330;1093;320
2021-12-04T10:45:06.529;536586549060427877;-160;895;418
2021-12-04T10:45:06.549;536586549080101784;-286;849;379
2021-12-04T10:45:06.569;536586549099770594;-365;956;274
2021-12-04T10:45:06.588;536586549119439404;-287;1086;299
2021-12-04T10:45:06.608;536586549139108214;-225;968;404
2021-12-04T10:45:06.628;536586549158777024;-143;800;405
2021-12-04T10:45:06.647;536586549178445834;-229;846;387
2021-12-04T10:45:06.667;536586549198114644;-290;923;416
2021-12-04T10:45:06.687;536586549217783454;-68;870;396
2021-12-04T10:45:06.706;536586549237452264;-224;913;315
2021-12-04T10:45:06.726;536586549257121074;-290;937;388
2021-12-04T10:45:06.746;536586549276789884;-179;810;458
2021-12-04T10:45:06.765;536586549296458694;-84;763;465
2021-12-04T10:45:06.785;536586549316127504;-148;954;408
2021-12-04T10:45:06.805;536586549335796314;-252;944;449
2021-12-04T10:45:06.824;536586549355465124;-187;917;458
2021-12-04T10:45:06.844;536586549375133934;-141;854;489
2021-12-04T10:45:06.864;536586549394802744;-143;950;461
2021-12-04T10:45:06.883;536586549414471554;-117;919;470
2021-12-04T10:45:06.903;536586549434140364;-124;921;453
2021-12-04T10:45:06.923;536586549453809174;-61;963;462
2021-12-04T10:45:06.942;536586549473477984;-109;983;466
2021-12-04T10:45:06.962;536586549493146794;-174;906;483
2021-12-04T10:45:06.982;536586549512815604;-78;912;495
2021-12-04T10:45:07.001;536586549532484414;-95;901;496
2021-12-04T10:45:07.021;536586549552153224;-37;968;465
2021-12-04T10:45:07.041;536586549571822034;-24;958;460
2021-12-04T10:45:07.060;536586549591490844;-48;986;479
2021-12-04T10:45:07.080;536586549611159654;-36;902;499
2021-12-04T10:45:07.100;536586549630828464;22;905;514
2021-12-04T10:45:07.119;536586549650497274;2;887;488
2021-12-04T10:45:07.139;536586549670166084;50;928;472
2021-12-04T10:45:07.159;536586549689834894;34;883;465
2021-12-04T10:45:07.178;536586549709503704;31;892;468
2021-12-04T10:45:07.198;536586549729172514;40;885;491
2021-12-04T10:45:07.218;536586549748841324;51;893;507
2021-12-04T10:45:07.237;536586549768510134;95;878;482
2021-12-04T10:45:07.257;536586549788178944;46;850;495
