Phone timestamp;sensor timestamp [ns];X [mg];Y [mg];Z [mg]
2021-12-04T10:57:43.002;536587488528908336;532;850;-15
2021-12-04T10:57:43.021;536587488548662342;534;845;-37
2021-12-04T10:57:43.041;536587488568416348;541;837;-53
2021-12-04T10:57:43.061;536587488588170354;541;833;-55
2021-12-04T10:57:43.081;536587488607924360;539;833;-43
2021-12-04T10:57:43.100;536587488627678366;537;839;-25
2021-12-04T10:57:43.120;536587488647432372;535;843;-15
2021-12-04T10:57:43.140;536587488667186378;533;843;-9
2021-12-04T10:57:43.160;536587488686940384;535;842;-14
2021-12-04T10:57:43.179;536587488706694390;537;837;-19
2021-12-04T10:57:43.199;536587488726448396;538;838;-31
2021-12-04T10:57:43.219;536587488746202402;538;839;-38
2021-12-04T10:57:43.239;536587488765956408;537;838;-42
2021-12-04T10:57:43.258;536587488785710414;537;837;-35
2021-12-04T10:57:43.278;536587488805464420;537;838;-22
2021-12-04T10:57:43.298;536587488825218426;537;842;-15
2021-12-04T10:57:43.318;536587488844972432;534;845;-16
2021-12-04T10:57:43.337;536587488864726438;532;852;-22
2021-12-04T10:57:43.357;536587488884480444;535;846;-27
2021-12-04T10:57:43.377;536587488904234450;537;836;-30
2021-12-04T10:57:43.397;536587488923988456;537;832;-30
2021-12-04T10:57:43.416;536587488943742462;538;829;-26
2021-12-04T10:57:43.436;536587488963496468;539;833;-21
2021-12-04T10:57:43.456;536587488983250474;536;837;-17
2021-12-04T10:57:43.476;536587489003004480;536;841;-25
2021-12-04T10:57:43.495;536587489022758486;535;843;-29
2021-12-04T10:57:43.515;536587489042512492;537;841;-34
2021-12-04T10:57:43.535;536587489062266498;542;830;-36
2021-12-04T10:57:43.555;536587489082020504;541;831;-33
2021-12-04T10:57:43.574;536587489101774510;535;833;-24
2021-12-04T10:57:43.594;536587489121528516;531;845;-19
2021-12-04T10:57:43.614;536587489141282522;525;855;-7
2021-12-04T10:57:43.634;536587489161036528;527;853;0
2021-12-04T10:57:43.653;536587489180790534;538;839;-6
2021-12-04T10:57:43.673;536587489200544540;541;830;-18
2021-12-04T10:57:43.693;536587489220298546;543;825;-40
2021-12-04T10:57:43.713;536587489240052580;539;836;-51
2021-12-04T10:57:43.732;536587489259806586;536;849;-47
2021-12-04T10:57:43.752;536587489279560592;533;849;-36
2021-12-04T10:57:43.772;536587489299314598;534;846;-20
2021-12-04T10:57:43.792;536587489319068604;535;840;-9
2021-12-04T10:57:43.811;536587489338822610;536;833;-7
2021-12-04T10:57:43.831;536587489358576616;536;834;-10
2021-12-04T10:57:43.851;536587489378330622;537;834;-17
2021-12-04T10:57:43.871;536587489398084628;537;839;-23
2021-12-04T10:57:43.890;536587489417838634;537;845;-31
2021-12-04T10:57:43.910;536587489437592640;536;845;-33
2021-12-04T10:57:43.930;536587489457346646;537;841;-33
2021-12-04T10:57:43.950;536587489477100652;537;836;-26
2021-12-04T10:57:43.969;536587489496854658;538;833;-18
2021-12-04T10:57:43.989;536587489516608664;535;837;-12
2021-12-04T10:57:44.009;536587489536362670;535;843;-18
2021-12-04T10:57:44.029;536587489556116676;534;845;-27
2021-12-04T10:57:44.048;536587489575870682;535;842;-28
2021-12-04T10:57:44.068;536587489595624688;536;840;-23
2021-12-04T10:57:44.088;536587489615378694;536;835;-20
2021-12-04T10:57:44.108;536587489635132700;538;837;-16
2021-12-04T10:57:44.127;536587489654886706;535;841;-17
2021-12-04T10:57:44.147;536587489674640712;529;847;-22
2021-12-04T10:57:44.167;536587489694394718;529;850;-27
2021-12-04T10:57:44.187;536587489714148724;533;842;-27
2021-12-04T10:57:44.206;536587489733902730;537;830;-21
2021-12-04T10:57:44.226;536587489753656736;539;826;-11
2021-12-04T10:57:44.246;536587489773410742;539;827;-6
2021-12-04T10:57:44.266;536587489793164748;536;838;-4
2021-12-04T10:57:44.286;536587489812918754;533;848;-10
2021-12-04T10:57:44.305;536587489832672760;531;850;-22
2021-12-04T10:57:44.325;536587489852426766;534;844;-28
2021-12-04T10:57:44.345;536587489872180772;538;834;-30
2021-12-04T10:57:44.365;536587489891934778;537;831;-19
2021-12-04T10:57:44.384;536587489911688784;538;832;3
2021-12-04T10:57:44.404;536587489931442790;541;837;62
2021-12-04T10:57:44.424;536587489951189548;561;861;201
2021-12-04T10:57:44.444;536587489970936272;516;871;302
2021-12-04T10:57:44.463;536587489990682996;499;879;249
2021-12-04T10:57:44.483;536587490010429720;561;887;185
2021-12-04T10:57:44.503;536587490030176444;515;831;39
2021-12-04T10:57:44.523;536587490049923168;515;843;-143
2021-12-04T10:57:44.542;536587490069669892;549;834;-277
2021-12-04T10:57:44.562;536587490089416616;533;793;-360
2021-12-04T10:57:44.582;536587490109163340;486;791;-423
2021-12-04T10:57:44.602;536587490128910064;503;804;-449
2021-12-04T10:57:44.621;536587490148656788;534;816;-394
2021-12-04T10:57:44.641;536587490168403512;507;799;-264
2021-12-04T10:57:44.661;536587490188150236;529;803;-137
2021-12-04T10:57:44.680;536587490207896960;563;842;-18
2021-12-04T10:57:44.700;536587490227643684;561;866;98
2021-12-04T10:57:44.720;536587490247390408;535;877;202
2021-12-04T10:57:44.740;536587490267137132;502;878;249
2021-12-04T10:57:44.759;536587490286883856;494;873;255
2021-12-04T10:57:44.779;536587490306630580;504;861;212
2021-12-04T10:57:44.799;536587490326377304;525;840;120
2021-12-04T10:57:44.819;536587490346124028;540;822;8
2021-12-04T10:57:44.838;536587490365870752;553;823;-87
2021-12-04T10:57:44.858;536587490385617476;566;825;-154
2021-12-04T10:57:44.878;536587490405364200;557;832;-178
2021-12-04T10:57:44.898;536587490425110924;552;836;-146
2021-12-04T10:57:44.917;536587490444857648;544;840;-88
2021-12-04T10:57:44.937;536587490464604372;536;844;-21
2021-12-04T10:57:44.957;536587490484351096;530;842;32
2021-12-04T10:57:44.977;536587490504097820;533;836;66
2021-12-04T10:57:44.996;536587490523844544;533;833;65
2021-12-04T10:57:45.016;536587490543591268;534;833;33
2021-12-04T10:57:45.036;536587490563337992;538;837;-6
2021-12-04T10:57:45.056;536587490583084716;540;841;-42
2021-12-04T10:57:45.075;536587490602831440;541;836;-58
2021-12-04T10:57:45.095;536587490622578164;544;829;-53
2021-12-04T10:57:45.115;536587490642324888;545;829;-33
2021-12-04T10:57:45.135;536587490662078922;544;827;-20
2021-12-04T10:57:45.154;536587490681832928;541;830;-15
2021-12-04T10:57:45.174;536587490701586934;538;843;-10
2021-12-04T10:57:45.194;536587490721340940;534;849;-5
2021-12-04T10:57:45.214;536587490741094946;533;849;-1
2021-12-04T10:57:45.233;536587490760848952;537;838;0
2021-12-04T10:57:45.253;536587490780602958;542;829;-3
2021-12-04T10:57:45.273;536587490800356964;544;826;-11
2021-12-04T10:57:45.293;536587490820110970;542;829;-20
2021-12-04T10:57:45.312;536587490839864976;543;835;-24
2021-12-04T10:57:45.332;536587490859618982;541;837;-22
2021-12-04T10:57:45.352;536587490879372988;541;837;-25
2021-12-04T10:57:45.372;536587490899126994;540;834;-19
2021-12-04T10:57:45.391;536587490918881000;541;833;-14
2021-12-04T10:57:45.411;536587490938635006;542;836;-9
2021-12-04T10:57:45.431;536587490958389012;539;839;-7
2021-12-04T10:57:45.451;536587490978143018;539;842;-10
2021-12-04T10:57:45.470;536587490997897024;540;840;-13
2021-12-04T10:57:45.490;536587491017651030;540;835;-18
2021-12-04T10:57:45.510;536587491037405036;542;832;-20
2021-12-04T10:57:45.530;536587491057159042;543;833;-20
2021-12-04T10:57:45.550;536587491076913048;541;839;-18
2021-12-04T10:57:45.569;536587491096667054;540;840;-15
2021-12-04T10:57:45.589;536587491116421060;540;839;-14
2021-12-04T10:57:45.609;536587491136175066;542;835;-11
2021-12-04T10:57:45.629;536587491155929072;543;831;-13
2021-12-04T10:57:45.648;536587491175683078;541;833;-15
2021-12-04T10:57:45.668;536587491195437084;541;836;-15
2021-12-04T10:57:45.688;536587491215191090;540;838;-14
2021-12-04T10:57:45.708;536587491234945096;540;835;-16
2021-12-04T10:57:45.727;536587491254699102;541;835;-20
2021-12-04T10:57:45.747;536587491274453108;541;834;-18
2021-12-04T10:57:45.767;536587491294207114;541;835;-14
2021-12-04T10:57:45.787;536587491313961120;541;833;-12
2021-12-04T10:57:45.806;536587491333715126;540;833;-15
2021-12-04T10:57:45.826;536587491353469132;541;835;-19
2021-12-04T10:57:45.846;536587491373208575;541;837;-18
2021-12-04T10:57:45.866;536587491392948018;541;837;-18
2021-12-04T10:57:45.885;536587491412687461;541;835;-14
2021-12-04T10:57:45.905;536587491432426904;540;834;-9
2021-12-04T10:57:45.925;536587491452166347;539;838;-7
2021-12-04T10:57:45.944;536587491471905790;540;834;-8
2021-12-04T10:57:45.964;536587491491645233;540;835;-11
2021-12-04T10:57:45.984;536587491511384676;540;837;-8
2021-12-04T10:57:46.004;536587491531124119;538;834;-10
2021-12-04T10:57:46.023;536587491550863562;539;832;-8
2021-12-04T10:57:46.043;536587491570603005;541;833;-11
2021-12-04T10:57:46.063;536587491590342448;542;833;-15
2021-12-04T10:57:46.083;536587491610081891;541;836;-20
2021-12-04T10:57:46.102;536587491629821334;542;836;-16
2021-12-04T10:57:46.122;536587491649560777;539;837;-11
2021-12-04T10:57:46.142;536587491669300220;540;839;-5
2021-12-04T10:57:46.162;536587491689039663;539;837;-2
2021-12-04T10:57:46.181;536587491708779106;540;832;-1
2021-12-04T10:57:46.201;536587491728518549;541;827;-7
2021-12-04T10:57:46.221;536587491748257992;545;828;-14
2021-12-04T10:57:46.241;536587491767997435;543;833;-17
2021-12-04T10:57:46.260;536587491787736878;541;838;-20
2021-12-04T10:57:46.280;536587491807476321;540;841;-18
2021-12-04T10:57:46.300;536587491827215764;541;841;-15
2021-12-04T10:57:46.320;536587491846955207;539;834;-9
2021-12-04T10:57:46.339;536587491866694650;542;830;-5
2021-12-04T10:57:46.359;536587491886434093;540;833;-2
2021-12-04T10:57:46.379;536587491906173536;539;837;-5
2021-12-04T10:57:46.399;536587491925912979;540;837;-9
2021-12-04T10:57:46.418;536587491945652422;541;837;-13
2021-12-04T10:57:46.438;536587491965391865;544;829;-14
2021-12-04T10:57:46.458;536587491985131308;542;827;-14
2021-12-04T10:57:46.477;536587492004870751;541;832;-10
2021-12-04T10:57:46.497;536587492024610194;541;834;-9
2021-12-04T10:57:46.517;536587492044349637;540;836;-11
2021-12-04T10:57:46.537;536587492064089080;541;837;-9
2021-12-04T10:57:46.556;536587492083843120;540;837;-11
2021-12-04T10:57:46.576;536587492103597126;539;833;-11
2021-12-04T10:57:46.596;536587492123351132;540;833;-8
2021-12-04T10:57:46.616;536587492143105138;539;833;-4
2021-12-04T10:57:46.635;536587492162859144;540;839;-6
2021-12-04T10:57:46.655;536587492182613150;539;838;-9
2021-12-04T10:57:46.675;536587492202367156;541;837;-11
2021-12-04T10:57:46.695;536587492222121162;542;832;-11
2021-12-04T10:57:46.714;536587492241875168;542;832;-13
2021-12-04T10:57:46.734;536587492261629174;541;834;-16
2021-12-04T10:57:46.754;536587492281383180;541;837;-15
2021-12-04T10:57:46.774;536587492301137186;540;837;-11
2021-12-04T10:57:46.793;536587492320891192;542;832;-5
2021-12-04T10:57:46.813;536587492340645198;540;830;-2
2021-12-04T10:57:46.833;536587492360399204;542;835;-3
2021-12-04T10:57:46.853;536587492380153210;539;839;-12
2021-12-04T10:57:46.872;536587492399907216;539;838;-17
2021-12-04T10:57:46.892;536587492419661222;538;842;-18
2021-12-04T10:57:46.912;536587492439415228;540;839;-11
2021-12-04T10:57:46.932;536587492459169234;539;837;-2
2021-12-04T10:57:46.952;536587492478923240;537;839;0
2021-12-04T10:57:46.971;536587492498677246;537;841;-4
2021-12-04T10:57:46.991;536587492518431252;540;834;-14
2021-12-04T10:57:47.011;536587492538185258;541;829;-20
2021-12-04T10:57:47.031;536587492557939264;539;832;-22
2021-12-04T10:57:47.050;536587492577693270;539;838;-16
2021-12-04T10:57:47.070;536587492597447276;535;844;-11
2021-12-04T10:57:47.090;536587492617201282;538;838;-9
2021-12-04T10:57:47.110;536587492636955288;541;833;-8
2021-12-04T10:57:47.129;536587492656709294;545;826;-12
2021-12-04T10:57:47.149;536587492676463300;547;820;-19
2021-12-04T10:57:47.169;536587492696217306;546;820;-20
2021-12-04T10:57:47.189;536587492715971312;544;823;-18
2021-12-04T10:57:47.208;536587492735725318;538;831;-13
2021-12-04T10:57:47.228;536587492755479324;539;832;-4
2021-12-04T10:57:47.248;536587492775233330;539;832;0
2021-12-04T10:57:47.268;536587492794987364;538;837;0
2021-12-04T10:57:47.287;536587492814741370;539;835;-4
2021-12-04T10:57:47.307;536587492834495376;538;838;-7
2021-12-04T10:57:47.327;536587492854249382;538;834;-7
2021-12-04T10:57:47.347;536587492874003388;544;828;-11
2021-12-04T10:57:47.366;536587492893757394;545;820;-13
2021-12-04T10:57:47.386;536587492913511400;547;820;-15
2021-12-04T10:57:47.406;536587492933265406;546;823;-17
2021-12-04T10:57:47.426;536587492953019412;547;826;-15
2021-12-04T10:57:47.445;536587492972773418;543;829;-15
2021-12-04T10:57:47.465;536587492992527424;540;840;-13
2021-12-04T10:57:47.485;536587493012281430;541;844;-14
2021-12-04T10:57:47.505;536587493032035436;541;838;-11
2021-12-04T10:57:47.524;536587493051789442;543;835;-17
2021-12-04T10:57:47.544;536587493071543448;546;833;-28
2021-12-04T10:57:47.564;536587493091297454;546;829;-37
2021-12-04T10:57:47.584;536587493111051460;546;830;-36
2021-12-04T10:57:47.603;536587493130805466;546;832;-30
2021-12-04T10:57:47.623;536587493150559472;545;830;-19
2021-12-04T10:57:47.643;536587493170313478;543;828;-8
2021-12-04T10:57:47.663;536587493190067484;542;833;3
2021-12-04T10:57:47.682;536587493209821490;544;833;5
2021-12-04T10:57:47.702;536587493229575496;542;836;-2
2021-12-04T10:57:47.722;536587493249329502;542;842;-15
2021-12-04T10:57:47.742;536587493269083508;538;847;-25
2021-12-04T10:57:47.761;536587493288837514;543;848;-32
2021-12-04T10:57:47.781;536587493308591520;546;840;-30
2021-12-04T10:57:47.801;536587493328345526;543;840;-31
2021-12-04T10:57:47.821;536587493348099532;542;836;-24
2021-12-04T10:57:47.840;536587493367853538;542;831;-21
2021-12-04T10:57:47.860;536587493387607544;547;822;-15
2021-12-04T10:57:47.880;536587493407361550;545;825;-8
2021-12-04T10:57:47.900;536587493427115556;541;835;-4
2021-12-04T10:57:47.919;536587493446869562;538;844;-17
2021-12-04T10:57:47.939;536587493466623568;541;834;-32
2021-12-04T10:57:47.959;536587493486377574;548;824;-45
2021-12-04T10:57:47.979;536587493506124332;548;821;-39
2021-12-04T10:57:47.998;536587493525871056;548;812;-14
2021-12-04T10:57:48.018;536587493545617780;539;813;22
2021-12-04T10:57:48.038;536587493565364504;541;815;45
2021-12-04T10:57:48.058;536587493585111228;535;837;43
2021-12-04T10:57:48.077;536587493604857952;537;850;10
2021-12-04T10:57:48.097;536587493624604676;539;857;-34
2021-12-04T10:57:48.117;536587493644351400;544;843;-72
2021-12-04T10:57:48.137;536587493664098124;550;832;-85
2021-12-04T10:57:48.156;536587493683844848;550;822;-61
2021-12-04T10:57:48.176;536587493703591572;550;819;-28
2021-12-04T10:57:48.196;536587493723338296;541;822;3
2021-12-04T10:57:48.216;536587493743085020;534;833;28
2021-12-04T10:57:48.235;536587493762831744;535;839;32
2021-12-04T10:57:48.255;536587493782578468;539;835;13
2021-12-04T10:57:48.275;536587493802325192;540;836;-13
2021-12-04T10:57:48.295;536587493822071916;543;835;-37
2021-12-04T10:57:48.314;536587493841818640;544;834;-43
2021-12-04T10:57:48.334;536587493861565364;543;832;-32
2021-12-04T10:57:48.354;536587493881312088;542;831;-16
2021-12-04T10:57:48.374;536587493901058812;542;829;-4
2021-12-04T10:57:48.393;536587493920805536;540;833;1
2021-12-04T10:57:48.413;536587493940552260;540;836;-4
2021-12-04T10:57:48.433;536587493960298984;541;834;-14
2021-12-04T10:57:48.453;536587493980045708;542;832;-19
2021-12-04T10:57:48.472;536587493999792432;542;835;-23
2021-12-04T10:57:48.492;536587494019539156;544;836;-21
2021-12-04T10:57:48.512;536587494039285880;541;835;-14
2021-12-04T10:57:48.532;536587494059032604;536;842;-8
2021-12-04T10:57:48.551;536587494078779328;531;852;-1
2021-12-04T10:57:48.571;536587494098526052;536;849;0
2021-12-04T10:57:48.591;536587494118272776;536;845;-4
2021-12-04T10:57:48.611;536587494138019500;538;838;-12
2021-12-04T10:57:48.630;536587494157766224;545;828;-18
2021-12-04T10:57:48.650;536587494177512948;545;822;-21
2021-12-04T10:57:48.670;536587494197259672;540;831;-19
2021-12-04T10:57:48.690;536587494217013706;539;848;-23
2021-12-04T10:57:48.709;536587494236767712;531;857;-31
2021-12-04T10:57:48.729;536587494256521718;527;859;-32
2021-12-04T10:57:48.749;536587494276275724;531;860;-27
2021-12-04T10:57:48.769;536587494296029730;527;854;-19
2021-12-04T10:57:48.788;536587494315783736;531;847;-25
2021-12-04T10:57:48.808;536587494335537742;538;838;-23
2021-12-04T10:57:48.828;536587494355291748;541;839;-8
2021-12-04T10:57:48.848;536587494375045754;536;844;5
2021-12-04T10:57:48.867;536587494394799760;523;834;1
2021-12-04T10:57:48.887;536587494414553766;541;824;-3
2021-12-04T10:57:48.907;536587494434307772;564;806;-4
2021-12-04T10:57:48.927;536587494454061778;564;790;-9
2021-12-04T10:57:48.946;536587494473815784;566;790;-7
2021-12-04T10:57:48.966;536587494493569790;557;799;2
2021-12-04T10:57:48.986;536587494513323796;549;825;4
2021-12-04T10:57:49.006;536587494533077802;536;849;-17
2021-12-04T10:57:49.025;536587494552831808;534;859;-55
2021-12-04T10:57:49.045;536587494572585814;539;855;-80
2021-12-04T10:57:49.065;536587494592339820;539;856;-91
2021-12-04T10:57:49.085;536587494612093826;536;858;-78
2021-12-04T10:57:49.104;536587494631847832;531;856;-56
2021-12-04T10:57:49.124;536587494651601838;532;846;-38
2021-12-04T10:57:49.144;536587494671355844;532;844;-31
2021-12-04T10:57:49.164;536587494691109850;539;834;-16
2021-12-04T10:57:49.183;536587494710863856;544;819;-9
2021-12-04T10:57:49.203;536587494730617862;546;820;-8
2021-12-04T10:57:49.223;536587494750371868;542;820;-19
2021-12-04T10:57:49.243;536587494770125874;543;821;-39
2021-12-04T10:57:49.262;536587494789879880;546;819;-48
2021-12-04T10:57:49.282;536587494809633886;541;829;-56
2021-12-04T10:57:49.302;536587494829387892;530;845;-55
2021-12-04T10:57:49.322;536587494849141898;530;850;-62
2021-12-04T10:57:49.341;536587494868895904;538;844;-54
2021-12-04T10:57:49.361;536587494888649910;537;831;-36
2021-12-04T10:57:49.381;536587494908403916;539;825;-16
