Phone timestamp;sensor timestamp [ns];X [mg];Y [mg];Z [mg]
2021-11-13T11:26:24.418;536844088928041952;-131;960;-203
2021-11-13T11:26:24.437;536844088947745714;-123;963;-212
2021-11-13T11:26:24.457;536844088967449476;-114;968;-203
2021-11-13T11:26:24.477;536844088987153238;-113;969;-202
2021-11-13T11:26:24.496;536844089006857000;-118;969;-199
2021-11-13T11:26:24.516;536844089026560762;-118;967;-199
2021-11-13T11:26:24.536;536844089046264524;-115;967;-200
2021-11-13T11:26:24.555;536844089065968286;-116;968;-203
2021-11-13T11:26:24.575;536844089085672048;-115;969;-199
2021-11-13T11:26:24.595;536844089105375810;-113;969;-193
2021-11-13T11:26:24.615;536844089125079572;-113;970;-197
2021-11-13T11:26:24.634;536844089144783334;-115;971;-205
2021-11-13T11:26:24.654;536844089164487096;-115;968;-207
2021-11-13T11:26:24.674;536844089184190858;-112;963;-209
2021-11-13T11:26:24.693;536844089203894620;-114;967;-212
2021-11-13T11:26:24.713;536844089223598382;-115;968;-211
2021-11-13T11:26:24.733;536844089243302144;-118;966;-206
2021-11-13T11:26:24.752;536844089263005906;-122;966;-201
2021-11-13T11:26:24.772;536844089282709668;-122;962;-206
2021-11-13T11:26:24.792;536844089302413430;-122;966;-211
2021-11-13T11:26:24.812;536844089322117192;-125;961;-217
2021-11-13T11:26:24.831;536844089341820954;-129;963;-215
2021-11-13T11:26:24.851;536844089361524716;-128;958;-207
2021-11-13T11:26:24.871;536844089381228478;-135;974;-215
2021-11-13T11:26:24.890;536844089400932240;-121;963;-203
2021-11-13T11:26:24.910;536844089420636002;-117;964;-201
2021-11-13T11:26:24.930;536844089440339764;-117;971;-204
2021-11-13T11:26:24.950;536844089460043526;-120;967;-195
2021-11-13T11:26:24.969;536844089479747288;-117;960;-196
2021-11-13T11:26:24.989;536844089499451050;-121;969;-210
2021-11-13T11:26:25.009;536844089519154812;-121;966;-208
2021-11-13T11:26:25.028;536844089538858574;-120;960;-201
2021-11-13T11:26:25.048;536844089558562336;-126;968;-208
2021-11-13T11:26:25.068;536844089578266098;-127;962;-207
2021-11-13T11:26:25.087;536844089597969860;-123;966;-205
2021-11-13T11:26:25.107;536844089617673622;-125;969;-206
2021-11-13T11:26:25.127;536844089637377404;-138;959;-206
2021-11-13T11:26:25.147;536844089657081166;-150;961;-198
2021-11-13T11:26:25.166;536844089676784928;-128;968;-201
2021-11-13T11:26:25.186;536844089696488690;-110;973;-204
2021-11-13T11:26:25.206;536844089716192452;-112;961;-205
2021-11-13T11:26:25.225;536844089735896214;-110;969;-209
2021-11-13T11:26:25.245;536844089755599976;-114;966;-208
2021-11-13T11:26:25.265;536844089775303738;-114;968;-210
2021-11-13T11:26:25.284;536844089795007500;-112;966;-209
2021-11-13T11:26:25.304;536844089814711262;-109;972;-198
2021-11-13T11:26:25.324;536844089834415024;-111;969;-201
2021-11-13T11:26:25.344;536844089854118786;-110;970;-209
2021-11-13T11:26:25.363;536844089873822548;-116;964;-210
2021-11-13T11:26:25.383;536844089893526310;-118;964;-216
2021-11-13T11:26:25.403;536844089913230072;-127;968;-228
2021-11-13T11:26:25.422;536844089932933834;-120;956;-224
2021-11-13T11:26:25.442;536844089952637596;-115;964;-223
2021-11-13T11:26:25.462;536844089972341358;-119;965;-228
2021-11-13T11:26:25.482;536844089992045120;-122;963;-230
2021-11-13T11:26:25.501;536844090011748882;-125;954;-233
2021-11-13T11:26:25.521;536844090031452644;-121;954;-227
2021-11-13T11:26:25.541;536844090051156406;-118;960;-217
2021-11-13T11:26:25.560;536844090070860168;-114;969;-216
2021-11-13T11:26:25.580;536844090090563930;-115;964;-214
2021-11-13T11:26:25.600;536844090110267692;-115;961;-200
2021-11-13T11:26:25.619;536844090129971454;-122;968;-208
2021-11-13T11:26:25.639;536844090149675216;-127;965;-189
2021-11-13T11:26:25.659;536844090169378978;-119;964;-188
2021-11-13T11:26:25.679;536844090189082740;-115;971;-178
2021-11-13T11:26:25.698;536844090208786502;-109;972;-180
2021-11-13T11:26:25.718;536844090228490264;-114;973;-190
2021-11-13T11:26:25.738;536844090248194026;-115;968;-193
2021-11-13T11:26:25.757;536844090267897788;-106;964;-195
2021-11-13T11:26:25.777;536844090287601550;-105;970;-207
2021-11-13T11:26:25.797;536844090307305312;-112;968;-202
2021-11-13T11:26:25.816;536844090327009074;-115;967;-207
2021-11-13T11:26:25.836;536844090346712114;-110;962;-208
2021-11-13T11:26:25.856;536844090366415148;-104;970;-206
2021-11-13T11:26:25.876;536844090386118182;-110;967;-208
2021-11-13T11:26:25.895;536844090405821216;-114;966;-213
2021-11-13T11:26:25.915;536844090425524250;-119;965;-218
2021-11-13T11:26:25.935;536844090445227284;-125;964;-225
2021-11-13T11:26:25.954;536844090464930318;-125;959;-226
2021-11-13T11:26:25.974;536844090484633352;-119;964;-225
2021-11-13T11:26:25.994;536844090504336386;-116;960;-220
2021-11-13T11:26:26.013;536844090524039420;-119;965;-222
2021-11-13T11:26:26.033;536844090543742454;-127;959;-224
2021-11-13T11:26:26.053;536844090563445488;-132;961;-229
2021-11-13T11:26:26.073;536844090583148522;-133;966;-229
2021-11-13T11:26:26.092;536844090602851556;-124;960;-224
2021-11-13T11:26:26.112;536844090622554590;-120;964;-226
2021-11-13T11:26:26.132;536844090642257624;-114;960;-217
2021-11-13T11:26:26.151;536844090661960658;-118;965;-214
2021-11-13T11:26:26.171;536844090681663692;-116;965;-216
2021-11-13T11:26:26.191;536844090701366726;-117;965;-221
2021-11-13T11:26:26.211;536844090721069760;-114;965;-217
2021-11-13T11:26:26.230;536844090740772794;-116;964;-211
2021-11-13T11:26:26.250;536844090760475828;-119;966;-217
2021-11-13T11:26:26.270;536844090780178862;-114;964;-208
2021-11-13T11:26:26.289;536844090799881896;-107;969;-206
2021-11-13T11:26:26.309;536844090819584930;-113;968;-208
2021-11-13T11:26:26.329;536844090839287964;-115;965;-207
2021-11-13T11:26:26.348;536844090858990998;-117;968;-210
2021-11-13T11:26:26.368;536844090878694032;-120;964;-206
2021-11-13T11:26:26.388;536844090898397066;-119;968;-207
2021-11-13T11:26:26.408;536844090918100100;-118;965;-211
2021-11-13T11:26:26.427;536844090937803134;-114;968;-215
2021-11-13T11:26:26.447;536844090957506168;-110;968;-216
2021-11-13T11:26:26.467;536844090977209202;-113;969;-221
2021-11-13T11:26:26.486;536844090996912236;-115;961;-231
2021-11-13T11:26:26.506;536844091016615270;-108;956;-226
2021-11-13T11:26:26.526;536844091036318304;-108;963;-230
2021-11-13T11:26:26.545;536844091056019185;-110;967;-226
2021-11-13T11:26:26.565;536844091075720034;-107;968;-211
2021-11-13T11:26:26.585;536844091095420883;-109;967;-209
2021-11-13T11:26:26.605;536844091115121732;-113;966;-198
2021-11-13T11:26:26.624;536844091134822581;-116;969;-200
2021-11-13T11:26:26.644;536844091154523430;-116;969;-203
2021-11-13T11:26:26.664;536844091174224279;-111;964;-205
2021-11-13T11:26:26.683;536844091193925128;-102;968;-202
2021-11-13T11:26:26.703;536844091213625977;-110;966;-207
2021-11-13T11:26:26.723;536844091233326826;-114;965;-206
2021-11-13T11:26:26.742;536844091253027675;-114;969;-204
2021-11-13T11:26:26.762;536844091272728524;-115;967;-201
2021-11-13T11:26:26.782;536844091292429373;-106;967;-200
2021-11-13T11:26:26.802;536844091312130222;-103;973;-204
2021-11-13T11:26:26.821;536844091331831071;-98;972;-189
2021-11-13T11:26:26.841;536844091351531920;-104;972;-200
2021-11-13T11:26:26.861;536844091371232769;-115;968;-205
2021-11-13T11:26:26.880;536844091390933618;-118;965;-207
2021-11-13T11:26:26.900;536844091410634467;-118;964;-203
2021-11-13T11:26:26.920;536844091430335316;-113;968;-202
2021-11-13T11:26:26.939;536844091450036165;-111;973;-204
2021-11-13T11:26:26.959;536844091469737014;-105;969;-206
2021-11-13T11:26:26.979;536844091489437863;-108;967;-211
2021-11-13T11:26:26.999;536844091509138712;-114;968;-216
2021-11-13T11:26:27.018;536844091528839561;-118;960;-228
2021-11-13T11:26:27.038;536844091548540410;-115;958;-231
2021-11-13T11:26:27.058;536844091568241259;-111;964;-226
2021-11-13T11:26:27.077;536844091587942108;-108;964;-226
2021-11-13T11:26:27.097;536844091607642957;-107;962;-230
2021-11-13T11:26:27.117;536844091627343806;-106;963;-228
2021-11-13T11:26:27.137;536844091647044655;-108;964;-227
2021-11-13T11:26:27.156;536844091666745504;-111;965;-224
2021-11-13T11:26:27.176;536844091686446353;-113;965;-220
2021-11-13T11:26:27.196;536844091706147202;-114;961;-214
2021-11-13T11:26:27.215;536844091725848051;-114;970;-219
2021-11-13T11:26:27.235;536844091745548900;-116;965;-224
2021-11-13T11:26:27.255;536844091765252674;-120;959;-233
2021-11-13T11:26:27.274;536844091784956436;-125;957;-237
2021-11-13T11:26:27.294;536844091804660198;-123;949;-238
2021-11-13T11:26:27.314;536844091824363960;-122;959;-239
2021-11-13T11:26:27.334;536844091844067722;-127;957;-240
2021-11-13T11:26:27.353;536844091863771484;-136;956;-237
2021-11-13T11:26:27.373;536844091883475246;-137;954;-235
2021-11-13T11:26:27.393;536844091903179008;-138;960;-224
2021-11-13T11:26:27.412;536844091922882770;-126;960;-214
2021-11-13T11:26:27.432;536844091942586532;-126;969;-210
2021-11-13T11:26:27.452;536844091962290294;-125;968;-211
2021-11-13T11:26:27.471;536844091981994056;-121;964;-210
2021-11-13T11:26:27.491;536844092001697818;-115;966;-212
2021-11-13T11:26:27.511;536844092021401580;-121;959;-213
2021-11-13T11:26:27.531;536844092041105342;-120;964;-218
2021-11-13T11:26:27.550;536844092060809104;-124;965;-219
2021-11-13T11:26:27.570;536844092080512866;-112;964;-213
2021-11-13T11:26:27.590;536844092100216628;-115;967;-216
2021-11-13T11:26:27.609;536844092119920390;-118;961;-220
2021-11-13T11:26:27.629;536844092139624152;-131;963;-211
2021-11-13T11:26:27.649;536844092159327914;-132;963;-198
2021-11-13T11:26:27.668;536844092179031676;-133;972;-209
2021-11-13T11:26:27.688;536844092198735438;-133;960;-209
2021-11-13T11:26:27.708;536844092218439200;-133;961;-208
2021-11-13T11:26:27.728;536844092238142962;-129;965;-205
2021-11-13T11:26:27.747;536844092257846724;-126;959;-214
2021-11-13T11:26:27.767;536844092277550486;-130;965;-217
2021-11-13T11:26:27.787;536844092297254248;-119;962;-211
2021-11-13T11:26:27.806;536844092316958010;-117;965;-215
2021-11-13T11:26:27.826;536844092336661772;-119;961;-209
2021-11-13T11:26:27.846;536844092356365534;-116;966;-205
2021-11-13T11:26:27.866;536844092376069296;-114;966;-201
2021-11-13T11:26:27.885;536844092395773058;-105;968;-198
2021-11-13T11:26:27.905;536844092415476820;-114;972;-202
2021-11-13T11:26:27.925;536844092435180582;-119;968;-207
2021-11-13T11:26:27.944;536844092454884344;-129;961;-220
2021-11-13T11:26:27.964;536844092474577217;-130;956;-229
2021-11-13T11:26:27.984;536844092494270056;-121;965;-226
2021-11-13T11:26:28.003;536844092513962895;-130;959;-228
2021-11-13T11:26:28.023;536844092533655734;-134;959;-236
2021-11-13T11:26:28.043;536844092553348573;-129;957;-235
2021-11-13T11:26:28.062;536844092573041412;-127;956;-236
2021-11-13T11:26:28.082;536844092592734251;-127;965;-238
2021-11-13T11:26:28.102;536844092612427090;-129;955;-231
2021-11-13T11:26:28.122;536844092632119929;-129;961;-234
2021-11-13T11:26:28.141;536844092651812768;-135;961;-235
2021-11-13T11:26:28.161;536844092671505607;-132;953;-233
2021-11-13T11:26:28.181;536844092691198446;-128;959;-237
2021-11-13T11:26:28.200;536844092710891285;-122;958;-233
2021-11-13T11:26:28.220;536844092730584124;-119;957;-234
2021-11-13T11:26:28.240;536844092750276963;-119;961;-229
2021-11-13T11:26:28.259;536844092769969802;-118;963;-225
2021-11-13T11:26:28.279;536844092789662641;-120;961;-221
2021-11-13T11:26:28.299;536844092809355480;-118;960;-220
2021-11-13T11:26:28.319;536844092829048319;-123;965;-225
2021-11-13T11:26:28.338;536844092848741158;-121;961;-222
2021-11-13T11:26:28.358;536844092868433997;-126;958;-227
2021-11-13T11:26:28.378;536844092888126836;-136;962;-224
2021-11-13T11:26:28.397;536844092907819675;-124;966;-213
2021-11-13T11:26:28.417;536844092927512514;-126;961;-212
2021-11-13T11:26:28.437;536844092947205353;-121;961;-214
2021-11-13T11:26:28.456;536844092966898192;-120;964;-217
2021-11-13T11:26:28.476;536844092986591031;-119;966;-215
2021-11-13T11:26:28.496;536844093006283870;-121;966;-217
2021-11-13T11:26:28.515;536844093025976709;-122;965;-218
2021-11-13T11:26:28.535;536844093045669548;-123;963;-215
2021-11-13T11:26:28.555;536844093065362387;-113;959;-210
2021-11-13T11:26:28.575;536844093085055226;-107;967;-193
2021-11-13T11:26:28.594;536844093104748065;-100;976;-183
2021-11-13T11:26:28.614;536844093124440904;-119;967;-198
2021-11-13T11:26:28.634;536844093144133743;-124;968;-195
2021-11-13T11:26:28.653;536844093163826582;-130;967;-192
2021-11-13T11:26:28.673;536844093183523090;-129;961;-192
2021-11-13T11:26:28.693;536844093203219570;-122;962;-202
2021-11-13T11:26:28.712;536844093222916050;-115;968;-195
2021-11-13T11:26:28.732;536844093242612530;-113;969;-194
2021-11-13T11:26:28.752;536844093262309010;-122;969;-203
2021-11-13T11:26:28.771;536844093282005490;-126;961;-203
2021-11-13T11:26:28.791;536844093301701970;-117;965;-214
2021-11-13T11:26:28.811;536844093321398450;-112;962;-209
2021-11-13T11:26:28.831;536844093341094930;-110;969;-207
2021-11-13T11:26:28.850;536844093360791410;-114;966;-206
2021-11-13T11:26:28.870;536844093380487890;-120;963;-221
2021-11-13T11:26:28.890;536844093400184370;-132;964;-224
2021-11-13T11:26:28.909;536844093419880850;-139;958;-223
2021-11-13T11:26:28.929;536844093439577330;-139;959;-230
2021-11-13T11:26:28.949;536844093459273810;-131;955;-227
2021-11-13T11:26:28.968;536844093478970290;-120;963;-221
2021-11-13T11:26:28.988;536844093498666770;-119;962;-219
2021-11-13T11:26:29.008;536844093518363250;-123;962;-222
2021-11-13T11:26:29.028;536844093538059730;-128;964;-221
2021-11-13T11:26:29.047;536844093557756210;-141;959;-222
2021-11-13T11:26:29.067;536844093577452690;-133;962;-225
2021-11-13T11:26:29.087;536844093597149170;-121;961;-217
2021-11-13T11:26:29.106;536844093616845650;-114;967;-210
2021-11-13T11:26:29.126;536844093636542130;-115;960;-218
2021-11-13T11:26:29.146;536844093656238610;-111;965;-216
2021-11-13T11:26:29.165;536844093675935090;-116;960;-217
2021-11-13T11:26:29.185;536844093695631570;-123;964;-221
2021-11-13T11:26:29.205;536844093715328050;-130;963;-220
2021-11-13T11:26:29.224;536844093735024530;-123;962;-218
2021-11-13T11:26:29.244;536844093754721010;-129;959;-224
2021-11-13T11:26:29.264;536844093774417490;-123;958;-217
2021-11-13T11:26:29.284;536844093794113970;-120;968;-215
2021-11-13T11:26:29.303;536844093813810450;-120;965;-215
2021-11-13T11:26:29.323;536844093833506930;-116;964;-217
2021-11-13T11:26:29.343;536844093853203410;-112;966;-213
2021-11-13T11:26:29.362;536844093872899890;-114;966;-209
2021-11-13T11:26:29.382;536844093892590555;-118;968;-212
2021-11-13T11:26:29.402;536844093912281210;-115;961;-218
2021-11-13T11:26:29.421;536844093931971865;-117;967;-229
2021-11-13T11:26:29.441;536844093951662520;-121;957;-230
2021-11-13T11:26:29.461;536844093971353175;-119;959;-225
2021-11-13T11:26:29.481;536844093991043830;-122;964;-227
2021-11-13T11:26:29.500;536844094010734485;-125;960;-226
2021-11-13T11:26:29.520;536844094030425140;-126;961;-230
2021-11-13T11:26:29.540;536844094050115795;-131;961;-225
2021-11-13T11:26:29.559;536844094069806450;-127;960;-224
2021-11-13T11:26:29.579;536844094089497105;-137;960;-228
2021-11-13T11:26:29.599;536844094109187760;-128;962;-219
2021-11-13T11:26:29.618;536844094128878415;-120;958;-214
2021-11-13T11:26:29.638;536844094148569070;-120;966;-221
2021-11-13T11:26:29.658;536844094168259725;-114;968;-221
2021-11-13T11:26:29.677;536844094187950380;-114;961;-221
2021-11-13T11:26:29.697;536844094207641035;-109;965;-222
2021-11-13T11:26:29.717;536844094227331690;-107;968;-212
2021-11-13T11:26:29.736;536844094247022345;-111;968;-219
2021-11-13T11:26:29.756;536844094266713000;-115;966;-218
2021-11-13T11:26:29.776;536844094286403655;-119;958;-219
2021-11-13T11:26:29.796;536844094306094310;-123;962;-225
2021-11-13T11:26:29.815;536844094325784965;-127;962;-226
2021-11-13T11:26:29.835;536844094345475620;-122;958;-218
2021-11-13T11:26:29.855;536844094365166275;-121;963;-221
2021-11-13T11:26:29.874;536844094384856930;-126;961;-222
2021-11-13T11:26:29.894;536844094404547585;-124;959;-216
2021-11-13T11:26:29.914;536844094424238240;-149;957;-208
2021-11-13T11:26:29.933;536844094443928895;-138;961;-210
2021-11-13T11:26:29.953;536844094463619550;-141;968;-232
2021-11-13T11:26:29.973;536844094483310205;-78;965;-242
2021-11-13T11:26:29.992;536844094503000860;-112;955;-247
2021-11-13T11:26:30.012;536844094522691515;-114;963;-242
2021-11-13T11:26:30.032;536844094542382170;-120;952;-231
2021-11-13T11:26:30.052;536844094562072825;-133;967;-229
2021-11-13T11:26:30.071;536844094581763480;-129;962;-228
2021-11-13T11:26:30.091;536844094601457784;-115;952;-202
2021-11-13T11:26:30.111;536844094621152080;-105;972;-200
2021-11-13T11:26:30.130;536844094640846376;-102;976;-206
2021-11-13T11:26:30.150;536844094660540672;-94;969;-187
2021-11-13T11:26:30.170;536844094680234968;-98;974;-179
2021-11-13T11:26:30.189;536844094699929264;-101;971;-187
2021-11-13T11:26:30.209;536844094719623560;-105;971;-184
2021-11-13T11:26:30.229;536844094739317856;-105;973;-190
2021-11-13T11:26:30.248;536844094759012152;-113;971;-202
2021-11-13T11:26:30.268;536844094778706448;-114;963;-218
2021-11-13T11:26:30.288;536844094798400744;-120;957;-230
2021-11-13T11:26:30.308;536844094818095040;-126;961;-230
2021-11-13T11:26:30.327;536844094837789336;-122;963;-221
2021-11-13T11:26:30.347;536844094857483632;-122;963;-222
2021-11-13T11:26:30.367;536844094877177928;-121;960;-214
2021-11-13T11:26:30.386;536844094896872224;-120;963;-228
2021-11-13T11:26:30.406;536844094916566520;-128;960;-234
2021-11-13T11:26:30.426;536844094936260816;-125;961;-232
2021-11-13T11:26:30.445;536844094955955112;-127;960;-233
2021-11-13T11:26:30.465;536844094975649408;-129;956;-225
2021-11-13T11:26:30.485;536844094995343704;-137;954;-226
2021-11-13T11:26:30.504;536844095015038000;-143;959;-225
2021-11-13T11:26:30.524;536844095034732296;-136;961;-232
2021-11-13T11:26:30.544;536844095054426592;-133;959;-232
2021-11-13T11:26:30.564;536844095074120888;-128;958;-232
2021-11-13T11:26:30.583;536844095093815184;-120;964;-223
2021-11-13T11:26:30.603;536844095113509480;-120;959;-222
2021-11-13T11:26:30.623;536844095133203776;-118;963;-214
2021-11-13T11:26:30.642;536844095152898072;-118;965;-211
2021-11-13T11:26:30.662;536844095172592368;-118;967;-211
2021-11-13T11:26:30.682;536844095192286664;-117;965;-207
2021-11-13T11:26:30.701;536844095211980960;-117;965;-214
2021-11-13T11:26:30.721;536844095231675256;-115;968;-212
2021-11-13T11:26:30.741;536844095251369552;-114;962;-211
2021-11-13T11:26:30.761;536844095271063848;-117;960;-220
2021-11-13T11:26:30.780;536844095290758144;-126;960;-227
2021-11-13T11:26:30.800;536844095310459019;-131;958;-225
2021-11-13T11:26:30.820;536844095330159868;-142;964;-226
2021-11-13T11:26:30.839;536844095349860717;-142;956;-222
2021-11-13T11:26:30.859;536844095369561566;-128;955;-221
2021-11-13T11:26:30.879;536844095389262415;-126;967;-224
2021-11-13T11:26:30.898;536844095408963264;-122;959;-218
2021-11-13T11:26:30.918;536844095428664113;-123;963;-223
2021-11-13T11:26:30.938;536844095448364962;-127;960;-224
2021-11-13T11:26:30.958;536844095468065811;-123;960;-222
2021-11-13T11:26:30.977;536844095487766660;-122;959;-218
2021-11-13T11:26:30.997;536844095507467509;-118;965;-220
2021-11-13T11:26:31.017;536844095527168358;-122;964;-221
2021-11-13T11:26:31.036;536844095546869207;-116;966;-219
2021-11-13T11:26:31.056;536844095566570056;-115;962;-212
2021-11-13T11:26:31.076;536844095586270905;-113;964;-220
2021-11-13T11:26:31.095;536844095605971754;-122;963;-232
2021-11-13T11:26:31.115;536844095625672603;-126;952;-235
2021-11-13T11:26:31.135;536844095645373452;-127;958;-234
2021-11-13T11:26:31.155;536844095665074301;-129;960;-235
2021-11-13T11:26:31.174;536844095684775150;-123;958;-229
2021-11-13T11:26:31.194;536844095704475999;-129;958;-237
2021-11-13T11:26:31.214;536844095724176848;-133;959;-233
2021-11-13T11:26:31.233;536844095743877697;-127;953;-230
2021-11-13T11:26:31.253;536844095763578546;-127;960;-235
2021-11-13T11:26:31.273;536844095783279395;-131;958;-231
2021-11-13T11:26:31.292;536844095802980244;-144;962;-229
2021-11-13T11:26:31.312;536844095822681093;-141;961;-227
2021-11-13T11:26:31.332;536844095842381942;-124;954;-225
2021-11-13T11:26:31.352;536844095862082791;-121;961;-224
2021-11-13T11:26:31.371;536844095881783640;-124;967;-225
2021-11-13T11:26:31.391;536844095901484489;-125;958;-228
2021-11-13T11:26:31.411;536844095921185338;-120;956;-233
2021-11-13T11:26:31.430;536844095940886187;-117;958;-226
2021-11-13T11:26:31.450;536844095960587036;-119;965;-221
2021-11-13T11:26:31.470;536844095980287885;-119;962;-222
2021-11-13T11:26:31.489;536844095999988734;-119;962;-221
2021-11-13T11:26:31.509;536844096019692512;-119;961;-216
2021-11-13T11:26:31.529;536844096039396274;-119;961;-212
2021-11-13T11:26:31.549;536844096059100036;-119;966;-216
2021-11-13T11:26:31.568;536844096078803798;-121;963;-213
2021-11-13T11:26:31.588;536844096098507560;-121;961;-214
2021-11-13T11:26:31.608;536844096118211322;-123;962;-220
2021-11-13T11:26:31.627;536844096137915084;-132;964;-220
2021-11-13T11:26:31.647;536844096157618846;-125;960;-216
2021-11-13T11:26:31.667;536844096177322608;-125;968;-223
2021-11-13T11:26:31.686;536844096197026370;-123;959;-225
2021-11-13T11:26:31.706;536844096216730132;-120;957;-229
2021-11-13T11:26:31.726;536844096236433894;-121;962;-232
2021-11-13T11:26:31.746;536844096256137656;-117;959;-226
2021-11-13T11:26:31.765;536844096275841418;-116;962;-227
2021-11-13T11:26:31.785;536844096295545180;-118;962;-229
2021-11-13T11:26:31.805;536844096315248942;-113;966;-224
2021-11-13T11:26:31.824;536844096334952704;-109;961;-213
2021-11-13T11:26:31.844;536844096354656466;-111;966;-217
2021-11-13T11:26:31.864;536844096374360228;-116;965;-219
2021-11-13T11:26:31.884;536844096394063990;-118;964;-224
2021-11-13T11:26:31.903;536844096413767752;-122;963;-228
2021-11-13T11:26:31.923;536844096433471514;-123;959;-230
2021-11-13T11:26:31.943;536844096453175276;-132;955;-236
2021-11-13T11:26:31.962;536844096472879038;-131;958;-241
2021-11-13T11:26:31.982;536844096492582800;-122;954;-242
2021-11-13T11:26:32.002;536844096512286562;-121;956;-239
2021-11-13T11:26:32.021;536844096531990324;-120;959;-226
2021-11-13T11:26:32.041;536844096551694086;-120;960;-219
2021-11-13T11:26:32.061;536844096571397848;-118;963;-217
2021-11-13T11:26:32.081;536844096591101610;-123;962;-210
2021-11-13T11:26:32.100;536844096610805372;-126;966;-207
2021-11-13T11:26:32.120;536844096630509134;-120;966;-200
2021-11-13T11:26:32.140;536844096650212896;-108;969;-200
2021-11-13T11:26:32.159;536844096669916658;-114;966;-206
2021-11-13T11:26:32.179;536844096689620420;-116;961;-203
2021-11-13T11:26:32.199;536844096709324182;-127;962;-206
2021-11-13T11:26:32.218;536844096729024327;-142;965;-208
2021-11-13T11:26:32.238;536844096748724448;-147;963;-222
2021-11-13T11:26:32.258;536844096768424569;-137;955;-225
2021-11-13T11:26:32.278;536844096788124690;-128;956;-226
2021-11-13T11:26:32.297;536844096807824811;-123;967;-225
2021-11-13T11:26:32.317;536844096827524932;-122;963;-226
2021-11-13T11:26:32.337;536844096847225053;-117;962;-225
2021-11-13T11:26:32.356;536844096866925174;-120;960;-232
2021-11-13T11:26:32.376;536844096886625295;-120;958;-231
2021-11-13T11:26:32.396;536844096906325416;-123;960;-235
2021-11-13T11:26:32.415;536844096926025537;-119;961;-233
2021-11-13T11:26:32.435;536844096945725658;-117;962;-231
2021-11-13T11:26:32.455;536844096965425779;-116;957;-226
2021-11-13T11:26:32.475;536844096985125900;-115;958;-230
2021-11-13T11:26:32.494;536844097004826021;-115;958;-231
2021-11-13T11:26:32.514;536844097024526142;-116;958;-229
2021-11-13T11:26:32.534;536844097044226263;-122;961;-225
2021-11-13T11:26:32.553;536844097063926384;-132;960;-226
2021-11-13T11:26:32.573;536844097083626505;-123;962;-228
2021-11-13T11:26:32.593;536844097103326626;-116;962;-227
2021-11-13T11:26:32.612;536844097123026747;-110;961;-224
2021-11-13T11:26:32.632;536844097142726868;-106;962;-227
2021-11-13T11:26:32.652;536844097162426989;-95;961;-226
2021-11-13T11:26:32.672;536844097182127110;-95;967;-223
2021-11-13T11:26:32.691;536844097201827231;-107;969;-224
2021-11-13T11:26:32.711;536844097221527352;-110;960;-223
2021-11-13T11:26:32.731;536844097241227473;-113;961;-227
2021-11-13T11:26:32.750;536844097260927594;-120;962;-227
2021-11-13T11:26:32.770;536844097280627715;-132;954;-234
2021-11-13T11:26:32.790;536844097300327836;-137;958;-244
2021-11-13T11:26:32.809;536844097320027957;-140;950;-242
2021-11-13T11:26:32.829;536844097339728078;-148;954;-240
2021-11-13T11:26:32.849;536844097359428199;-137;957;-240
2021-11-13T11:26:32.869;536844097379128320;-136;954;-237
2021-11-13T11:26:32.888;536844097398828441;-124;959;-235
2021-11-13T11:26:32.908;536844097418528562;-123;961;-236
2021-11-13T11:26:32.928;536844097438238911;-118;960;-231
2021-11-13T11:26:32.947;536844097457949226;-115;958;-228
2021-11-13T11:26:32.967;536844097477659541;-111;964;-226
2021-11-13T11:26:32.987;536844097497369856;-115;962;-222
2021-11-13T11:26:33.007;536844097517080171;-115;961;-226
2021-11-13T11:26:33.026;536844097536790486;-119;960;-225
2021-11-13T11:26:33.046;536844097556500801;-120;959;-225
2021-11-13T11:26:33.066;536844097576211116;-117;958;-226
2021-11-13T11:26:33.085;536844097595921431;-116;958;-224
2021-11-13T11:26:33.105;536844097615631746;-115;964;-220
2021-11-13T11:26:33.125;536844097635342061;-111;967;-217
2021-11-13T11:26:33.145;536844097655052376;-114;966;-221
2021-11-13T11:26:33.164;536844097674762691;-111;962;-220
2021-11-13T11:26:33.184;536844097694473006;-115;962;-226
2021-11-13T11:26:33.204;536844097714183321;-115;964;-226
2021-11-13T11:26:33.223;536844097733893636;-115;964;-230
2021-11-13T11:26:33.243;536844097753603951;-118;955;-232
2021-11-13T11:26:33.263;536844097773314266;-125;955;-236
2021-11-13T11:26:33.282;536844097793024581;-137;958;-235
2021-11-13T11:26:33.302;536844097812734896;-129;954;-232
2021-11-13T11:26:33.322;536844097832445211;-122;958;-234
2021-11-13T11:26:33.342;536844097852155526;-120;959;-234
2021-11-13T11:26:33.361;536844097871865841;-119;959;-229
2021-11-13T11:26:33.381;536844097891576156;-126;959;-237
2021-11-13T11:26:33.401;536844097911286471;-122;956;-235
2021-11-13T11:26:33.420;536844097930996786;-119;958;-236
2021-11-13T11:26:33.440;536844097950707101;-123;960;-239
2021-11-13T11:26:33.460;536844097970417416;-119;954;-238
2021-11-13T11:26:33.480;536844097990127731;-112;959;-230
2021-11-13T11:26:33.499;536844098009838046;-114;963;-225
2021-11-13T11:26:33.519;536844098029548361;-117;965;-221
2021-11-13T11:26:33.539;536844098049258676;-117;965;-220
2021-11-13T11:26:33.558;536844098068968991;-117;966;-211
2021-11-13T11:26:33.578;536844098088679306;-111;968;-198
2021-11-13T11:26:33.598;536844098108389621;-109;969;-205
2021-11-13T11:26:33.618;536844098128099936;-114;968;-213
2021-11-13T11:26:33.637;536844098147800817;-113;962;-213
2021-11-13T11:26:33.657;536844098167501666;-114;967;-218
2021-11-13T11:26:33.677;536844098187202515;-115;966;-218
2021-11-13T11:26:33.696;536844098206903364;-114;963;-215
2021-11-13T11:26:33.716;536844098226604213;-118;964;-221
2021-11-13T11:26:33.736;536844098246305062;-113;961;-220
2021-11-13T11:26:33.755;536844098266005911;-114;965;-220
2021-11-13T11:26:33.775;536844098285706760;-110;965;-215
2021-11-13T11:26:33.795;536844098305407609;-115;964;-215
2021-11-13T11:26:33.815;536844098325108458;-118;964;-221
2021-11-13T11:26:33.834;536844098344809307;-118;964;-217
2021-11-13T11:26:33.854;536844098364510156;-123;962;-221
2021-11-13T11:26:33.874;536844098384211005;-124;966;-221
2021-11-13T11:26:33.893;536844098403911854;-121;961;-219
2021-11-13T11:26:33.913;536844098423612703;-116;960;-221
2021-11-13T11:26:33.933;536844098443313552;-117;966;-221
2021-11-13T11:26:33.952;536844098463014401;-116;965;-218
2021-11-13T11:26:33.972;536844098482715250;-121;959;-224
2021-11-13T11:26:33.992;536844098502416099;-122;961;-226
2021-11-13T11:26:34.012;536844098522116948;-119;962;-226
2021-11-13T11:26:34.031;536844098541817797;-114;962;-221
2021-11-13T11:26:34.051;536844098561518646;-110;964;-217
2021-11-13T11:26:34.071;536844098581219495;-114;969;-215
2021-11-13T11:26:34.090;536844098600920344;-113;964;-216
2021-11-13T11:26:34.110;536844098620621193;-113;964;-216
2021-11-13T11:26:34.130;536844098640322042;-115;967;-219
2021-11-13T11:26:34.149;536844098660022891;-121;962;-224
2021-11-13T11:26:34.169;536844098679723740;-119;962;-223
2021-11-13T11:26:34.189;536844098699424589;-115;962;-222
2021-11-13T11:26:34.209;536844098719125438;-114;962;-221
2021-11-13T11:26:34.228;536844098738826287;-117;963;-232
2021-11-13T11:26:34.248;536844098758527136;-121;959;-225
2021-11-13T11:26:34.268;536844098778227985;-117;962;-218
2021-11-13T11:26:34.287;536844098797928834;-120;963;-221
2021-11-13T11:26:34.307;536844098817629683;-116;960;-216
2021-11-13T11:26:34.327;536844098837330532;-118;970;-220
2021-11-13T11:26:34.346;536844098857034308;-133;966;-219
2021-11-13T11:26:34.366;536844098876738070;-134;958;-223
2021-11-13T11:26:34.386;536844098896441832;-126;956;-224
2021-11-13T11:26:34.406;536844098916145594;-116;964;-214
2021-11-13T11:26:34.425;536844098935849356;-121;967;-217
2021-11-13T11:26:34.445;536844098955553118;-131;961;-224
2021-11-13T11:26:34.465;536844098975256880;-127;961;-224
2021-11-13T11:26:34.484;536844098994960642;-123;961;-225
2021-11-13T11:26:34.504;536844099014664404;-121;961;-231
2021-11-13T11:26:34.524;536844099034368166;-122;958;-231
2021-11-13T11:26:34.544;536844099054071928;-118;956;-228
2021-11-13T11:26:34.563;536844099073775690;-114;966;-229
2021-11-13T11:26:34.583;536844099093479452;-116;959;-224
2021-11-13T11:26:34.603;536844099113183214;-115;965;-226
2021-11-13T11:26:34.622;536844099132886976;-115;964;-221
2021-11-13T11:26:34.642;536844099152590738;-117;966;-225
2021-11-13T11:26:34.662;536844099172294500;-124;960;-219
2021-11-13T11:26:34.681;536844099191998262;-123;959;-217
2021-11-13T11:26:34.701;536844099211702024;-124;961;-224
2021-11-13T11:26:34.721;536844099231405786;-123;964;-215
2021-11-13T11:26:34.741;536844099251109548;-136;964;-224
2021-11-13T11:26:34.760;536844099270813310;-137;961;-224
2021-11-13T11:26:34.780;536844099290517072;-127;957;-219
2021-11-13T11:26:34.800;536844099310220834;-124;967;-224
2021-11-13T11:26:34.819;536844099329924596;-129;967;-230
2021-11-13T11:26:34.839;536844099349628358;-125;957;-232
2021-11-13T11:26:34.859;536844099369332120;-121;953;-229
2021-11-13T11:26:34.878;536844099389035882;-118;957;-223
2021-11-13T11:26:34.898;536844099408739644;-118;966;-223
2021-11-13T11:26:34.918;536844099428443406;-116;964;-218
2021-11-13T11:26:34.938;536844099448147168;-115;966;-211
2021-11-13T11:26:34.957;536844099467850930;-117;961;-205
2021-11-13T11:26:34.977;536844099487554692;-116;971;-208
2021-11-13T11:26:34.997;536844099507258454;-115;973;-204
2021-11-13T11:26:35.016;536844099526962216;-116;967;-211
2021-11-13T11:26:35.036;536844099546665978;-118;961;-219
2021-11-13T11:26:35.056;536844099566358849;-116;955;-226
2021-11-13T11:26:35.076;536844099586051688;-112;960;-227
2021-11-13T11:26:35.095;536844099605744527;-111;962;-227
2021-11-13T11:26:35.115;536844099625437366;-110;960;-222
2021-11-13T11:26:35.135;536844099645130205;-112;966;-219
2021-11-13T11:26:35.154;536844099664823044;-113;965;-211
2021-11-13T11:26:35.174;536844099684515883;-115;969;-202
2021-11-13T11:26:35.194;536844099704208722;-115;973;-198
2021-11-13T11:26:35.213;536844099723901561;-113;968;-195
2021-11-13T11:26:35.233;536844099743594400;-112;967;-199
2021-11-13T11:26:35.253;536844099763287239;-116;964;-211
2021-11-13T11:26:35.272;536844099782980078;-120;968;-218
2021-11-13T11:26:35.292;536844099802672917;-120;962;-224
2021-11-13T11:26:35.312;536844099822365756;-118;962;-225
2021-11-13T11:26:35.332;536844099842058595;-119;959;-227
2021-11-13T11:26:35.351;536844099861751434;-119;964;-227
2021-11-13T11:26:35.371;536844099881444273;-121;961;-227
2021-11-13T11:26:35.391;536844099901137112;-115;963;-224
2021-11-13T11:26:35.410;536844099920829951;-104;968;-218
2021-11-13T11:26:35.430;536844099940522790;-101;968;-220
2021-11-13T11:26:35.450;536844099960215629;-109;965;-222
2021-11-13T11:26:35.469;536844099979908468;-109;965;-217
2021-11-13T11:26:35.489;536844099999601307;-114;967;-221
2021-11-13T11:26:35.509;536844100019294146;-112;967;-229
2021-11-13T11:26:35.528;536844100038986985;-111;961;-223
2021-11-13T11:26:35.548;536844100058679824;-120;958;-221
2021-11-13T11:26:35.568;536844100078372663;-128;957;-233
2021-11-13T11:26:35.588;536844100098065502;-123;959;-238
2021-11-13T11:26:35.607;536844100117758341;-115;954;-227
2021-11-13T11:26:35.627;536844100137451180;-116;962;-228
2021-11-13T11:26:35.647;536844100157144019;-117;962;-225
2021-11-13T11:26:35.666;536844100176836858;-117;966;-220
2021-11-13T11:26:35.686;536844100196529697;-119;963;-218
2021-11-13T11:26:35.706;536844100216222536;-123;959;-225
2021-11-13T11:26:35.725;536844100235915375;-117;963;-231
2021-11-13T11:26:35.745;536844100255608214;-116;961;-233
2021-11-13T11:26:35.765;536844100275306157;-123;950;-243
2021-11-13T11:26:35.784;536844100295004094;-132;952;-243
2021-11-13T11:26:35.804;536844100314702031;-136;955;-248
2021-11-13T11:26:35.824;536844100334399968;-155;947;-254
2021-11-13T11:26:35.844;536844100354097905;-120;944;-236
2021-11-13T11:26:35.863;536844100373795842;-104;966;-212
2021-11-13T11:26:35.883;536844100393493779;-105;977;-213
2021-11-13T11:26:35.903;536844100413191716;-114;972;-218
2021-11-13T11:26:35.922;536844100432889653;-115;955;-229
2021-11-13T11:26:35.942;536844100452587590;-117;959;-247
2021-11-13T11:26:35.962;536844100472285527;-132;953;-254
2021-11-13T11:26:35.981;536844100491983464;-138;945;-260
2021-11-13T11:26:36.001;536844100511681401;-117;956;-252
2021-11-13T11:26:36.021;536844100531379338;-114;954;-247
2021-11-13T11:26:36.041;536844100551077275;-122;946;-245
2021-11-13T11:26:36.060;536844100570775212;-133;948;-245
2021-11-13T11:26:36.080;536844100590473149;-123;959;-241
2021-11-13T11:26:36.100;536844100610171086;-119;960;-230
2021-11-13T11:26:36.119;536844100629869023;-118;967;-221
2021-11-13T11:26:36.139;536844100649566960;-122;959;-227
2021-11-13T11:26:36.159;536844100669264897;-120;960;-231
2021-11-13T11:26:36.178;536844100688962834;-120;963;-227
2021-11-13T11:26:36.198;536844100708660771;-125;952;-236
2021-11-13T11:26:36.218;536844100728358708;-119;954;-236
2021-11-13T11:26:36.238;536844100748056645;-113;968;-233
2021-11-13T11:26:36.257;536844100767754582;-115;964;-229
2021-11-13T11:26:36.277;536844100787452519;-113;965;-226
2021-11-13T11:26:36.297;536844100807150456;-113;958;-229
2021-11-13T11:26:36.316;536844100826848393;-118;961;-235
2021-11-13T11:26:36.336;536844100846546330;-120;962;-236
2021-11-13T11:26:36.356;536844100866244267;-116;956;-235
2021-11-13T11:26:36.375;536844100885942204;-118;960;-244
2021-11-13T11:26:36.395;536844100905640141;-118;948;-245
2021-11-13T11:26:36.415;536844100925338078;-116;962;-229
2021-11-13T11:26:36.434;536844100945036015;-113;964;-226
2021-11-13T11:26:36.454;536844100964733952;-120;952;-227
2021-11-13T11:26:36.474;536844100984436258;-124;956;-232
2021-11-13T11:26:36.494;536844101004138564;-139;957;-234
2021-11-13T11:26:36.513;536844101023840870;-141;957;-230
2021-11-13T11:26:36.533;536844101043543176;-132;961;-230
2021-11-13T11:26:36.553;536844101063245482;-118;962;-229
2021-11-13T11:26:36.572;536844101082947788;-112;962;-227
2021-11-13T11:26:36.592;536844101102650094;-105;966;-217
2021-11-13T11:26:36.612;536844101122352400;-115;960;-223
2021-11-13T11:26:36.632;536844101142054706;-121;963;-229
2021-11-13T11:26:36.651;536844101161757012;-121;958;-224
2021-11-13T11:26:36.671;536844101181459318;-120;960;-226
2021-11-13T11:26:36.691;536844101201161624;-124;962;-229
2021-11-13T11:26:36.710;536844101220863930;-119;958;-217
2021-11-13T11:26:36.730;536844101240566236;-110;970;-213
2021-11-13T11:26:36.750;536844101260268542;-113;964;-211
2021-11-13T11:26:36.769;536844101279970848;-115;962;-219
2021-11-13T11:26:36.789;536844101299673154;-107;965;-230
2021-11-13T11:26:36.809;536844101319375460;-102;962;-234
2021-11-13T11:26:36.829;536844101339077766;-108;961;-235
2021-11-13T11:26:36.848;536844101358780072;-120;958;-241
2021-11-13T11:26:36.868;536844101378482378;-117;961;-241
2021-11-13T11:26:36.888;536844101398184684;-116;956;-238
2021-11-13T11:26:36.907;536844101417886990;-116;950;-230
2021-11-13T11:26:36.927;536844101437589296;-118;963;-233
2021-11-13T11:26:36.947;536844101457291602;-120;965;-235
2021-11-13T11:26:36.966;536844101476993908;-116;962;-230
2021-11-13T11:26:36.986;536844101496696214;-116;963;-226
2021-11-13T11:26:37.006;536844101516398520;-115;959;-227
2021-11-13T11:26:37.026;536844101536100826;-111;960;-231
2021-11-13T11:26:37.045;536844101555803132;-115;962;-230
2021-11-13T11:26:37.065;536844101575505438;-118;959;-231
2021-11-13T11:26:37.085;536844101595207744;-120;957;-232
2021-11-13T11:26:37.104;536844101614910050;-117;965;-236
2021-11-13T11:26:37.124;536844101634612356;-115;958;-230
2021-11-13T11:26:37.144;536844101654314662;-113;961;-221
2021-11-13T11:26:37.163;536844101674016968;-115;961;-222
2021-11-13T11:26:37.183;536844101693714177;-120;965;-232
2021-11-13T11:26:37.203;536844101713411386;-126;960;-233
2021-11-13T11:26:37.223;536844101733108595;-121;959;-234
2021-11-13T11:26:37.242;536844101752805804;-124;957;-236
2021-11-13T11:26:37.262;536844101772503013;-120;959;-232
2021-11-13T11:26:37.282;536844101792200222;-121;962;-227
2021-11-13T11:26:37.301;536844101811897431;-120;959;-223
2021-11-13T11:26:37.321;536844101831594640;-122;961;-227
2021-11-13T11:26:37.341;536844101851291849;-120;959;-231
2021-11-13T11:26:37.360;536844101870989058;-119;961;-229
2021-11-13T11:26:37.380;536844101890686267;-117;962;-225
2021-11-13T11:26:37.400;536844101910383476;-120;962;-216
2021-11-13T11:26:37.420;536844101930080685;-121;960;-224
2021-11-13T11:26:37.439;536844101949777894;-121;961;-219
2021-11-13T11:26:37.459;536844101969475103;-115;965;-217
2021-11-13T11:26:37.479;536844101989172312;-116;966;-219
2021-11-13T11:26:37.498;536844102008869521;-123;962;-219
2021-11-13T11:26:37.518;536844102028566730;-136;961;-219
2021-11-13T11:26:37.538;536844102048263939;-139;958;-224
2021-11-13T11:26:37.557;536844102067961148;-120;963;-227
2021-11-13T11:26:37.577;536844102087658357;-123;962;-234
2021-11-13T11:26:37.597;536844102107355566;-122;949;-229
2021-11-13T11:26:37.617;536844102127052775;-122;956;-240
2021-11-13T11:26:37.636;536844102146749984;-125;961;-239
2021-11-13T11:26:37.656;536844102166447193;-121;957;-230
2021-11-13T11:26:37.676;536844102186144402;-121;958;-236
2021-11-13T11:26:37.695;536844102205841611;-113;962;-233
2021-11-13T11:26:37.715;536844102225538820;-103;962;-226
2021-11-13T11:26:37.735;536844102245236029;-110;966;-228
2021-11-13T11:26:37.754;536844102264933238;-109;965;-223
2021-11-13T11:26:37.774;536844102284630447;-113;965;-229
2021-11-13T11:26:37.794;536844102304327656;-117;959;-228
2021-11-13T11:26:37.813;536844102324024865;-118;960;-218
2021-11-13T11:26:37.833;536844102343722074;-119;960;-219
2021-11-13T11:26:37.853;536844102363419283;-118;960;-222
2021-11-13T11:26:37.873;536844102383116492;-115;967;-221
2021-11-13T11:26:37.892;536844102402815895;-122;968;-226
2021-11-13T11:26:37.912;536844102422515288;-144;956;-236
2021-11-13T11:26:37.932;536844102442214681;-145;952;-239
2021-11-13T11:26:37.951;536844102461914074;-133;954;-241
2021-11-13T11:26:37.971;536844102481613467;-125;960;-233
2021-11-13T11:26:37.991;536844102501312860;-126;956;-232
2021-11-13T11:26:38.010;536844102521012253;-123;957;-232
2021-11-13T11:26:38.030;536844102540711646;-125;966;-237
2021-11-13T11:26:38.050;536844102560411039;-119;956;-226
2021-11-13T11:26:38.070;536844102580110432;-113;960;-215
2021-11-13T11:26:38.089;536844102599809825;-106;969;-205
2021-11-13T11:26:38.109;536844102619509218;-109;972;-213
2021-11-13T11:26:38.129;536844102639208611;-109;967;-220
2021-11-13T11:26:38.148;536844102658908004;-117;962;-234
2021-11-13T11:26:38.168;536844102678607397;-115;955;-238
2021-11-13T11:26:38.188;536844102698306790;-112;954;-240
2021-11-13T11:26:38.207;536844102718006183;-111;961;-242
2021-11-13T11:26:38.227;536844102737705576;-113;960;-240
2021-11-13T11:26:38.247;536844102757404969;-115;956;-244
2021-11-13T11:26:38.267;536844102777104362;-122;952;-239
2021-11-13T11:26:38.286;536844102796803755;-124;951;-232
2021-11-13T11:26:38.306;536844102816503148;-117;969;-230
2021-11-13T11:26:38.326;536844102836202541;-121;966;-224
2021-11-13T11:26:38.345;536844102855901934;-121;961;-214
2021-11-13T11:26:38.365;536844102875601327;-135;961;-225
2021-11-13T11:26:38.385;536844102895300720;-146;963;-229
2021-11-13T11:26:38.404;536844102915000113;-138;956;-223
2021-11-13T11:26:38.424;536844102934699506;-130;955;-224
2021-11-13T11:26:38.444;536844102954398899;-121;961;-221
2021-11-13T11:26:38.464;536844102974098292;-117;958;-228
2021-11-13T11:26:38.483;536844102993797685;-110;966;-231
2021-11-13T11:26:38.503;536844103013497078;-111;965;-237
2021-11-13T11:26:38.523;536844103033196471;-120;953;-231
2021-11-13T11:26:38.542;536844103052895864;-117;957;-230
2021-11-13T11:26:38.562;536844103072595257;-112;962;-224
2021-11-13T11:26:38.582;536844103092294650;-112;971;-227
2021-11-13T11:26:38.601;536844103111991158;-112;954;-234
2021-11-13T11:26:38.621;536844103131687638;-115;958;-239
2021-11-13T11:26:38.641;536844103151384118;-114;956;-234
2021-11-13T11:26:38.661;536844103171080598;-119;959;-245
2021-11-13T11:26:38.680;536844103190777078;-120;954;-249
2021-11-13T11:26:38.700;536844103210473558;-115;955;-243
2021-11-13T11:26:38.720;536844103230170038;-118;951;-242
2021-11-13T11:26:38.739;536844103249866518;-122;958;-243
2021-11-13T11:26:38.759;536844103269562998;-120;957;-239
2021-11-13T11:26:38.779;536844103289259478;-119;953;-230
2021-11-13T11:26:38.798;536844103308955958;-125;959;-233
2021-11-13T11:26:38.818;536844103328652438;-122;966;-230
2021-11-13T11:26:38.838;536844103348348918;-120;959;-221
2021-11-13T11:26:38.858;536844103368045398;-118;957;-218
2021-11-13T11:26:38.877;536844103387741878;-115;964;-223
2021-11-13T11:26:38.897;536844103407438358;-120;958;-232
2021-11-13T11:26:38.917;536844103427134838;-113;961;-230
2021-11-13T11:26:38.936;536844103446831318;-112;962;-231
2021-11-13T11:26:38.956;536844103466527798;-111;962;-227
2021-11-13T11:26:38.976;536844103486224278;-112;963;-224
2021-11-13T11:26:38.995;536844103505920758;-112;964;-230
2021-11-13T11:26:39.015;536844103525617238;-107;962;-221
2021-11-13T11:26:39.035;536844103545313718;-110;967;-226
2021-11-13T11:26:39.054;536844103565010198;-122;960;-230
2021-11-13T11:26:39.074;536844103584706678;-127;959;-235
2021-11-13T11:26:39.094;536844103604403158;-119;958;-233
2021-11-13T11:26:39.114;536844103624099638;-115;957;-230
2021-11-13T11:26:39.133;536844103643796118;-114;960;-229
2021-11-13T11:26:39.153;536844103663492598;-122;962;-240
2021-11-13T11:26:39.173;536844103683189078;-121;954;-238
2021-11-13T11:26:39.192;536844103702885558;-121;952;-233
2021-11-13T11:26:39.212;536844103722582038;-122;962;-233
2021-11-13T11:26:39.232;536844103742278518;-122;961;-229
2021-11-13T11:26:39.251;536844103761974998;-122;957;-230
2021-11-13T11:26:39.271;536844103781671478;-120;955;-233
2021-11-13T11:26:39.291;536844103801367958;-120;963;-229
2021-11-13T11:26:39.311;536844103821060829;-125;959;-228
2021-11-13T11:26:39.330;536844103840753668;-134;957;-239
2021-11-13T11:26:39.350;536844103860446507;-136;952;-243
2021-11-13T11:26:39.370;536844103880139346;-125;958;-240
2021-11-13T11:26:39.389;536844103899832185;-114;959;-239
2021-11-13T11:26:39.409;536844103919525024;-111;961;-230
2021-11-13T11:26:39.429;536844103939217863;-110;964;-224
2021-11-13T11:26:39.448;536844103958910702;-115;966;-231
2021-11-13T11:26:39.468;536844103978603541;-117;958;-230
2021-11-13T11:26:39.488;536844103998296380;-118;958;-234
2021-11-13T11:26:39.507;536844104017989219;-115;959;-230
2021-11-13T11:26:39.527;536844104037682058;-107;971;-220
2021-11-13T11:26:39.547;536844104057374897;-103;965;-221
2021-11-13T11:26:39.567;536844104077067736;-108;964;-226
2021-11-13T11:26:39.586;536844104096760575;-105;961;-222
2021-11-13T11:26:39.606;536844104116453414;-107;961;-224
2021-11-13T11:26:39.626;536844104136146253;-113;964;-231
2021-11-13T11:26:39.645;536844104155839092;-117;961;-230
2021-11-13T11:26:39.665;536844104175531931;-113;960;-230
2021-11-13T11:26:39.685;536844104195224770;-110;963;-230
2021-11-13T11:26:39.704;536844104214917609;-109;967;-223
2021-11-13T11:26:39.724;536844104234610448;-116;962;-222
2021-11-13T11:26:39.744;536844104254303287;-118;961;-231
2021-11-13T11:26:39.763;536844104273996126;-119;957;-235
2021-11-13T11:26:39.783;536844104293688965;-109;970;-231
2021-11-13T11:26:39.803;536844104313381804;-117;958;-230
2021-11-13T11:26:39.823;536844104333074643;-125;957;-238
2021-11-13T11:26:39.842;536844104352767482;-125;954;-235
2021-11-13T11:26:39.862;536844104372460321;-122;960;-240
2021-11-13T11:26:39.882;536844104392153160;-124;956;-237
2021-11-13T11:26:39.901;536844104411845999;-124;958;-231
2021-11-13T11:26:39.921;536844104431538838;-123;959;-230
2021-11-13T11:26:39.941;536844104451231677;-115;965;-224
2021-11-13T11:26:39.960;536844104470924516;-111;962;-216
2021-11-13T11:26:39.980;536844104490617355;-110;966;-217
2021-11-13T11:26:40.000;536844104510310194;-108;966;-213
2021-11-13T11:26:40.019;536844104530008133;-111;965;-211
2021-11-13T11:26:40.039;536844104549706070;-115;968;-215
2021-11-13T11:26:40.059;536844104569404007;-118;964;-214
2021-11-13T11:26:40.079;536844104589101944;-112;966;-216
2021-11-13T11:26:40.098;536844104608799881;-103;969;-217
2021-11-13T11:26:40.118;536844104628497818;-109;963;-220
2021-11-13T11:26:40.138;536844104648195755;-113;965;-226
2021-11-13T11:26:40.157;536844104667893692;-113;962;-233
2021-11-13T11:26:40.177;536844104687591629;-113;961;-230
2021-11-13T11:26:40.197;536844104707289566;-114;960;-228
2021-11-13T11:26:40.216;536844104726987503;-117;959;-230
2021-11-13T11:26:40.236;536844104746685440;-116;963;-234
2021-11-13T11:26:40.256;536844104766383377;-119;960;-232
2021-11-13T11:26:40.276;536844104786081314;-121;956;-236
2021-11-13T11:26:40.295;536844104805779251;-124;960;-237
2021-11-13T11:26:40.315;536844104825477188;-118;961;-236
2021-11-13T11:26:40.335;536844104845175125;-118;958;-235
2021-11-13T11:26:40.354;536844104864873062;-116;961;-237
2021-11-13T11:26:40.374;536844104884570999;-117;958;-242
2021-11-13T11:26:40.394;536844104904268936;-117;957;-240
2021-11-13T11:26:40.413;536844104923966873;-115;957;-241
2021-11-13T11:26:40.433;536844104943664810;-113;956;-235
2021-11-13T11:26:40.453;536844104963362747;-112;967;-229
2021-11-13T11:26:40.473;536844104983060684;-113;962;-227
2021-11-13T11:26:40.492;536844105002758621;-112;963;-222
2021-11-13T11:26:40.512;536844105022456558;-113;963;-221
2021-11-13T11:26:40.532;536844105042154495;-109;968;-217
2021-11-13T11:26:40.551;536844105061852432;-110;968;-214
2021-11-13T11:26:40.571;536844105081550369;-104;962;-202
2021-11-13T11:26:40.591;536844105101248306;-102;970;-203
2021-11-13T11:26:40.610;536844105120946243;-114;973;-219
2021-11-13T11:26:40.630;536844105140644180;-124;950;-227
2021-11-13T11:26:40.650;536844105160342117;-129;958;-224
2021-11-13T11:26:40.669;536844105180040054;-122;959;-230
2021-11-13T11:26:40.689;536844105199737991;-124;962;-227
2021-11-13T11:26:40.709;536844105219435928;-122;954;-237
2021-11-13T11:26:40.729;536844105239133869;-128;956;-237
2021-11-13T11:26:40.748;536844105258831806;-125;959;-239
2021-11-13T11:26:40.768;536844105278529743;-132;955;-241
2021-11-13T11:26:40.788;536844105298227680;-132;952;-245
2021-11-13T11:26:40.807;536844105317925617;-119;959;-242
2021-11-13T11:26:40.827;536844105337623554;-117;959;-240
2021-11-13T11:26:40.847;536844105357321491;-116;956;-243
2021-11-13T11:26:40.866;536844105377019428;-115;953;-242
2021-11-13T11:26:40.886;536844105396717365;-119;958;-242
2021-11-13T11:26:40.906;536844105416415302;-125;956;-239
2021-11-13T11:26:40.926;536844105436113239;-128;955;-242
2021-11-13T11:26:40.945;536844105455811176;-125;951;-242
2021-11-13T11:26:40.965;536844105475509113;-126;954;-244
2021-11-13T11:26:40.985;536844105495207050;-123;957;-243
2021-11-13T11:26:41.004;536844105514904987;-117;953;-239
2021-11-13T11:26:41.024;536844105534602924;-111;959;-239
2021-11-13T11:26:41.044;536844105554300861;-116;957;-237
2021-11-13T11:26:41.063;536844105573998798;-115;957;-240
2021-11-13T11:26:41.083;536844105593696735;-115;960;-240
2021-11-13T11:26:41.103;536844105613394672;-114;958;-238
2021-11-13T11:26:41.123;536844105633092609;-118;959;-240
2021-11-13T11:26:41.142;536844105652790546;-125;954;-245
2021-11-13T11:26:41.162;536844105672488483;-129;950;-247
2021-11-13T11:26:41.182;536844105692186420;-131;951;-250
2021-11-13T11:26:41.201;536844105711884357;-139;954;-252
2021-11-13T11:26:41.221;536844105731582294;-134;954;-248
2021-11-13T11:26:41.241;536844105751280231;-123;950;-246
2021-11-13T11:26:41.260;536844105770978168;-114;956;-240
2021-11-13T11:26:41.280;536844105790676105;-114;963;-236
2021-11-13T11:26:41.300;536844105810374042;-118;968;-233
2021-11-13T11:26:41.320;536844105830071979;-121;956;-235
2021-11-13T11:26:41.339;536844105849769916;-116;950;-235
2021-11-13T11:26:41.359;536844105869467853;-115;956;-224
2021-11-13T11:26:41.379;536844105889165790;-101;970;-216
2021-11-13T11:26:41.398;536844105908863727;-116;964;-231
2021-11-13T11:26:41.418;536844105928561664;-117;959;-232
2021-11-13T11:26:41.438;536844105948251593;-131;951;-244
2021-11-13T11:26:41.457;536844105967941520;-135;951;-243
2021-11-13T11:26:41.477;536844105987631447;-149;951;-247
2021-11-13T11:26:41.497;536844106007321374;-142;957;-245
2021-11-13T11:26:41.516;536844106027011301;-132;951;-246
2021-11-13T11:26:41.536;536844106046701228;-119;947;-238
2021-11-13T11:26:41.556;536844106066391155;-116;964;-235
2021-11-13T11:26:41.576;536844106086081082;-117;961;-226
2021-11-13T11:26:41.595;536844106105771009;-115;966;-230
2021-11-13T11:26:41.615;536844106125460936;-117;962;-233
2021-11-13T11:26:41.635;536844106145150863;-114;967;-231
2021-11-13T11:26:41.654;536844106164840790;-112;951;-232
2021-11-13T11:26:41.674;536844106184530717;-106;965;-231
2021-11-13T11:26:41.694;536844106204220644;-109;962;-234
2021-11-13T11:26:41.713;536844106223910571;-113;961;-239
2021-11-13T11:26:41.733;536844106243600498;-116;959;-243
2021-11-13T11:26:41.753;536844106263290425;-121;952;-250
2021-11-13T11:26:41.772;536844106282980352;-125;950;-250
2021-11-13T11:26:41.792;536844106302670279;-134;951;-257
2021-11-13T11:26:41.812;536844106322360206;-131;951;-257
2021-11-13T11:26:41.832;536844106342050133;-129;951;-257
2021-11-13T11:26:41.851;536844106361740060;-133;945;-253
2021-11-13T11:26:41.871;536844106381429987;-128;953;-248
2021-11-13T11:26:41.891;536844106401119914;-124;959;-243
2021-11-13T11:26:41.910;536844106420809841;-123;959;-240
2021-11-13T11:26:41.930;536844106440499768;-118;958;-238
2021-11-13T11:26:41.950;536844106460189695;-116;962;-233
2021-11-13T11:26:41.969;536844106479879622;-113;952;-226
2021-11-13T11:26:41.989;536844106499569549;-116;961;-227
2021-11-13T11:26:42.009;536844106519259476;-120;962;-229
2021-11-13T11:26:42.028;536844106538949403;-121;962;-231
2021-11-13T11:26:42.048;536844106558639330;-121;954;-231
2021-11-13T11:26:42.068;536844106578329257;-116;952;-228
2021-11-13T11:26:42.087;536844106598019184;-115;961;-225
2021-11-13T11:26:42.107;536844106617709111;-117;963;-226
2021-11-13T11:26:42.127;536844106637399038;-115;957;-218
2021-11-13T11:26:42.147;536844106657095542;-116;966;-216
2021-11-13T11:26:42.166;536844106676792022;-116;965;-210
2021-11-13T11:26:42.186;536844106696488502;-115;967;-210
2021-11-13T11:26:42.206;536844106716184982;-113;967;-217
2021-11-13T11:26:42.225;536844106735881462;-111;962;-223
2021-11-13T11:26:42.245;536844106755577942;-114;962;-222
2021-11-13T11:26:42.265;536844106775274422;-118;961;-227
2021-11-13T11:26:42.284;536844106794970902;-119;957;-233
2021-11-13T11:26:42.304;536844106814667382;-117;961;-234
2021-11-13T11:26:42.324;536844106834363862;-115;965;-237
2021-11-13T11:26:42.344;536844106854060342;-111;958;-234
2021-11-13T11:26:42.363;536844106873756822;-112;962;-231
2021-11-13T11:26:42.383;536844106893453302;-117;963;-237
2021-11-13T11:26:42.403;536844106913149782;-125;956;-243
2021-11-13T11:26:42.422;536844106932846262;-120;957;-241
2021-11-13T11:26:42.442;536844106952542742;-116;960;-240
2021-11-13T11:26:42.462;536844106972239222;-118;957;-239
2021-11-13T11:26:42.481;536844106991935702;-118;958;-241
2021-11-13T11:26:42.501;536844107011632182;-117;961;-235
2021-11-13T11:26:42.521;536844107031328662;-116;952;-230
2021-11-13T11:26:42.540;536844107051025142;-114;966;-228
2021-11-13T11:26:42.560;536844107070721622;-112;965;-220
2021-11-13T11:26:42.580;536844107090418102;-116;963;-226
2021-11-13T11:26:42.600;536844107110114582;-116;963;-227
2021-11-13T11:26:42.619;536844107129811062;-119;960;-235
2021-11-13T11:26:42.639;536844107149507542;-120;956;-236
2021-11-13T11:26:42.659;536844107169204022;-116;960;-239
2021-11-13T11:26:42.678;536844107188900502;-118;954;-233
2021-11-13T11:26:42.698;536844107208596982;-115;964;-226
2021-11-13T11:26:42.718;536844107228293462;-119;964;-228
2021-11-13T11:26:42.737;536844107247989942;-123;958;-226
2021-11-13T11:26:42.757;536844107267686422;-121;954;-233
2021-11-13T11:26:42.777;536844107287382902;-118;962;-239
2021-11-13T11:26:42.797;536844107307079382;-109;955;-230
2021-11-13T11:26:42.816;536844107326775862;-112;964;-233
2021-11-13T11:26:42.836;536844107346472342;-113;959;-228
2021-11-13T11:26:42.856;536844107366167382;-113;957;-227
2021-11-13T11:26:42.875;536844107385862406;-116;965;-232
2021-11-13T11:26:42.895;536844107405557430;-121;964;-230
2021-11-13T11:26:42.915;536844107425252454;-121;956;-227
2021-11-13T11:26:42.934;536844107444947478;-120;965;-235
2021-11-13T11:26:42.954;536844107464642502;-117;961;-239
2021-11-13T11:26:42.974;536844107484337526;-114;950;-231
2021-11-13T11:26:42.993;536844107504032550;-116;961;-237
2021-11-13T11:26:43.013;536844107523727574;-117;958;-236
2021-11-13T11:26:43.033;536844107543422598;-113;961;-215
2021-11-13T11:26:43.053;536844107563117622;-119;963;-223
2021-11-13T11:26:43.072;536844107582812646;-117;959;-230
2021-11-13T11:26:43.092;536844107602507670;-120;960;-235
2021-11-13T11:26:43.112;536844107622202694;-120;961;-237
2021-11-13T11:26:43.131;536844107641897718;-116;962;-226
2021-11-13T11:26:43.151;536844107661592742;-112;961;-224
2021-11-13T11:26:43.171;536844107681287766;-120;966;-229
2021-11-13T11:26:43.190;536844107700982790;-123;956;-233
2021-11-13T11:26:43.210;536844107720677814;-116;964;-231
2021-11-13T11:26:43.230;536844107740372838;-109;966;-225
2021-11-13T11:26:43.250;536844107760067862;-98;961;-216
2021-11-13T11:26:43.269;536844107779762886;-80;967;-212
2021-11-13T11:26:43.289;536844107799457910;-79;974;-216
2021-11-13T11:26:43.309;536844107819152934;-98;964;-227
2021-11-13T11:26:43.328;536844107838847958;-106;961;-216
2021-11-13T11:26:43.348;536844107858542982;-110;956;-224
2021-11-13T11:26:43.368;536844107878238006;-106;968;-225
2021-11-13T11:26:43.387;536844107897933030;-91;965;-224
2021-11-13T11:26:43.407;536844107917628054;-94;965;-223
2021-11-13T11:26:43.427;536844107937323078;-103;965;-221
2021-11-13T11:26:43.446;536844107957018102;-113;963;-225
2021-11-13T11:26:43.466;536844107976713126;-121;956;-231
2021-11-13T11:26:43.486;536844107996408150;-117;969;-239
2021-11-13T11:26:43.506;536844108016103174;-113;962;-227
2021-11-13T11:26:43.525;536844108035798198;-113;962;-228
2021-11-13T11:26:43.545;536844108055493222;-118;963;-229
2021-11-13T11:26:43.565;536844108075184619;-119;957;-228
2021-11-13T11:26:43.584;536844108094876002;-115;962;-236
2021-11-13T11:26:43.604;536844108114567385;-113;961;-229
2021-11-13T11:26:43.624;536844108134258768;-116;957;-225
2021-11-13T11:26:43.643;536844108153950151;-111;968;-234
2021-11-13T11:26:43.663;536844108173641534;-111;966;-226
2021-11-13T11:26:43.683;536844108193332917;-94;964;-209
2021-11-13T11:26:43.702;536844108213024300;-106;969;-216
2021-11-13T11:26:43.722;536844108232715683;-104;967;-214
2021-11-13T11:26:43.742;536844108252407066;-107;963;-225
2021-11-13T11:26:43.762;536844108272098449;-110;969;-230
2021-11-13T11:26:43.781;536844108291789832;-108;963;-228
2021-11-13T11:26:43.801;536844108311481215;-110;961;-223
2021-11-13T11:26:43.821;536844108331172598;-115;961;-229
2021-11-13T11:26:43.840;536844108350863981;-118;958;-224
2021-11-13T11:26:43.860;536844108370555364;-115;965;-227
2021-11-13T11:26:43.880;536844108390246747;-114;965;-224
2021-11-13T11:26:43.899;536844108409938130;-115;960;-222
2021-11-13T11:26:43.919;536844108429629513;-110;964;-227
2021-11-13T11:26:43.939;536844108449320896;-105;967;-226
2021-11-13T11:26:43.958;536844108469012279;-92;964;-213
2021-11-13T11:26:43.978;536844108488703662;-98;967;-218
2021-11-13T11:26:43.998;536844108508395045;-96;968;-220
2021-11-13T11:26:44.018;536844108528086428;-100;967;-225
2021-11-13T11:26:44.037;536844108547777811;-106;962;-233
2021-11-13T11:26:44.057;536844108567469194;-109;961;-233
2021-11-13T11:26:44.077;536844108587160577;-116;961;-231
2021-11-13T11:26:44.096;536844108606851960;-117;959;-231
2021-11-13T11:26:44.116;536844108626543343;-113;963;-231
2021-11-13T11:26:44.136;536844108646234726;-103;963;-225
2021-11-13T11:26:44.155;536844108665926109;-100;967;-228
2021-11-13T11:26:44.175;536844108685617492;-106;963;-228
2021-11-13T11:26:44.195;536844108705308875;-111;964;-229
2021-11-13T11:26:44.214;536844108725000258;-118;963;-233
2021-11-13T11:26:44.234;536844108744691641;-113;958;-223
2021-11-13T11:26:44.254;536844108764383024;-108;960;-221
2021-11-13T11:26:44.274;536844108784078064;-110;968;-222
2021-11-13T11:26:44.293;536844108803773088;-118;963;-225
2021-11-13T11:26:44.313;536844108823468112;-119;958;-229
2021-11-13T11:26:44.333;536844108843163136;-118;966;-227
2021-11-13T11:26:44.352;536844108862858160;-122;957;-231
2021-11-13T11:26:44.372;536844108882553184;-119;961;-233
2021-11-13T11:26:44.392;536844108902248208;-119;958;-238
2021-11-13T11:26:44.411;536844108921943232;-119;956;-238
2021-11-13T11:26:44.431;536844108941638256;-118;958;-239
2021-11-13T11:26:44.451;536844108961333280;-119;958;-237
2021-11-13T11:26:44.470;536844108981028304;-118;961;-234
2021-11-13T11:26:44.490;536844109000723328;-117;960;-231
2021-11-13T11:26:44.510;536844109020418352;-123;959;-226
2021-11-13T11:26:44.530;536844109040113376;-120;959;-231
2021-11-13T11:26:44.549;536844109059808400;-119;956;-234
2021-11-13T11:26:44.569;536844109079503424;-103;970;-226
2021-11-13T11:26:44.589;536844109099198448;-106;972;-223
2021-11-13T11:26:44.608;536844109118893472;-102;960;-213
2021-11-13T11:26:44.628;536844109138588496;-92;966;-208
2021-11-13T11:26:44.648;536844109158283520;-104;967;-211
2021-11-13T11:26:44.667;536844109177978544;-114;964;-212
2021-11-13T11:26:44.687;536844109197673568;-112;965;-218
2021-11-13T11:26:44.707;536844109217368592;-117;963;-224
2021-11-13T11:26:44.727;536844109237063616;-115;962;-214
2021-11-13T11:26:44.746;536844109256758640;-108;966;-217
2021-11-13T11:26:44.766;536844109276453664;-108;966;-213
2021-11-13T11:26:44.786;536844109296148688;-111;964;-218
2021-11-13T11:26:44.805;536844109315843712;-115;965;-225
2021-11-13T11:26:44.825;536844109335538736;-115;963;-226
2021-11-13T11:26:44.845;536844109355233760;-114;965;-232
2021-11-13T11:26:44.864;536844109374928784;-116;958;-239
2021-11-13T11:26:44.884;536844109394623808;-119;955;-234
2021-11-13T11:26:44.904;536844109414318832;-115;961;-228
2021-11-13T11:26:44.923;536844109434013856;-118;960;-227
2021-11-13T11:26:44.943;536844109453708880;-115;964;-227
2021-11-13T11:26:44.963;536844109473403904;-112;964;-221
2021-11-13T11:26:44.983;536844109493104775;-109;967;-221
2021-11-13T11:26:45.002;536844109512805624;-108;966;-217
2021-11-13T11:26:45.022;536844109532506473;-107;968;-218
2021-11-13T11:26:45.042;536844109552207322;-112;961;-223
2021-11-13T11:26:45.061;536844109571908171;-110;958;-221
2021-11-13T11:26:45.081;536844109591609020;-114;966;-228
2021-11-13T11:26:45.101;536844109611309869;-116;964;-229
2021-11-13T11:26:45.120;536844109631010718;-113;964;-233
2021-11-13T11:26:45.140;536844109650711567;-110;963;-231
2021-11-13T11:26:45.160;536844109670412416;-111;959;-221
2021-11-13T11:26:45.180;536844109690113265;-112;969;-224
2021-11-13T11:26:45.199;536844109709814114;-115;962;-227
2021-11-13T11:26:45.219;536844109729514963;-112;961;-230
2021-11-13T11:26:45.239;536844109749215812;-114;951;-230
2021-11-13T11:26:45.258;536844109768916661;-113;970;-218
2021-11-13T11:26:45.278;536844109788617510;-122;965;-221
2021-11-13T11:26:45.298;536844109808318359;-133;956;-237
2021-11-13T11:26:45.317;536844109828019208;-130;954;-237
2021-11-13T11:26:45.337;536844109847720057;-130;959;-235
2021-11-13T11:26:45.357;536844109867420906;-133;958;-239
2021-11-13T11:26:45.377;536844109887121755;-134;953;-237
2021-11-13T11:26:45.396;536844109906822604;-117;960;-233
2021-11-13T11:26:45.416;536844109926523453;-123;962;-227
2021-11-13T11:26:45.436;536844109946224302;-128;956;-233
2021-11-13T11:26:45.455;536844109965925151;-133;954;-241
2021-11-13T11:26:45.475;536844109985626000;-120;956;-234
2021-11-13T11:26:45.495;536844110005326849;-117;959;-222
2021-11-13T11:26:45.514;536844110025027698;-118;963;-211
2021-11-13T11:26:45.534;536844110044728547;-118;971;-211
2021-11-13T11:26:45.554;536844110064429396;-113;971;-204
2021-11-13T11:26:45.574;536844110084130245;-104;970;-206
2021-11-13T11:26:45.593;536844110103831094;-94;966;-206
2021-11-13T11:26:45.613;536844110123531943;-90;964;-204
2021-11-13T11:26:45.633;536844110143232792;-102;970;-210
2021-11-13T11:26:45.652;536844110162933641;-110;969;-218
2021-11-13T11:26:45.672;536844110182634490;-112;961;-230
2021-11-13T11:26:45.692;536844110202329528;-116;956;-236
2021-11-13T11:26:45.711;536844110222024552;-112;963;-238
2021-11-13T11:26:45.731;536844110241719576;-105;964;-228
2021-11-13T11:26:45.751;536844110261414600;-109;968;-229
2021-11-13T11:26:45.771;536844110281109624;-124;965;-235
2021-11-13T11:26:45.790;536844110300804648;-125;959;-238
2021-11-13T11:26:45.810;536844110320499672;-126;953;-244
2021-11-13T11:26:45.830;536844110340194696;-121;955;-242
2021-11-13T11:26:45.849;536844110359889720;-122;960;-242
2021-11-13T11:26:45.869;536844110379584744;-116;963;-242
2021-11-13T11:26:45.889;536844110399279768;-116;958;-238
2021-11-13T11:26:45.908;536844110418974792;-112;952;-235
2021-11-13T11:26:45.928;536844110438669816;-112;965;-233
2021-11-13T11:26:45.948;536844110458364840;-109;963;-224
2021-11-13T11:26:45.968;536844110478059864;-110;962;-224
2021-11-13T11:26:45.987;536844110497754888;-106;965;-225
2021-11-13T11:26:46.007;536844110517449912;-105;967;-215
2021-11-13T11:26:46.027;536844110537144936;-103;966;-219
2021-11-13T11:26:46.046;536844110556839960;-106;964;-227
2021-11-13T11:26:46.066;536844110576534984;-104;966;-226
2021-11-13T11:26:46.086;536844110596230008;-105;963;-226
2021-11-13T11:26:46.105;536844110615925032;-113;958;-226
2021-11-13T11:26:46.125;536844110635620056;-111;963;-223
2021-11-13T11:26:46.145;536844110655315080;-114;965;-232
2021-11-13T11:26:46.164;536844110675010104;-107;963;-223
2021-11-13T11:26:46.184;536844110694705128;-106;963;-225
2021-11-13T11:26:46.204;536844110714400152;-117;960;-229
2021-11-13T11:26:46.224;536844110734095176;-115;969;-224
2021-11-13T11:26:46.243;536844110753790200;-118;958;-230
2021-11-13T11:26:46.263;536844110773485224;-118;958;-232
2021-11-13T11:26:46.283;536844110793180248;-117;961;-229
2021-11-13T11:26:46.302;536844110812875272;-117;957;-238
2021-11-13T11:26:46.322;536844110832570296;-115;958;-240
2021-11-13T11:26:46.342;536844110852265320;-116;960;-233
2021-11-13T11:26:46.361;536844110871960344;-114;948;-227
2021-11-13T11:26:46.381;536844110891655368;-118;967;-218
