Phone timestamp;sensor timestamp [ns];X [mg];Y [mg];Z [mg]
2021-12-04T11:34:42.025;536589524620602336;75;973;164
2021-12-04T11:34:42.044;536589524640266048;70;958;137
2021-12-04T11:34:42.064;536589524659929760;83;981;157
2021-12-04T11:34:42.083;536589524679593472;82;969;125
2021-12-04T11:34:42.103;536589524699257184;70;965;108
2021-12-04T11:34:42.123;536589524718920896;93;966;97
2021-12-04T11:34:42.142;536589524738584608;85;978;163
2021-12-04T11:34:42.162;536589524758248320;97;977;136
2021-12-04T11:34:42.182;536589524777912032;83;967;116
2021-12-04T11:34:42.201;536589524797575744;110;974;134
2021-12-04T11:34:42.221;536589524817239456;108;977;130
2021-12-04T11:34:42.241;536589524836903168;94;963;110
2021-12-04T11:34:42.260;536589524856566880;104;980;132
2021-12-04T11:34:42.280;536589524876230592;90;981;156
2021-12-04T11:34:42.300;536589524895894304;84;977;128
2021-12-04T11:34:42.319;536589524915558016;97;977;129
2021-12-04T11:34:42.339;536589524935221728;105;980;133
2021-12-04T11:34:42.359;536589524954885440;96;978;104
2021-12-04T11:34:42.378;536589524974549152;99;965;103
2021-12-04T11:34:42.398;536589524994212864;104;981;144
2021-12-04T11:34:42.418;536589525013876576;89;981;158
2021-12-04T11:34:42.437;536589525033540288;86;970;106
2021-12-04T11:34:42.457;536589525053204000;92;965;118
2021-12-04T11:34:42.477;536589525072867712;100;977;142
2021-12-04T11:34:42.496;536589525092531424;88;975;121
2021-12-04T11:34:42.516;536589525112195136;90;966;116
2021-12-04T11:34:42.536;536589525131858848;109;982;158
2021-12-04T11:34:42.555;536589525151522560;88;977;145
2021-12-04T11:34:42.575;536589525171186272;61;968;125
2021-12-04T11:34:42.595;536589525190849984;83;973;131
2021-12-04T11:34:42.614;536589525210513696;93;975;139
2021-12-04T11:34:42.634;536589525230177408;71;973;180
2021-12-04T11:34:42.654;536589525249841120;84;979;157
2021-12-04T11:34:42.673;536589525269504832;79;968;120
2021-12-04T11:34:42.693;536589525289168544;94;966;148
2021-12-04T11:34:42.713;536589525308832256;77;974;176
2021-12-04T11:34:42.732;536589525328495992;68;969;144
2021-12-04T11:34:42.752;536589525348159704;71;960;135
2021-12-04T11:34:42.772;536589525367823416;90;968;141
2021-12-04T11:34:42.791;536589525387487128;88;968;171
2021-12-04T11:34:42.811;536589525407150840;69;966;163
2021-12-04T11:34:42.831;536589525426814552;75;963;145
2021-12-04T11:34:42.850;536589525446478264;94;968;128
2021-12-04T11:34:42.870;536589525466141976;73;971;169
2021-12-04T11:34:42.890;536589525485805688;74;970;187
2021-12-04T11:34:42.909;536589525505469400;64;965;164
2021-12-04T11:34:42.929;536589525525133112;80;961;158
2021-12-04T11:34:42.949;536589525544796824;81;967;175
2021-12-04T11:34:42.968;536589525564460536;60;967;192
2021-12-04T11:34:42.988;536589525584124248;69;972;189
2021-12-04T11:34:43.008;536589525603787960;61;957;138
2021-12-04T11:34:43.027;536589525623451672;93;965;156
2021-12-04T11:34:43.047;536589525643115384;83;979;168
2021-12-04T11:34:43.067;536589525662779096;54;950;154
2021-12-04T11:34:43.086;536589525682442808;58;961;187
2021-12-04T11:34:43.106;536589525702106520;70;968;221
2021-12-04T11:34:43.126;536589525721770232;62;964;210
2021-12-04T11:34:43.145;536589525741433944;70;963;187
2021-12-04T11:34:43.165;536589525761097656;73;964;190
2021-12-04T11:34:43.185;536589525780761368;63;953;196
2021-12-04T11:34:43.204;536589525800425080;58;970;226
2021-12-04T11:34:43.224;536589525820088792;57;960;201
2021-12-04T11:34:43.244;536589525839752504;62;953;171
2021-12-04T11:34:43.263;536589525859416216;89;968;194
2021-12-04T11:34:43.283;536589525879079928;58;962;186
2021-12-04T11:34:43.303;536589525898743640;44;952;171
2021-12-04T11:34:43.322;536589525918407352;57;963;179
2021-12-04T11:34:43.342;536589525938071064;70;961;175
2021-12-04T11:34:43.362;536589525957734776;62;962;199
2021-12-04T11:34:43.381;536589525977398488;75;957;195
2021-12-04T11:34:43.401;536589525997062200;74;950;194
2021-12-04T11:34:43.421;536589526016725912;65;956;201
2021-12-04T11:34:43.440;536589526036383811;62;960;217
2021-12-04T11:34:43.460;536589526056041698;64;965;201
2021-12-04T11:34:43.480;536589526075699585;62;961;172
2021-12-04T11:34:43.499;536589526095357472;62;957;180
2021-12-04T11:34:43.519;536589526115015359;61;963;213
2021-12-04T11:34:43.539;536589526134673246;52;953;203
2021-12-04T11:34:43.558;536589526154331133;66;960;187
2021-12-04T11:34:43.578;536589526173989020;74;960;197
2021-12-04T11:34:43.598;536589526193646907;76;960;205
2021-12-04T11:34:43.617;536589526213304794;56;963;214
2021-12-04T11:34:43.637;536589526232962681;60;951;180
2021-12-04T11:34:43.657;536589526252620568;70;958;181
2021-12-04T11:34:43.676;536589526272278455;83;976;218
2021-12-04T11:34:43.696;536589526291936342;66;960;179
2021-12-04T11:34:43.715;536589526311594229;54;952;148
2021-12-04T11:34:43.735;536589526331252116;64;968;208
2021-12-04T11:34:43.755;536589526350910003;81;974;207
2021-12-04T11:34:43.774;536589526370567890;62;956;178
2021-12-04T11:34:43.794;536589526390225777;74;960;163
2021-12-04T11:34:43.814;536589526409883664;70;965;191
2021-12-04T11:34:43.833;536589526429541551;68;958;165
2021-12-04T11:34:43.853;536589526449199438;60;954;171
2021-12-04T11:34:43.873;536589526468857325;76;963;196
2021-12-04T11:34:43.892;536589526488515212;64;968;200
2021-12-04T11:34:43.912;536589526508173099;66;971;181
2021-12-04T11:34:43.932;536589526527830986;65;963;144
2021-12-04T11:34:43.951;536589526547488873;70;968;140
2021-12-04T11:34:43.971;536589526567146760;68;976;217
2021-12-04T11:34:43.991;536589526586804647;69;979;194
2021-12-04T11:34:44.010;536589526606462534;53;950;122
2021-12-04T11:34:44.030;536589526626120421;81;956;115
2021-12-04T11:34:44.050;536589526645778308;82;970;181
2021-12-04T11:34:44.069;536589526665436195;72;966;163
2021-12-04T11:34:44.089;536589526685094082;56;954;142
2021-12-04T11:34:44.109;536589526704751969;114;972;164
2021-12-04T11:34:44.128;536589526724409856;114;980;167
2021-12-04T11:34:44.148;536589526744064850;90;966;105
2021-12-04T11:34:44.168;536589526763719824;78;968;145
2021-12-04T11:34:44.187;536589526783374798;104;983;178
2021-12-04T11:34:44.207;536589526803029772;68;968;137
2021-12-04T11:34:44.227;536589526822684746;69;961;105
2021-12-04T11:34:44.246;536589526842339720;99;977;166
2021-12-04T11:34:44.266;536589526861994694;89;983;201
2021-12-04T11:34:44.286;536589526881649668;66;970;137
2021-12-04T11:34:44.305;536589526901304642;84;962;108
2021-12-04T11:34:44.325;536589526920959616;112;977;123
2021-12-04T11:34:44.345;536589526940614590;84;970;113
2021-12-04T11:34:44.364;536589526960269564;69;961;148
2021-12-04T11:34:44.384;536589526979924538;101;981;172
2021-12-04T11:34:44.403;536589526999579512;92;968;133
2021-12-04T11:34:44.423;536589527019234486;84;970;138
2021-12-04T11:34:44.443;536589527038889460;104;977;135
2021-12-04T11:34:44.462;536589527058544434;82;973;132
2021-12-04T11:34:44.482;536589527078199408;97;976;128
2021-12-04T11:34:44.502;536589527097854382;100;976;125
2021-12-04T11:34:44.521;536589527117509356;102;971;113
2021-12-04T11:34:44.541;536589527137164330;81;969;120
2021-12-04T11:34:44.561;536589527156819304;103;976;138
2021-12-04T11:34:44.580;536589527176474278;99;975;124
2021-12-04T11:34:44.600;536589527196129252;97;968;135
2021-12-04T11:34:44.620;536589527215784226;108;977;140
2021-12-04T11:34:44.639;536589527235439200;85;977;129
2021-12-04T11:34:44.659;536589527255094174;93;975;117
2021-12-04T11:34:44.679;536589527274749148;92;980;126
2021-12-04T11:34:44.698;536589527294404122;88;973;130
2021-12-04T11:34:44.718;536589527314059096;79;964;108
2021-12-04T11:34:44.738;536589527333714070;100;984;177
2021-12-04T11:34:44.757;536589527353369044;114;985;172
2021-12-04T11:34:44.777;536589527373024018;84;956;97
2021-12-04T11:34:44.797;536589527392678992;109;960;86
2021-12-04T11:34:44.816;536589527412333966;108;969;135
2021-12-04T11:34:44.836;536589527431988940;96;973;141
2021-12-04T11:34:44.856;536589527451641033;83;963;130
2021-12-04T11:34:44.875;536589527471293094;96;969;133
2021-12-04T11:34:44.895;536589527490945155;115;979;168
2021-12-04T11:34:44.914;536589527510597216;98;961;112
2021-12-04T11:34:44.934;536589527530249277;71;970;138
2021-12-04T11:34:44.954;536589527549901338;84;983;191
2021-12-04T11:34:44.973;536589527569553399;61;965;141
2021-12-04T11:34:44.993;536589527589205460;62;964;105
2021-12-04T11:34:45.013;536589527608857521;84;977;163
2021-12-04T11:34:45.032;536589527628509582;81;973;179
2021-12-04T11:34:45.052;536589527648161643;54;952;122
2021-12-04T11:34:45.072;536589527667813704;72;966;150
2021-12-04T11:34:45.091;536589527687465765;95;981;176
2021-12-04T11:34:45.111;536589527707117826;90;971;109
2021-12-04T11:34:45.131;536589527726769887;73;961;118
2021-12-04T11:34:45.150;536589527746421948;119;983;163
2021-12-04T11:34:45.170;536589527766074009;102;968;129
2021-12-04T11:34:45.190;536589527785726070;72;960;166
2021-12-04T11:34:45.209;536589527805378131;105;981;183
2021-12-04T11:34:45.229;536589527825030192;98;968;123
2021-12-04T11:34:45.249;536589527844682253;93;949;138
2021-12-04T11:34:45.268;536589527864334314;105;982;203
2021-12-04T11:34:45.288;536589527883986375;66;979;177
2021-12-04T11:34:45.308;536589527903638436;68;963;126
2021-12-04T11:34:45.327;536589527923290497;97;964;121
2021-12-04T11:34:45.347;536589527942942558;74;971;157
2021-12-04T11:34:45.366;536589527962594619;62;978;206
2021-12-04T11:34:45.386;536589527982246680;60;958;153
2021-12-04T11:34:45.406;536589528001898741;83;963;141
2021-12-04T11:34:45.425;536589528021550802;95;972;185
2021-12-04T11:34:45.445;536589528041202863;75;975;196
2021-12-04T11:34:45.465;536589528060854924;59;952;145
2021-12-04T11:34:45.484;536589528080506985;81;956;150
2021-12-04T11:34:45.504;536589528100159046;80;974;217
2021-12-04T11:34:45.524;536589528119811107;69;973;209
2021-12-04T11:34:45.543;536589528139463168;40;947;143
2021-12-04T11:34:45.563;536589528159118158;64;957;162
2021-12-04T11:34:45.583;536589528178773132;71;974;205
2021-12-04T11:34:45.602;536589528198428106;51;968;196
2021-12-04T11:34:45.622;536589528218083080;47;947;158
2021-12-04T11:34:45.642;536589528237738054;62;954;206
2021-12-04T11:34:45.661;536589528257393028;67;973;251
2021-12-04T11:34:45.681;536589528277048002;50;955;197
2021-12-04T11:34:45.701;536589528296702976;49;961;201
2021-12-04T11:34:45.720;536589528316357950;57;971;213
2021-12-04T11:34:45.740;536589528336012924;51;954;216
2021-12-04T11:34:45.760;536589528355667898;72;954;159
2021-12-04T11:34:45.779;536589528375322872;106;964;111
2021-12-04T11:34:45.799;536589528394977846;102;983;120
2021-12-04T11:34:45.819;536589528414632820;77;973;117
2021-12-04T11:34:45.838;536589528434287794;93;957;104
2021-12-04T11:34:45.858;536589528453942768;95;959;122
2021-12-04T11:34:45.877;536589528473597742;92;965;145
2021-12-04T11:34:45.897;536589528493252716;107;951;83
2021-12-04T11:34:45.917;536589528512907690;121;950;97
2021-12-04T11:34:45.936;536589528532562664;129;986;149
2021-12-04T11:34:45.956;536589528552217638;104;989;125
2021-12-04T11:34:45.976;536589528571872612;34;959;49
2021-12-04T11:34:45.995;536589528591527586;47;951;185
2021-12-04T11:34:46.015;536589528611182560;28;999;211
2021-12-04T11:34:46.035;536589528630837534;20;973;125
2021-12-04T11:34:46.054;536589528650492508;89;952;213
2021-12-04T11:34:46.074;536589528670147482;185;990;307
2021-12-04T11:34:46.094;536589528689802456;118;924;264
2021-12-04T11:34:46.113;536589528709457430;33;922;285
2021-12-04T11:34:46.133;536589528729112404;-4;965;370
2021-12-04T11:34:46.153;536589528748767378;-31;973;386
2021-12-04T11:34:46.172;536589528768422352;-252;996;166
2021-12-04T11:34:46.192;536589528788077326;-222;1035;125
2021-12-04T11:34:46.212;536589528807732300;-225;978;-13
2021-12-04T11:34:46.231;536589528827387274;136;1055;138
2021-12-04T11:34:46.251;536589528847042248;195;1017;132
2021-12-04T11:34:46.271;536589528866694310;-185;921;70
2021-12-04T11:34:46.290;536589528886346372;-94;910;104
2021-12-04T11:34:46.310;536589528905998434;142;993;45
2021-12-04T11:34:46.330;536589528925650496;-44;980;20
2021-12-04T11:34:46.349;536589528945302558;-43;951;-10
2021-12-04T11:34:46.369;536589528964954620;90;1057;-139
2021-12-04T11:34:46.389;536589528984606682;-31;989;-169
2021-12-04T11:34:46.408;536589529004258744;-46;939;-84
2021-12-04T11:34:46.428;536589529023910806;13;977;-65
2021-12-04T11:34:46.447;536589529043562868;-70;992;-107
2021-12-04T11:34:46.467;536589529063214930;-77;993;-76
2021-12-04T11:34:46.487;536589529082866992;25;1012;-53
2021-12-04T11:34:46.506;536589529102519054;17;1006;-27
2021-12-04T11:34:46.526;536589529122171116;-78;1011;96
2021-12-04T11:34:46.546;536589529141823178;-78;1008;191
2021-12-04T11:34:46.565;536589529161475240;-67;1032;119
2021-12-04T11:34:46.585;536589529181127302;-186;971;-23
2021-12-04T11:34:46.605;536589529200779364;-30;1013;-4
2021-12-04T11:34:46.624;536589529220431426;-209;963;-141
2021-12-04T11:34:46.644;536589529240083488;-83;987;-26
2021-12-04T11:34:46.664;536589529259735550;-174;996;22
2021-12-04T11:34:46.683;536589529279387612;-258;1006;34
2021-12-04T11:34:46.703;536589529299039674;-169;993;143
2021-12-04T11:34:46.723;536589529318691736;-247;959;-15
2021-12-04T11:34:46.742;536589529338343798;-188;919;-79
2021-12-04T11:34:46.762;536589529357995860;-116;975;-31
2021-12-04T11:34:46.782;536589529377647922;-242;977;-135
2021-12-04T11:34:46.801;536589529397299984;-213;965;-117
2021-12-04T11:34:46.821;536589529416952046;-207;947;-86
2021-12-04T11:34:46.841;536589529436604108;-202;990;41
2021-12-04T11:34:46.860;536589529456256170;-246;984;29
2021-12-04T11:34:46.880;536589529475908232;-190;915;51
2021-12-04T11:34:46.899;536589529495560294;-149;989;31
2021-12-04T11:34:46.919;536589529515212356;-263;972;-34
2021-12-04T11:34:46.939;536589529534864418;-222;960;-23
2021-12-04T11:34:46.958;536589529554516480;-248;967;-63
2021-12-04T11:34:46.978;536589529574165633;-261;968;-55
2021-12-04T11:34:46.998;536589529593814782;-208;947;31
2021-12-04T11:34:47.017;536589529613463931;-209;968;47
2021-12-04T11:34:47.037;536589529633113080;-174;941;67
2021-12-04T11:34:47.057;536589529652762229;-203;965;102
2021-12-04T11:34:47.076;536589529672411378;-176;977;158
2021-12-04T11:34:47.096;536589529692060527;-195;983;141
2021-12-04T11:34:47.116;536589529711709676;-142;962;183
2021-12-04T11:34:47.135;536589529731358825;-125;988;86
2021-12-04T11:34:47.155;536589529751007974;-83;956;33
2021-12-04T11:34:47.175;536589529770657123;-118;971;15
2021-12-04T11:34:47.194;536589529790306272;-141;959;82
2021-12-04T11:34:47.214;536589529809955421;-131;988;189
2021-12-04T11:34:47.234;536589529829604570;-162;969;94
2021-12-04T11:34:47.253;536589529849253719;-42;925;168
2021-12-04T11:34:47.273;536589529868902868;-142;984;101
2021-12-04T11:34:47.292;536589529888552017;-56;991;76
2021-12-04T11:34:47.312;536589529908201166;-89;955;125
2021-12-04T11:34:47.332;536589529927850315;-103;980;134
2021-12-04T11:34:47.351;536589529947499464;-137;985;178
2021-12-04T11:34:47.371;536589529967148613;-120;969;233
2021-12-04T11:34:47.391;536589529986797762;-45;958;272
2021-12-04T11:34:47.410;536589530006446911;-67;999;208
2021-12-04T11:34:47.430;536589530026096060;-79;925;168
2021-12-04T11:34:47.450;536589530045745209;1;913;224
2021-12-04T11:34:47.469;536589530065394358;-113;959;232
2021-12-04T11:34:47.489;536589530085043507;-98;909;264
2021-12-04T11:34:47.509;536589530104692656;-154;964;179
2021-12-04T11:34:47.528;536589530124341805;2;874;245
2021-12-04T11:34:47.548;536589530143990954;-117;947;173
2021-12-04T11:34:47.568;536589530163640103;-201;1001;98
2021-12-04T11:34:47.587;536589530183289252;65;893;258
2021-12-04T11:34:47.607;536589530202938401;-79;1086;213
2021-12-04T11:34:47.626;536589530222587550;-228;965;217
2021-12-04T11:34:47.646;536589530242236699;-212;937;91
2021-12-04T11:34:47.666;536589530261885848;-101;952;27
2021-12-04T11:34:47.685;536589530281549584;69;877;170
2021-12-04T11:34:47.705;536589530301213296;-164;959;208
2021-12-04T11:34:47.725;536589530320877008;-27;869;376
2021-12-04T11:34:47.744;536589530340540720;-182;1091;177
2021-12-04T11:34:47.764;536589530360204432;-135;917;161
2021-12-04T11:34:47.784;536589530379868144;-92;925;122
2021-12-04T11:34:47.803;536589530399531856;-90;1113;196
2021-12-04T11:34:47.823;536589530419195568;-158;874;273
2021-12-04T11:34:47.843;536589530438859280;-268;895;156
2021-12-04T11:34:47.862;536589530458522992;-215;1105;199
2021-12-04T11:34:47.882;536589530478186704;-104;819;270
2021-12-04T11:34:47.902;536589530497850416;-303;895;56
2021-12-04T11:34:47.921;536589530517514128;-256;1078;42
2021-12-04T11:34:47.941;536589530537177840;-195;856;81
2021-12-04T11:34:47.961;536589530556841552;-198;949;58
2021-12-04T11:34:47.980;536589530576505264;-274;972;0
2021-12-04T11:34:48.000;536589530596168976;-234;970;173
2021-12-04T11:34:48.020;536589530615832688;-241;1002;270
2021-12-04T11:34:48.039;536589530635496400;-361;883;100
2021-12-04T11:34:48.059;536589530655160112;-258;935;22
2021-12-04T11:34:48.079;536589530674823824;-140;971;145
2021-12-04T11:34:48.098;536589530694487536;-265;984;6
2021-12-04T11:34:48.118;536589530714151248;-285;899;-4
2021-12-04T11:34:48.138;536589530733814960;-233;908;153
2021-12-04T11:34:48.157;536589530753478672;-256;1048;207
2021-12-04T11:34:48.177;536589530773142384;-341;970;-68
2021-12-04T11:34:48.197;536589530792806096;-190;897;26
2021-12-04T11:34:48.216;536589530812469808;-254;901;134
2021-12-04T11:34:48.236;536589530832133520;-358;1002;23
2021-12-04T11:34:48.256;536589530851797232;-152;953;-5
2021-12-04T11:34:48.275;536589530871460944;-178;981;72
2021-12-04T11:34:48.295;536589530891124656;-241;904;93
2021-12-04T11:34:48.315;536589530910788368;-179;1085;-71
2021-12-04T11:34:48.334;536589530930452080;-118;897;-4
2021-12-04T11:34:48.354;536589530950115792;-266;967;165
2021-12-04T11:34:48.374;536589530969779504;-298;1047;67
