Phone timestamp;sensor timestamp [ns];X [mg];Y [mg];Z [mg]
2021-12-04T11:38:00.582;536589906159314559;752;599;-224
2021-12-04T11:38:00.601;536589906179094780;752;588;-222
2021-12-04T11:38:00.621;536589906198875001;755;575;-221
2021-12-04T11:38:00.641;536589906218655222;762;566;-223
2021-12-04T11:38:00.661;536589906238435443;779;561;-222
2021-12-04T11:38:00.680;536589906258215664;827;568;-228
2021-12-04T11:38:00.700;536589906277995885;846;576;-244
2021-12-04T11:38:00.720;536589906297776106;828;582;-233
2021-12-04T11:38:00.740;536589906317556327;804;583;-236
2021-12-04T11:38:00.760;536589906337336548;771;587;-246
2021-12-04T11:38:00.779;536589906357116769;761;595;-252
2021-12-04T11:38:00.799;536589906376896990;756;603;-256
2021-12-04T11:38:00.819;536589906396677211;750;610;-257
2021-12-04T11:38:00.839;536589906416457432;735;614;-256
2021-12-04T11:38:00.858;536589906436237653;718;615;-254
2021-12-04T11:38:00.878;536589906456017874;719;615;-261
2021-12-04T11:38:00.898;536589906475798095;738;614;-259
2021-12-04T11:38:00.918;536589906495578316;753;613;-247
2021-12-04T11:38:00.938;536589906515358537;763;610;-237
2021-12-04T11:38:00.957;536589906535138758;776;608;-227
2021-12-04T11:38:00.977;536589906554918979;775;607;-215
2021-12-04T11:38:00.997;536589906574699200;771;606;-196
2021-12-04T11:38:01.017;536589906594479421;770;606;-182
2021-12-04T11:38:01.036;536589906614259642;777;608;-186
2021-12-04T11:38:01.056;536589906634039863;768;611;-193
2021-12-04T11:38:01.076;536589906653820084;762;614;-197
2021-12-04T11:38:01.096;536589906673600305;761;616;-216
2021-12-04T11:38:01.116;536589906693380526;766;615;-225
2021-12-04T11:38:01.135;536589906713160747;772;613;-220
2021-12-04T11:38:01.155;536589906732940968;781;613;-218
2021-12-04T11:38:01.175;536589906752721189;788;611;-215
2021-12-04T11:38:01.195;536589906772501410;790;612;-218
2021-12-04T11:38:01.214;536589906792281631;791;609;-215
2021-12-04T11:38:01.234;536589906812061852;789;606;-209
2021-12-04T11:38:01.254;536589906831842073;791;603;-210
2021-12-04T11:38:01.274;536589906851622294;794;603;-209
2021-12-04T11:38:01.294;536589906871402523;795;602;-208
2021-12-04T11:38:01.313;536589906891182744;791;599;-208
2021-12-04T11:38:01.333;536589906910962965;789;599;-210
2021-12-04T11:38:01.353;536589906930743186;778;601;-213
2021-12-04T11:38:01.373;536589906950523407;768;605;-215
2021-12-04T11:38:01.392;536589906970303628;760;608;-213
2021-12-04T11:38:01.412;536589906990083849;760;608;-217
2021-12-04T11:38:01.432;536589907009864070;766;611;-222
2021-12-04T11:38:01.452;536589907029644291;770;612;-225
2021-12-04T11:38:01.472;536589907049424512;767;615;-226
2021-12-04T11:38:01.491;536589907069204733;768;621;-227
2021-12-04T11:38:01.511;536589907088984954;768;627;-230
2021-12-04T11:38:01.531;536589907108765175;772;629;-237
2021-12-04T11:38:01.551;536589907128545396;778;630;-236
2021-12-04T11:38:01.571;536589907148325617;789;624;-243
2021-12-04T11:38:01.590;536589907168105838;790;625;-247
2021-12-04T11:38:01.610;536589907187886059;784;625;-243
2021-12-04T11:38:01.630;536589907207666280;784;625;-245
2021-12-04T11:38:01.650;536589907227446501;774;627;-245
2021-12-04T11:38:01.669;536589907247226722;761;629;-240
2021-12-04T11:38:01.689;536589907267006943;753;635;-240
2021-12-04T11:38:01.709;536589907286787164;750;637;-241
2021-12-04T11:38:01.729;536589907306567385;748;636;-241
2021-12-04T11:38:01.749;536589907326347606;745;635;-236
2021-12-04T11:38:01.768;536589907346127827;746;636;-239
2021-12-04T11:38:01.788;536589907365908048;750;641;-241
2021-12-04T11:38:01.808;536589907385688269;761;647;-246
2021-12-04T11:38:01.828;536589907405468490;760;650;-246
2021-12-04T11:38:01.847;536589907425248711;752;666;-247
2021-12-04T11:38:01.867;536589907445028932;752;672;-247
2021-12-04T11:38:01.887;536589907464809153;753;663;-253
2021-12-04T11:38:01.907;536589907484589374;749;657;-246
2021-12-04T11:38:01.927;536589907504369595;740;656;-240
2021-12-04T11:38:01.946;536589907524149816;730;655;-241
2021-12-04T11:38:01.966;536589907543930037;723;647;-235
2021-12-04T11:38:01.986;536589907563710258;714;641;-236
2021-12-04T11:38:02.006;536589907583490481;729;631;-241
2021-12-04T11:38:02.025;536589907603270702;731;621;-248
2021-12-04T11:38:02.045;536589907623050923;729;618;-255
2021-12-04T11:38:02.065;536589907642831144;738;618;-266
2021-12-04T11:38:02.085;536589907662611365;743;620;-272
2021-12-04T11:38:02.105;536589907682391586;744;618;-273
2021-12-04T11:38:02.124;536589907702171807;748;622;-267
2021-12-04T11:38:02.144;536589907721952028;750;624;-274
2021-12-04T11:38:02.164;536589907741732249;750;635;-270
2021-12-04T11:38:02.184;536589907761512470;757;641;-263
2021-12-04T11:38:02.203;536589907781292691;760;644;-262
2021-12-04T11:38:02.223;536589907801072912;759;641;-269
2021-12-04T11:38:02.243;536589907820853133;754;652;-277
2021-12-04T11:38:02.263;536589907840633354;747;664;-271
2021-12-04T11:38:02.283;536589907860413575;745;666;-271
2021-12-04T11:38:02.302;536589907880193796;742;661;-274
2021-12-04T11:38:02.322;536589907899974017;734;654;-278
2021-12-04T11:38:02.342;536589907919754238;720;646;-271
2021-12-04T11:38:02.362;536589907939534459;713;640;-268
2021-12-04T11:38:02.382;536589907959314680;696;629;-267
2021-12-04T11:38:02.401;536589907979094901;691;623;-270
2021-12-04T11:38:02.421;536589907998875122;692;621;-264
2021-12-04T11:38:02.441;536589908018655343;686;619;-256
2021-12-04T11:38:02.461;536589908038435564;686;615;-263
2021-12-04T11:38:02.480;536589908058215785;682;617;-264
2021-12-04T11:38:02.500;536589908077996006;685;616;-256
2021-12-04T11:38:02.520;536589908097776227;688;614;-255
2021-12-04T11:38:02.540;536589908117556448;696;615;-257
2021-12-04T11:38:02.560;536589908137336669;718;620;-261
2021-12-04T11:38:02.579;536589908157116890;736;617;-266
2021-12-04T11:38:02.599;536589908176897111;740;619;-269
2021-12-04T11:38:02.619;536589908196677332;747;617;-268
2021-12-04T11:38:02.639;536589908216457553;749;616;-265
2021-12-04T11:38:02.658;536589908236237774;750;617;-261
2021-12-04T11:38:02.678;536589908256017995;753;613;-262
2021-12-04T11:38:02.698;536589908275798216;760;604;-267
2021-12-04T11:38:02.718;536589908295593028;762;601;-271
2021-12-04T11:38:02.738;536589908315387812;772;601;-276
2021-12-04T11:38:02.757;536589908335182596;766;602;-280
2021-12-04T11:38:02.777;536589908354977380;773;597;-289
2021-12-04T11:38:02.797;536589908374772164;768;597;-287
2021-12-04T11:38:02.817;536589908394566948;756;603;-280
2021-12-04T11:38:02.837;536589908414361732;755;604;-273
2021-12-04T11:38:02.856;536589908434156516;757;604;-267
2021-12-04T11:38:02.876;536589908453951300;752;606;-270
2021-12-04T11:38:02.896;536589908473746084;749;609;-270
2021-12-04T11:38:02.916;536589908493540868;743;613;-269
2021-12-04T11:38:02.936;536589908513335652;738;615;-272
2021-12-04T11:38:02.955;536589908533130436;735;616;-276
2021-12-04T11:38:02.975;536589908552925220;727;619;-273
2021-12-04T11:38:02.995;536589908572720004;725;621;-269
2021-12-04T11:38:03.015;536589908592514788;728;623;-266
2021-12-04T11:38:03.034;536589908612309572;731;619;-260
2021-12-04T11:38:03.054;536589908632104356;731;620;-253
2021-12-04T11:38:03.074;536589908651899140;738;620;-248
2021-12-04T11:38:03.094;536589908671693924;744;628;-243
2021-12-04T11:38:03.114;536589908691488708;747;634;-240
2021-12-04T11:38:03.133;536589908711283492;750;638;-240
2021-12-04T11:38:03.153;536589908731078276;754;636;-243
2021-12-04T11:38:03.173;536589908750873060;759;629;-242
2021-12-04T11:38:03.193;536589908770667844;764;623;-245
2021-12-04T11:38:03.213;536589908790462628;765;618;-242
2021-12-04T11:38:03.232;536589908810257412;759;618;-240
2021-12-04T11:38:03.252;536589908830052196;762;614;-242
2021-12-04T11:38:03.272;536589908849846980;758;614;-240
2021-12-04T11:38:03.292;536589908869641764;755;613;-238
2021-12-04T11:38:03.312;536589908889436548;750;618;-240
2021-12-04T11:38:03.331;536589908909231332;751;614;-241
2021-12-04T11:38:03.351;536589908929026116;748;608;-240
2021-12-04T11:38:03.371;536589908948820900;748;604;-235
2021-12-04T11:38:03.391;536589908968615684;748;598;-230
2021-12-04T11:38:03.411;536589908988410468;748;588;-222
2021-12-04T11:38:03.430;536589909008190691;739;581;-211
2021-12-04T11:38:03.450;536589909027970912;736;579;-208
2021-12-04T11:38:03.470;536589909047751133;739;582;-225
2021-12-04T11:38:03.490;536589909067531354;734;588;-239
2021-12-04T11:38:03.509;536589909087311575;736;592;-246
2021-12-04T11:38:03.529;536589909107091796;748;604;-252
2021-12-04T11:38:03.549;536589909126872017;775;626;-257
2021-12-04T11:38:03.569;536589909146652238;830;692;-262
2021-12-04T11:38:03.589;536589909166432459;909;745;-261
2021-12-04T11:38:03.608;536589909186212680;976;785;-270
2021-12-04T11:38:03.628;536589909205992901;1050;840;-282
2021-12-04T11:38:03.648;536589909225773122;1145;875;-303
2021-12-04T11:38:03.668;536589909245553343;1219;889;-314
2021-12-04T11:38:03.688;536589909265333564;1214;878;-309
2021-12-04T11:38:03.707;536589909285113785;1160;862;-292
2021-12-04T11:38:03.727;536589909304894006;1103;833;-265
2021-12-04T11:38:03.747;536589909324674227;994;795;-254
2021-12-04T11:38:03.767;536589909344454448;929;785;-238
2021-12-04T11:38:03.786;536589909364234669;876;775;-200
2021-12-04T11:38:03.806;536589909384014890;798;758;-177
2021-12-04T11:38:03.826;536589909403795111;750;732;-181
2021-12-04T11:38:03.846;536589909423575332;741;674;-198
2021-12-04T11:38:03.866;536589909443355553;745;609;-233
2021-12-04T11:38:03.885;536589909463135774;754;548;-263
2021-12-04T11:38:03.905;536589909482915995;758;490;-270
2021-12-04T11:38:03.925;536589909502696216;775;465;-258
2021-12-04T11:38:03.945;536589909522476437;832;432;-252
2021-12-04T11:38:03.964;536589909542256658;878;414;-243
2021-12-04T11:38:03.984;536589909562036879;915;431;-234
2021-12-04T11:38:04.004;536589909581817100;954;444;-245
2021-12-04T11:38:04.024;536589909601597321;959;449;-263
2021-12-04T11:38:04.044;536589909621377542;960;464;-268
2021-12-04T11:38:04.063;536589909641157763;942;475;-273
2021-12-04T11:38:04.083;536589909660937984;921;479;-287
2021-12-04T11:38:04.103;536589909680718205;933;484;-309
2021-12-04T11:38:04.123;536589909700498426;958;497;-320
2021-12-04T11:38:04.142;536589909720278655;949;493;-317
2021-12-04T11:38:04.162;536589909740058876;942;492;-283
2021-12-04T11:38:04.182;536589909759839097;910;482;-249
2021-12-04T11:38:04.202;536589909779619318;866;473;-208
2021-12-04T11:38:04.222;536589909799399539;870;462;-156
2021-12-04T11:38:04.241;536589909819179760;958;470;-105
2021-12-04T11:38:04.261;536589909838959981;987;491;-82
2021-12-04T11:38:04.281;536589909858740202;997;493;-62
2021-12-04T11:38:04.301;536589909878520423;927;507;-47
2021-12-04T11:38:04.320;536589909898300644;773;493;-53
2021-12-04T11:38:04.340;536589909918080865;747;488;-78
2021-12-04T11:38:04.360;536589909937861086;764;479;-115
2021-12-04T11:38:04.380;536589909957641307;739;461;-172
2021-12-04T11:38:04.400;536589909977421528;763;444;-239
2021-12-04T11:38:04.419;536589909997201749;721;418;-271
2021-12-04T11:38:04.439;536589910016981970;688;386;-291
2021-12-04T11:38:04.459;536589910036762191;653;367;-300
2021-12-04T11:38:04.479;536589910056542412;606;361;-292
2021-12-04T11:38:04.499;536589910076322633;586;360;-269
2021-12-04T11:38:04.518;536589910096102854;564;333;-261
2021-12-04T11:38:04.538;536589910115883075;578;305;-280
2021-12-04T11:38:04.558;536589910135663296;612;305;-314
2021-12-04T11:38:04.578;536589910155443517;658;325;-311
2021-12-04T11:38:04.597;536589910175223738;718;371;-314
2021-12-04T11:38:04.617;536589910195003959;752;404;-287
2021-12-04T11:38:04.637;536589910214784180;813;438;-257
2021-12-04T11:38:04.657;536589910234564401;932;476;-244
2021-12-04T11:38:04.677;536589910254344622;963;523;-230
2021-12-04T11:38:04.696;536589910274124843;996;590;-189
2021-12-04T11:38:04.716;536589910293905064;980;624;-151
2021-12-04T11:38:04.736;536589910313685285;967;656;-146
2021-12-04T11:38:04.756;536589910333465506;953;674;-138
2021-12-04T11:38:04.775;536589910353245727;879;647;-132
2021-12-04T11:38:04.795;536589910373025948;814;611;-150
2021-12-04T11:38:04.815;536589910392806169;749;577;-170
2021-12-04T11:38:04.835;536589910412586390;689;537;-207
2021-12-04T11:38:04.855;536589910432381202;625;502;-226
2021-12-04T11:38:04.874;536589910452175986;590;484;-233
2021-12-04T11:38:04.894;536589910471970770;557;480;-242
2021-12-04T11:38:04.914;536589910491765554;552;471;-255
2021-12-04T11:38:04.934;536589910511560338;559;457;-280
2021-12-04T11:38:04.954;536589910531355122;543;447;-276
2021-12-04T11:38:04.973;536589910551149906;538;452;-261
2021-12-04T11:38:04.993;536589910570944690;544;450;-255
2021-12-04T11:38:05.013;536589910590739474;570;453;-247
2021-12-04T11:38:05.033;536589910610534258;596;454;-234
2021-12-04T11:38:05.053;536589910630329042;611;456;-235
2021-12-04T11:38:05.072;536589910650123826;635;469;-237
2021-12-04T11:38:05.092;536589910669918610;700;480;-249
2021-12-04T11:38:05.112;536589910689713394;785;492;-255
2021-12-04T11:38:05.132;536589910709508178;867;533;-265
2021-12-04T11:38:05.151;536589910729302962;939;589;-263
2021-12-04T11:38:05.171;536589910749097746;966;623;-257
2021-12-04T11:38:05.191;536589910768892530;963;644;-254
2021-12-04T11:38:05.211;536589910788687314;973;636;-252
2021-12-04T11:38:05.231;536589910808482098;957;614;-255
2021-12-04T11:38:05.250;536589910828276882;918;598;-253
2021-12-04T11:38:05.270;536589910848071666;857;584;-244
2021-12-04T11:38:05.290;536589910867866450;800;560;-240
2021-12-04T11:38:05.310;536589910887661234;773;530;-253
2021-12-04T11:38:05.330;536589910907456018;784;487;-257
2021-12-04T11:38:05.349;536589910927250802;775;479;-264
2021-12-04T11:38:05.369;536589910947045586;750;488;-265
2021-12-04T11:38:05.389;536589910966840370;731;498;-248
2021-12-04T11:38:05.409;536589910986635154;724;509;-248
2021-12-04T11:38:05.429;536589911006429938;744;510;-251
2021-12-04T11:38:05.448;536589911026224722;759;517;-255
2021-12-04T11:38:05.468;536589911046019506;747;549;-254
2021-12-04T11:38:05.488;536589911065814290;748;574;-248
2021-12-04T11:38:05.508;536589911085609074;747;578;-241
2021-12-04T11:38:05.528;536589911105403858;750;554;-247
2021-12-04T11:38:05.547;536589911125198642;755;522;-245
2021-12-04T11:38:05.567;536589911144978865;747;520;-234
2021-12-04T11:38:05.587;536589911164759086;722;545;-231
2021-12-04T11:38:05.607;536589911184539307;723;544;-220
2021-12-04T11:38:05.627;536589911204319528;745;518;-240
2021-12-04T11:38:05.646;536589911224099749;751;487;-240
2021-12-04T11:38:05.666;536589911243879970;731;510;-252
2021-12-04T11:38:05.686;536589911263660191;736;531;-274
2021-12-04T11:38:05.706;536589911283440412;755;510;-288
2021-12-04T11:38:05.725;536589911303220633;768;502;-279
2021-12-04T11:38:05.745;536589911323000854;782;513;-266
2021-12-04T11:38:05.765;536589911342781075;788;533;-265
2021-12-04T11:38:05.785;536589911362561296;799;556;-259
2021-12-04T11:38:05.805;536589911382341517;808;574;-245
2021-12-04T11:38:05.824;536589911402121738;807;579;-239
2021-12-04T11:38:05.844;536589911421901959;807;564;-247
2021-12-04T11:38:05.864;536589911441682180;809;544;-253
2021-12-04T11:38:05.884;536589911461462401;789;543;-253
2021-12-04T11:38:05.903;536589911481242622;790;550;-260
2021-12-04T11:38:05.923;536589911501022843;765;542;-270
2021-12-04T11:38:05.943;536589911520803064;763;519;-278
2021-12-04T11:38:05.963;536589911540583285;785;504;-273
2021-12-04T11:38:05.983;536589911560363506;752;524;-260
2021-12-04T11:38:06.002;536589911580143727;742;532;-258
2021-12-04T11:38:06.022;536589911599923948;707;538;-246
2021-12-04T11:38:06.042;536589911619704169;673;543;-241
2021-12-04T11:38:06.062;536589911639484390;694;533;-243
2021-12-04T11:38:06.081;536589911659264611;715;526;-239
2021-12-04T11:38:06.101;536589911679044832;713;545;-230
2021-12-04T11:38:06.121;536589911698825053;691;575;-214
2021-12-04T11:38:06.141;536589911718605274;736;573;-221
2021-12-04T11:38:06.161;536589911738385495;767;528;-224
2021-12-04T11:38:06.180;536589911758165716;795;497;-210
2021-12-04T11:38:06.200;536589911777945937;791;515;-188
2021-12-04T11:38:06.220;536589911797726158;806;551;-182
2021-12-04T11:38:06.240;536589911817506379;852;577;-186
2021-12-04T11:38:06.259;536589911837286600;869;596;-206
