Phone timestamp;sensor timestamp [ns];X [mg];Y [mg];Z [mg]
2021-12-04T11:39:40.457;536589823033389815;101;962;192
2021-12-04T11:39:40.476;536589823053065178;83;965;173
2021-12-04T11:39:40.496;536589823072740541;42;943;150
2021-12-04T11:39:40.516;536589823092415904;32;966;252
2021-12-04T11:39:40.535;536589823112091267;43;960;158
2021-12-04T11:39:40.555;536589823131766630;41;938;103
2021-12-04T11:39:40.575;536589823151441993;92;978;239
2021-12-04T11:39:40.594;536589823171117356;97;987;238
2021-12-04T11:39:40.614;536589823190792719;52;941;155
2021-12-04T11:39:40.634;536589823210468082;61;931;128
2021-12-04T11:39:40.653;536589823230143445;86;977;228
2021-12-04T11:39:40.673;536589823249818808;87;989;226
2021-12-04T11:39:40.693;536589823269494171;68;948;132
2021-12-04T11:39:40.712;536589823289169534;100;957;166
2021-12-04T11:39:40.732;536589823308844897;119;982;234
2021-12-04T11:39:40.752;536589823328520260;98;974;155
2021-12-04T11:39:40.771;536589823348195623;46;951;186
2021-12-04T11:39:40.791;536589823367870986;68;969;219
2021-12-04T11:39:40.811;536589823387546349;67;967;171
2021-12-04T11:39:40.830;536589823407221712;49;947;165
2021-12-04T11:39:40.850;536589823426897075;58;969;216
2021-12-04T11:39:40.870;536589823446572438;51;964;168
2021-12-04T11:39:40.889;536589823466247801;49;949;129
2021-12-04T11:39:40.909;536589823485923164;53;957;177
2021-12-04T11:39:40.929;536589823505598527;92;981;223
2021-12-04T11:39:40.948;536589823525273890;72;974;179
2021-12-04T11:39:40.968;536589823544949253;64;949;140
2021-12-04T11:39:40.988;536589823564624616;82;971;199
2021-12-04T11:39:41.007;536589823584299979;79;976;201
2021-12-04T11:39:41.027;536589823603975342;55;942;127
2021-12-04T11:39:41.047;536589823623650705;67;957;173
2021-12-04T11:39:41.066;536589823643326068;91;979;211
2021-12-04T11:39:41.086;536589823663001431;68;970;182
2021-12-04T11:39:41.106;536589823682676794;65;967;157
2021-12-04T11:39:41.125;536589823702352157;82;964;124
2021-12-04T11:39:41.145;536589823722027520;81;954;126
2021-12-04T11:39:41.165;536589823741702903;70;965;181
2021-12-04T11:39:41.184;536589823761378266;71;981;220
2021-12-04T11:39:41.204;536589823781053629;84;975;169
2021-12-04T11:39:41.224;536589823800728992;72;954;158
2021-12-04T11:39:41.244;536589823820404355;116;963;125
2021-12-04T11:39:41.263;536589823840079718;91;960;168
2021-12-04T11:39:41.283;536589823859755081;90;985;220
2021-12-04T11:39:41.303;536589823879430444;85;952;163
2021-12-04T11:39:41.322;536589823899105807;68;956;220
2021-12-04T11:39:41.342;536589823918781170;71;979;209
2021-12-04T11:39:41.362;536589823938456533;46;953;107
2021-12-04T11:39:41.381;536589823958131896;65;957;142
2021-12-04T11:39:41.401;536589823977807259;75;971;208
2021-12-04T11:39:41.421;536589823997482622;64;984;209
2021-12-04T11:39:41.440;536589824017157985;52;956;165
2021-12-04T11:39:41.460;536589824036833348;96;950;154
2021-12-04T11:39:41.480;536589824056508711;101;963;175
2021-12-04T11:39:41.499;536589824076184074;70;959;203
2021-12-04T11:39:41.519;536589824095859437;65;975;205
2021-12-04T11:39:41.539;536589824115534800;71;951;151
2021-12-04T11:39:41.558;536589824135210163;105;953;182
2021-12-04T11:39:41.578;536589824154885526;109;979;212
2021-12-04T11:39:41.598;536589824174560889;68;952;152
2021-12-04T11:39:41.617;536589824194236252;49;962;212
2021-12-04T11:39:41.637;536589824213911615;84;987;244
2021-12-04T11:39:41.657;536589824233586978;61;946;88
2021-12-04T11:39:41.676;536589824253262341;65;943;113
2021-12-04T11:39:41.696;536589824272937704;92;981;283
2021-12-04T11:39:41.716;536589824292613067;75;973;211
2021-12-04T11:39:41.735;536589824312288430;52;946;132
2021-12-04T11:39:41.755;536589824331963793;116;956;175
2021-12-04T11:39:41.775;536589824351639156;105;976;212
2021-12-04T11:39:41.794;536589824371314519;36;950;158
2021-12-04T11:39:41.814;536589824390989882;41;937;171
2021-12-04T11:39:41.834;536589824410665245;81;964;237
2021-12-04T11:39:41.853;536589824430340608;67;975;230
2021-12-04T11:39:41.873;536589824450013082;54;959;196
2021-12-04T11:39:41.893;536589824469685532;104;963;170
2021-12-04T11:39:41.912;536589824489357982;105;979;193
2021-12-04T11:39:41.932;536589824509030432;48;958;182
2021-12-04T11:39:41.952;536589824528702882;40;951;201
2021-12-04T11:39:41.971;536589824548375332;68;953;189
2021-12-04T11:39:41.991;536589824568047782;80;970;202
2021-12-04T11:39:42.011;536589824587720232;83;952;204
2021-12-04T11:39:42.031;536589824607392682;68;961;205
2021-12-04T11:39:42.050;536589824627065132;66;962;213
2021-12-04T11:39:42.070;536589824646737582;58;963;211
2021-12-04T11:39:42.090;536589824666410032;52;950;187
2021-12-04T11:39:42.109;536589824686082482;61;944;185
2021-12-04T11:39:42.129;536589824705754932;69;970;216
2021-12-04T11:39:42.149;536589824725427382;59;963;203
2021-12-04T11:39:42.168;536589824745099832;73;970;190
2021-12-04T11:39:42.188;536589824764772282;109;965;173
2021-12-04T11:39:42.208;536589824784444732;76;950;182
2021-12-04T11:39:42.227;536589824804117182;66;973;213
2021-12-04T11:39:42.247;536589824823789632;65;956;208
2021-12-04T11:39:42.267;536589824843462082;61;947;178
2021-12-04T11:39:42.286;536589824863134532;57;954;232
2021-12-04T11:39:42.306;536589824882806982;71;979;224
2021-12-04T11:39:42.326;536589824902479432;54;956;158
2021-12-04T11:39:42.345;536589824922151882;46;954;167
2021-12-04T11:39:42.365;536589824941824332;67;970;231
2021-12-04T11:39:42.385;536589824961496782;55;957;227
2021-12-04T11:39:42.404;536589824981169232;60;951;197
2021-12-04T11:39:42.424;536589825000841682;77;959;213
2021-12-04T11:39:42.444;536589825020514132;103;976;219
2021-12-04T11:39:42.463;536589825040186582;65;962;217
2021-12-04T11:39:42.483;536589825059859032;53;945;202
2021-12-04T11:39:42.503;536589825079531482;58;963;220
2021-12-04T11:39:42.522;536589825099203932;51;964;187
2021-12-04T11:39:42.542;536589825118876382;53;949;175
2021-12-04T11:39:42.562;536589825138548832;67;966;241
2021-12-04T11:39:42.581;536589825158212576;83;973;227
2021-12-04T11:39:42.601;536589825177876288;40;945;170
2021-12-04T11:39:42.621;536589825197540000;79;958;138
2021-12-04T11:39:42.640;536589825217203712;55;957;198
2021-12-04T11:39:42.660;536589825236867424;47;973;245
2021-12-04T11:39:42.680;536589825256531136;39;942;175
2021-12-04T11:39:42.699;536589825276194848;79;943;189
2021-12-04T11:39:42.719;536589825295858560;84;970;251
2021-12-04T11:39:42.739;536589825315522272;60;968;220
2021-12-04T11:39:42.758;536589825335185984;47;949;174
2021-12-04T11:39:42.778;536589825354849696;89;961;206
2021-12-04T11:39:42.798;536589825374513408;82;966;211
2021-12-04T11:39:42.817;536589825394177120;58;966;212
2021-12-04T11:39:42.837;536589825413840832;78;955;187
2021-12-04T11:39:42.857;536589825433504544;96;952;164
2021-12-04T11:39:42.876;536589825453168256;70;969;213
2021-12-04T11:39:42.896;536589825472831968;45;966;232
2021-12-04T11:39:42.916;536589825492495680;68;964;183
2021-12-04T11:39:42.935;536589825512159392;92;961;207
2021-12-04T11:39:42.955;536589825531823104;85;960;197
2021-12-04T11:39:42.975;536589825551486816;56;955;193
2021-12-04T11:39:42.994;536589825571150528;58;951;180
2021-12-04T11:39:43.014;536589825590814240;73;968;207
2021-12-04T11:39:43.034;536589825610477952;62;967;213
2021-12-04T11:39:43.053;536589825630141664;77;960;204
2021-12-04T11:39:43.073;536589825649805376;76;955;211
2021-12-04T11:39:43.093;536589825669469088;72;960;202
2021-12-04T11:39:43.112;536589825689132800;58;963;190
2021-12-04T11:39:43.132;536589825708796512;79;953;185
2021-12-04T11:39:43.152;536589825728460224;78;952;202
2021-12-04T11:39:43.171;536589825748123936;74;964;227
2021-12-04T11:39:43.191;536589825767787648;57;965;227
2021-12-04T11:39:43.211;536589825787451360;75;957;182
2021-12-04T11:39:43.230;536589825807115072;92;960;176
2021-12-04T11:39:43.250;536589825826778784;74;961;208
2021-12-04T11:39:43.270;536589825846442496;63;968;192
2021-12-04T11:39:43.289;536589825866117879;60;948;179
2021-12-04T11:39:43.309;536589825885793242;102;968;234
2021-12-04T11:39:43.329;536589825905468605;87;974;242
2021-12-04T11:39:43.348;536589825925143968;63;942;147
2021-12-04T11:39:43.368;536589825944819331;97;957;170
2021-12-04T11:39:43.388;536589825964494694;101;959;220
2021-12-04T11:39:43.407;536589825984170057;48;951;214
2021-12-04T11:39:43.427;536589826003845420;52;964;207
2021-12-04T11:39:43.447;536589826023520783;106;969;192
2021-12-04T11:39:43.466;536589826043196146;98;958;210
2021-12-04T11:39:43.486;536589826062871509;66;954;220
2021-12-04T11:39:43.506;536589826082546872;65;976;212
2021-12-04T11:39:43.525;536589826102222235;89;962;183
2021-12-04T11:39:43.545;536589826121897598;111;963;166
2021-12-04T11:39:43.565;536589826141572961;87;956;209
2021-12-04T11:39:43.584;536589826161248324;69;962;229
2021-12-04T11:39:43.604;536589826180923687;52;962;201
2021-12-04T11:39:43.624;536589826200599050;85;957;186
2021-12-04T11:39:43.643;536589826220274413;91;956;185
2021-12-04T11:39:43.663;536589826239949776;65;965;218
2021-12-04T11:39:43.683;536589826259625139;64;957;199
2021-12-04T11:39:43.702;536589826279300502;68;960;215
2021-12-04T11:39:43.722;536589826298975865;93;970;198
2021-12-04T11:39:43.742;536589826318651228;68;962;134
2021-12-04T11:39:43.761;536589826338326591;101;957;174
2021-12-04T11:39:43.781;536589826358001954;78;955;250
2021-12-04T11:39:43.801;536589826377677317;57;968;256
2021-12-04T11:39:43.820;536589826397352680;59;950;182
2021-12-04T11:39:43.840;536589826417028043;95;955;188
2021-12-04T11:39:43.860;536589826436703406;114;962;217
2021-12-04T11:39:43.879;536589826456378769;74;947;191
2021-12-04T11:39:43.899;536589826476054132;60;949;221
2021-12-04T11:39:43.919;536589826495729495;94;972;250
2021-12-04T11:39:43.939;536589826515404858;109;966;208
2021-12-04T11:39:43.958;536589826535080221;99;952;187
2021-12-04T11:39:43.978;536589826554755584;70;959;202
2021-12-04T11:39:43.998;536589826574416384;64;959;221
2021-12-04T11:39:44.017;536589826594077184;64;958;234
2021-12-04T11:39:44.037;536589826613737984;67;954;188
2021-12-04T11:39:44.057;536589826633398784;87;962;146
2021-12-04T11:39:44.076;536589826653059584;84;965;160
2021-12-04T11:39:44.096;536589826672720384;74;952;210
2021-12-04T11:39:44.115;536589826692381184;62;958;237
2021-12-04T11:39:44.135;536589826712041984;55;962;216
2021-12-04T11:39:44.155;536589826731702784;81;951;152
2021-12-04T11:39:44.174;536589826751363584;104;949;159
2021-12-04T11:39:44.194;536589826771024384;102;963;232
2021-12-04T11:39:44.214;536589826790685184;47;966;231
2021-12-04T11:39:44.233;536589826810345984;48;946;209
2021-12-04T11:39:44.253;536589826830006784;104;977;228
2021-12-04T11:39:44.273;536589826849667584;101;963;187
2021-12-04T11:39:44.292;536589826869328384;58;963;185
2021-12-04T11:39:44.312;536589826888989184;69;961;199
2021-12-04T11:39:44.332;536589826908649984;78;957;215
2021-12-04T11:39:44.351;536589826928310784;72;963;223
2021-12-04T11:39:44.371;536589826947971584;62;951;198
2021-12-04T11:39:44.391;536589826967632384;77;957;184
2021-12-04T11:39:44.410;536589826987293184;98;968;198
2021-12-04T11:39:44.430;536589827006953984;76;955;219
2021-12-04T11:39:44.450;536589827026614784;84;953;250
2021-12-04T11:39:44.469;536589827046275584;88;950;267
2021-12-04T11:39:44.489;536589827065936384;99;989;246
2021-12-04T11:39:44.509;536589827085597184;62;981;159
2021-12-04T11:39:44.528;536589827105257984;20;963;149
2021-12-04T11:39:44.548;536589827124918784;17;958;214
2021-12-04T11:39:44.568;536589827144579584;32;942;164
2021-12-04T11:39:44.587;536589827164240384;69;922;144
2021-12-04T11:39:44.607;536589827183901184;133;955;186
2021-12-04T11:39:44.627;536589827203561984;159;965;175
2021-12-04T11:39:44.646;536589827223222784;123;964;123
2021-12-04T11:39:44.666;536589827242883584;123;954;135
2021-12-04T11:39:44.686;536589827262544384;118;974;115
2021-12-04T11:39:44.705;536589827282205184;109;974;95
2021-12-04T11:39:44.725;536589827301865984;120;978;118
2021-12-04T11:39:44.745;536589827321526784;127;972;168
2021-12-04T11:39:44.764;536589827341187584;121;981;148
2021-12-04T11:39:44.784;536589827360848384;75;960;161
2021-12-04T11:39:44.804;536589827380509184;35;996;185
2021-12-04T11:39:44.823;536589827400169984;147;989;138
2021-12-04T11:39:44.843;536589827419830784;220;931;234
2021-12-04T11:39:44.863;536589827439491584;228;947;328
2021-12-04T11:39:44.882;536589827459152384;-37;942;363
2021-12-04T11:39:44.902;536589827478813184;-185;943;277
2021-12-04T11:39:44.922;536589827498473984;-154;951;314
2021-12-04T11:39:44.941;536589827518134784;-119;1041;356
2021-12-04T11:39:44.961;536589827537795584;-136;1008;214
2021-12-04T11:39:44.981;536589827557456384;56;999;226
2021-12-04T11:39:45.000;536589827577117184;-85;1020;-37
2021-12-04T11:39:45.020;536589827596777984;-158;878;120
2021-12-04T11:39:45.040;536589827616438784;-60;924;257
2021-12-04T11:39:45.059;536589827636099584;59;991;144
2021-12-04T11:39:45.079;536589827655760384;86;1003;16
2021-12-04T11:39:45.099;536589827675421184;70;987;52
2021-12-04T11:39:45.118;536589827695081984;-39;1009;-161
2021-12-04T11:39:45.138;536589827714742784;44;961;-110
2021-12-04T11:39:45.158;536589827734403584;-37;985;-80
2021-12-04T11:39:45.177;536589827754064384;-55;989;-53
2021-12-04T11:39:45.197;536589827773725184;13;995;-20
2021-12-04T11:39:45.216;536589827793385984;63;989;68
2021-12-04T11:39:45.236;536589827813046784;-4;988;93
2021-12-04T11:39:45.256;536589827832707584;-50;998;111
2021-12-04T11:39:45.275;536589827852368384;22;1017;170
2021-12-04T11:39:45.295;536589827872029184;-170;993;92
2021-12-04T11:39:45.315;536589827891689984;-173;985;74
2021-12-04T11:39:45.334;536589827911350784;-122;1031;62
2021-12-04T11:39:45.354;536589827931011584;-126;1011;67
2021-12-04T11:39:45.374;536589827950672384;-114;997;25
2021-12-04T11:39:45.393;536589827970333184;-126;965;108
2021-12-04T11:39:45.413;536589827989991075;-254;971;52
2021-12-04T11:39:45.433;536589828009648962;-187;950;108
2021-12-04T11:39:45.452;536589828029306849;-182;971;59
2021-12-04T11:39:45.472;536589828048964736;-142;1035;-38
2021-12-04T11:39:45.492;536589828068622623;-100;982;46
2021-12-04T11:39:45.511;536589828088280510;-202;988;13
2021-12-04T11:39:45.531;536589828107938397;-136;949;16
2021-12-04T11:39:45.551;536589828127596284;-134;942;51
2021-12-04T11:39:45.570;536589828147254171;-137;993;21
2021-12-04T11:39:45.590;536589828166912058;-166;978;49
2021-12-04T11:39:45.610;536589828186569945;-165;968;61
2021-12-04T11:39:45.629;536589828206227832;-176;948;64
2021-12-04T11:39:45.649;536589828225885719;-129;945;124
2021-12-04T11:39:45.669;536589828245543606;-80;981;146
2021-12-04T11:39:45.688;536589828265201493;-178;957;101
2021-12-04T11:39:45.708;536589828284859380;-50;996;131
2021-12-04T11:39:45.728;536589828304517267;-120;962;102
2021-12-04T11:39:45.747;536589828324175154;-101;958;108
2021-12-04T11:39:45.767;536589828343833041;-112;953;99
2021-12-04T11:39:45.787;536589828363490928;-185;1008;113
2021-12-04T11:39:45.806;536589828383148815;-89;994;186
2021-12-04T11:39:45.826;536589828402806702;-58;949;251
2021-12-04T11:39:45.846;536589828422464589;-68;992;302
2021-12-04T11:39:45.865;536589828442122476;-47;950;283
2021-12-04T11:39:45.885;536589828461780363;-55;976;133
2021-12-04T11:39:45.905;536589828481438250;-97;994;-6
2021-12-04T11:39:45.924;536589828501096137;-67;966;35
2021-12-04T11:39:45.944;536589828520754024;40;832;166
2021-12-04T11:39:45.964;536589828540411911;-36;971;234
2021-12-04T11:39:45.983;536589828560069798;-122;985;251
2021-12-04T11:39:46.003;536589828579727685;0;894;243
2021-12-04T11:39:46.022;536589828599385572;72;852;209
2021-12-04T11:39:46.042;536589828619043459;-114;1097;172
2021-12-04T11:39:46.062;536589828638701346;-66;895;291
2021-12-04T11:39:46.081;536589828658359233;104;730;345
2021-12-04T11:39:46.101;536589828678017120;-239;1158;48
2021-12-04T11:39:46.121;536589828697666281;-103;988;78
2021-12-04T11:39:46.140;536589828717315430;-22;859;162
2021-12-04T11:39:46.160;536589828736964579;-44;1026;268
2021-12-04T11:39:46.180;536589828756613728;-245;1005;203
2021-12-04T11:39:46.199;536589828776262877;-43;813;220
2021-12-04T11:39:46.219;536589828795912026;8;994;128
2021-12-04T11:39:46.239;536589828815561175;-106;1008;149
2021-12-04T11:39:46.258;536589828835210324;-125;929;248
2021-12-04T11:39:46.278;536589828854859473;-183;1020;168
2021-12-04T11:39:46.298;536589828874508622;-50;930;268
2021-12-04T11:39:46.317;536589828894157771;42;796;268
2021-12-04T11:39:46.337;536589828913806920;-282;1020;147
2021-12-04T11:39:46.357;536589828933456069;-267;1163;84
2021-12-04T11:39:46.376;536589828953105218;-84;855;131
2021-12-04T11:39:46.396;536589828972754367;-310;928;67
2021-12-04T11:39:46.416;536589828992403516;-11;901;171
2021-12-04T11:39:46.435;536589829012052665;-312;968;107
2021-12-04T11:39:46.455;536589829031701814;-184;975;102
2021-12-04T11:39:46.474;536589829051350963;-235;943;250
2021-12-04T11:39:46.494;536589829071000112;-240;1073;108
2021-12-04T11:39:46.514;536589829090649261;-129;809;197
2021-12-04T11:39:46.533;536589829110298410;-215;947;221
2021-12-04T11:39:46.553;536589829129947559;-302;981;137
2021-12-04T11:39:46.573;536589829149596708;-202;922;169
2021-12-04T11:39:46.592;536589829169245857;-240;998;133
2021-12-04T11:39:46.612;536589829188895006;-273;905;45
2021-12-04T11:39:46.632;536589829208544155;-227;949;90
2021-12-04T11:39:46.651;536589829228193304;-194;992;213
2021-12-04T11:39:46.671;536589829247842453;-184;935;112
2021-12-04T11:39:46.691;536589829267491602;-403;982;-23
2021-12-04T11:39:46.710;536589829287140751;-223;895;22
2021-12-04T11:39:46.730;536589829306789900;-170;910;52
2021-12-04T11:39:46.750;536589829326439049;-357;1020;-43
2021-12-04T11:39:46.769;536589829346088198;-133;924;163
2021-12-04T11:39:46.789;536589829365737347;-448;932;62
2021-12-04T11:39:46.808;536589829385386496;-269;1047;157
