Phone timestamp;sensor timestamp [ns];X [mg];Y [mg];Z [mg]
2021-11-13T11:52:50.141;536845572029887907;56;-1153;162
2021-11-13T11:52:50.160;536845572049634632;30;-990;358
2021-11-13T11:52:50.180;536845572069381357;-207;-1092;390
2021-11-13T11:52:50.200;536845572089128082;4;-1033;330
2021-11-13T11:52:50.219;536845572108874807;0;-1097;170
2021-11-13T11:52:50.239;536845572128621532;-41;-903;213
2021-11-13T11:52:50.259;536845572148368257;43;-1027;180
2021-11-13T11:52:50.279;536845572168114982;-154;-1117;380
2021-11-13T11:52:50.298;536845572187861707;-43;-1025;181
2021-11-13T11:52:50.318;536845572207608432;140;-1002;130
2021-11-13T11:52:50.338;536845572227355157;129;-963;148
2021-11-13T11:52:50.358;536845572247101882;-193;-1108;358
2021-11-13T11:52:50.377;536845572266848607;-80;-1081;279
2021-11-13T11:52:50.397;536845572286595332;55;-942;178
2021-11-13T11:52:50.417;536845572306342057;166;-1184;47
2021-11-13T11:52:50.437;536845572326088782;-117;-872;309
2021-11-13T11:52:50.456;536845572345835507;60;-1279;170
2021-11-13T11:52:50.476;536845572365582232;-109;-875;248
2021-11-13T11:52:50.496;536845572385328957;22;-1102;179
2021-11-13T11:52:50.516;536845572405075682;-72;-1065;144
2021-11-13T11:52:50.535;536845572424822407;14;-887;213
2021-11-13T11:52:50.555;536845572444569132;-14;-1261;264
2021-11-13T11:52:50.575;536845572464315857;-74;-1045;160
2021-11-13T11:52:50.595;536845572484062582;-43;-927;197
2021-11-13T11:52:50.614;536845572503809307;-73;-980;270
2021-11-13T11:52:50.634;536845572523556032;9;-1091;170
2021-11-13T11:52:50.654;536845572543302757;-48;-1240;239
2021-11-13T11:52:50.674;536845572563049482;-174;-955;176
2021-11-13T11:52:50.693;536845572582796207;14;-1020;98
2021-11-13T11:52:50.713;536845572602542932;3;-1094;110
2021-11-13T11:52:50.733;536845572622289657;-77;-930;271
2021-11-13T11:52:50.753;536845572642036382;-125;-1189;253
2021-11-13T11:52:50.772;536845572661783107;-163;-1007;240
2021-11-13T11:52:50.792;536845572681529832;-153;-1019;119
2021-11-13T11:52:50.812;536845572701276557;85;-1003;130
2021-11-13T11:52:50.832;536845572721023282;-182;-1115;269
2021-11-13T11:52:50.851;536845572740770007;-54;-1033;160
2021-11-13T11:52:50.871;536845572760516732;-97;-994;233
2021-11-13T11:52:50.891;536845572780263457;-156;-1058;212
2021-11-13T11:52:50.911;536845572800010182;-75;-1060;180
2021-11-13T11:52:50.930;536845572819756907;-42;-1172;212
2021-11-13T11:52:50.950;536845572839503632;-228;-793;246
2021-11-13T11:52:50.970;536845572859250357;-92;-1144;252
2021-11-13T11:52:50.990;536845572878997082;-122;-1196;280
2021-11-13T11:52:51.009;536845572898743807;-77;-917;160
2021-11-13T11:52:51.029;536845572918490532;-75;-1073;176
2021-11-13T11:52:51.049;536845572938237257;-141;-1022;168
2021-11-13T11:52:51.069;536845572957983982;-125;-896;143
2021-11-13T11:52:51.088;536845572977730707;-7;-1105;211
2021-11-13T11:52:51.108;536845572997477432;-232;-1060;354
2021-11-13T11:52:51.128;536845573017224157;-166;-1013;219
2021-11-13T11:52:51.148;536845573036970882;-119;-1006;203
2021-11-13T11:52:51.167;536845573056717607;-58;-1016;105
2021-11-13T11:52:51.187;536845573076464332;-84;-979;253
2021-11-13T11:52:51.207;536845573096211057;-112;-1098;291
2021-11-13T11:52:51.227;536845573115957782;-121;-1022;248
2021-11-13T11:52:51.246;536845573135704507;-136;-1047;210
2021-11-13T11:52:51.266;536845573155451232;-101;-1013;219
2021-11-13T11:52:51.286;536845573175197957;-123;-1004;229
2021-11-13T11:52:51.306;536845573194944682;-88;-1044;197
2021-11-13T11:52:51.325;536845573214691407;-135;-1004;219
2021-11-13T11:52:51.345;536845573234438132;-118;-1042;209
2021-11-13T11:52:51.365;536845573254184857;-115;-1019;231
2021-11-13T11:52:51.385;536845573273931582;-85;-1044;247
2021-11-13T11:52:51.404;536845573293678307;-161;-988;239
2021-11-13T11:52:51.424;536845573313425032;-111;-1006;187
2021-11-13T11:52:51.444;536845573333171757;-100;-1009;136
2021-11-13T11:52:51.464;536845573352918482;-49;-1063;60
2021-11-13T11:52:51.483;536845573372665207;-32;-1075;144
2021-11-13T11:52:51.503;536845573392411932;-79;-1027;219
2021-11-13T11:52:51.523;536845573412158657;-4;-1087;104
2021-11-13T11:52:51.543;536845573431905382;16;-1041;19
2021-11-13T11:52:51.562;536845573451646295;-134;-1081;234
2021-11-13T11:52:51.582;536845573471387194;-131;-1082;305
2021-11-13T11:52:51.602;536845573491128093;-141;-1071;255
2021-11-13T11:52:51.621;536845573510868992;-34;-1010;149
2021-11-13T11:52:51.641;536845573530609891;-47;-1050;278
2021-11-13T11:52:51.661;536845573550350790;-237;-1080;314
2021-11-13T11:52:51.681;536845573570091689;24;-1084;94
2021-11-13T11:52:51.700;536845573589832588;19;-1062;74
2021-11-13T11:52:51.720;536845573609573487;-10;-1014;159
2021-11-13T11:52:51.740;536845573629314386;-118;-1069;147
2021-11-13T11:52:51.760;536845573649055285;26;-1052;159
2021-11-13T11:52:51.779;536845573668796184;-43;-1090;383
2021-11-13T11:52:51.799;536845573688537083;-4;-1088;356
2021-11-13T11:52:51.819;536845573708277982;-22;-985;313
2021-11-13T11:52:51.839;536845573728018881;-101;-1063;308
2021-11-13T11:52:51.858;536845573747759780;-18;-993;161
2021-11-13T11:52:51.878;536845573767500679;137;-1053;112
2021-11-13T11:52:51.898;536845573787241578;-106;-1033;74
2021-11-13T11:52:51.918;536845573806982477;80;-947;189
2021-11-13T11:52:51.937;536845573826723376;-14;-1041;312
2021-11-13T11:52:51.957;536845573846464275;-84;-1006;447
2021-11-13T11:52:51.977;536845573866205174;-92;-1032;460
2021-11-13T11:52:51.997;536845573885946073;-29;-1016;343
2021-11-13T11:52:52.016;536845573905686972;-1;-1019;220
2021-11-13T11:52:52.036;536845573925427871;-74;-985;267
2021-11-13T11:52:52.056;536845573945168770;-48;-984;403
2021-11-13T11:52:52.076;536845573964909669;-76;-995;471
2021-11-13T11:52:52.095;536845573984650568;-115;-1037;456
2021-11-13T11:52:52.115;536845574004391467;-83;-1017;266
2021-11-13T11:52:52.135;536845574024132366;-64;-975;205
2021-11-13T11:52:52.154;536845574043873265;-80;-902;267
2021-11-13T11:52:52.174;536845574063614164;-36;-992;470
2021-11-13T11:52:52.194;536845574083355063;-379;-1007;617
2021-11-13T11:52:52.214;536845574103095962;-149;-942;452
2021-11-13T11:52:52.233;536845574122836861;-78;-930;310
2021-11-13T11:52:52.253;536845574142577760;-161;-929;302
2021-11-13T11:52:52.273;536845574162315747;-83;-896;428
2021-11-13T11:52:52.293;536845574182053734;-363;-900;624
2021-11-13T11:52:52.312;536845574201791721;-85;-1032;437
2021-11-13T11:52:52.332;536845574221529708;-126;-846;376
2021-11-13T11:52:52.352;536845574241267695;-426;-649;445
2021-11-13T11:52:52.372;536845574261005682;1;-1104;396
2021-11-13T11:52:52.391;536845574280743669;-220;-1036;441
2021-11-13T11:52:52.411;536845574300481656;-135;-782;506
2021-11-13T11:52:52.431;536845574320219643;-246;-997;496
2021-11-13T11:52:52.451;536845574339957630;-62;-945;496
2021-11-13T11:52:52.470;536845574359695617;-233;-1001;439
2021-11-13T11:52:52.490;536845574379433604;-47;-963;291
2021-11-13T11:52:52.510;536845574399171591;-43;-1055;283
2021-11-13T11:52:52.530;536845574418909578;-149;-864;349
2021-11-13T11:52:52.549;536845574438647565;-130;-1030;349
2021-11-13T11:52:52.569;536845574458385552;-223;-1110;333
2021-11-13T11:52:52.589;536845574478123539;-12;-879;371
2021-11-13T11:52:52.608;536845574497861526;-94;-1062;317
2021-11-13T11:52:52.628;536845574517599513;-96;-1043;356
2021-11-13T11:52:52.648;536845574537337500;-93;-1025;343
2021-11-13T11:52:52.668;536845574557075487;125;-829;382
2021-11-13T11:52:52.687;536845574576813474;-206;-1264;252
2021-11-13T11:52:52.707;536845574596551461;-105;-910;219
2021-11-13T11:52:52.727;536845574616289448;257;-848;302
2021-11-13T11:52:52.747;536845574636027435;-115;-1209;348
2021-11-13T11:52:52.766;536845574655765422;-78;-1014;292
2021-11-13T11:52:52.786;536845574675503409;-102;-1007;91
2021-11-13T11:52:52.806;536845574695241396;400;-1006;204
2021-11-13T11:52:52.826;536845574714979383;-136;-1158;308
2021-11-13T11:52:52.845;536845574734717370;-125;-861;377
2021-11-13T11:52:52.865;536845574754455357;-26;-1093;294
2021-11-13T11:52:52.885;536845574774193344;164;-1095;162
2021-11-13T11:52:52.905;536845574793931331;14;-1042;233
2021-11-13T11:52:52.924;536845574813669318;-56;-1030;266
2021-11-13T11:52:52.944;536845574833407305;-86;-944;180
2021-11-13T11:52:52.964;536845574853145292;-26;-1112;168
2021-11-13T11:52:52.983;536845574872884741;46;-1048;250
2021-11-13T11:52:53.003;536845574892624184;34;-1119;161
2021-11-13T11:52:53.023;536845574912363627;-11;-974;139
2021-11-13T11:52:53.043;536845574932103070;-79;-1105;206
2021-11-13T11:52:53.062;536845574951842513;-209;-913;228
2021-11-13T11:52:53.082;536845574971581956;166;-1110;138
2021-11-13T11:52:53.102;536845574991321399;-135;-999;354
2021-11-13T11:52:53.122;536845575011060842;-74;-1197;203
2021-11-13T11:52:53.141;536845575030800285;-45;-954;253
2021-11-13T11:52:53.161;536845575050539728;-65;-1107;56
2021-11-13T11:52:53.181;536845575070279171;-33;-948;94
2021-11-13T11:52:53.201;536845575090018614;-52;-1098;209
2021-11-13T11:52:53.220;536845575109758057;-116;-1043;254
2021-11-13T11:52:53.240;536845575129497500;-47;-1066;237
2021-11-13T11:52:53.260;536845575149236943;-18;-1073;208
2021-11-13T11:52:53.280;536845575168976386;-89;-1099;133
2021-11-13T11:52:53.299;536845575188715829;-84;-957;150
2021-11-13T11:52:53.319;536845575208455272;-84;-1010;180
2021-11-13T11:52:53.339;536845575228194715;-187;-1039;217
2021-11-13T11:52:53.359;536845575247934158;-42;-1080;199
2021-11-13T11:52:53.378;536845575267673601;-135;-1074;312
2021-11-13T11:52:53.398;536845575287413044;-123;-1088;246
2021-11-13T11:52:53.418;536845575307152487;-37;-959;110
2021-11-13T11:52:53.438;536845575326891930;14;-1065;135
2021-11-13T11:52:53.457;536845575346631373;-80;-1088;234
2021-11-13T11:52:53.477;536845575366370816;-177;-1026;263
2021-11-13T11:52:53.497;536845575386110259;-178;-1020;184
2021-11-13T11:52:53.516;536845575405849702;-129;-950;191
2021-11-13T11:52:53.536;536845575425589145;-106;-1099;170
2021-11-13T11:52:53.556;536845575445328588;-42;-1011;214
2021-11-13T11:52:53.576;536845575465068031;-147;-1030;233
2021-11-13T11:52:53.595;536845575484807474;-62;-1035;172
2021-11-13T11:52:53.615;536845575504546917;-15;-1041;131
2021-11-13T11:52:53.635;536845575524286360;-106;-1062;169
2021-11-13T11:52:53.655;536845575544025803;-101;-1004;206
2021-11-13T11:52:53.674;536845575563765246;-131;-1024;230
2021-11-13T11:52:53.694;536845575583509066;-176;-1030;287
2021-11-13T11:52:53.714;536845575603252878;-71;-1064;220
2021-11-13T11:52:53.734;536845575622996690;-89;-1018;214
2021-11-13T11:52:53.753;536845575642740502;-83;-1041;190
2021-11-13T11:52:53.773;536845575662484314;-77;-1025;195
2021-11-13T11:52:53.793;536845575682228126;-105;-1019;211
2021-11-13T11:52:53.813;536845575701971938;-118;-1040;239
2021-11-13T11:52:53.832;536845575721715750;-115;-1015;228
2021-11-13T11:52:53.852;536845575741459562;-97;-1042;219
2021-11-13T11:52:53.872;536845575761203374;-104;-1048;203
2021-11-13T11:52:53.892;536845575780947186;-81;-1016;194
2021-11-13T11:52:53.911;536845575800690998;-74;-996;191
2021-11-13T11:52:53.931;536845575820434810;-136;-1038;93
2021-11-13T11:52:53.951;536845575840178622;-78;-971;227
2021-11-13T11:52:53.971;536845575859922434;-187;-1125;222
2021-11-13T11:52:53.990;536845575879666246;-125;-931;113
2021-11-13T11:52:54.010;536845575899410058;50;-1104;-67
2021-11-13T11:52:54.030;536845575919153870;75;-1016;-8
2021-11-13T11:52:54.050;536845575938897682;-135;-1111;271
2021-11-13T11:52:54.069;536845575958641494;-96;-1088;325
2021-11-13T11:52:54.089;536845575978385306;-64;-1072;183
2021-11-13T11:52:54.109;536845575998129118;-77;-1047;166
2021-11-13T11:52:54.128;536845576017872930;-139;-1050;237
2021-11-13T11:52:54.148;536845576037616742;-172;-1082;184
2021-11-13T11:52:54.168;536845576057360554;-45;-1024;160
2021-11-13T11:52:54.188;536845576077104366;-80;-1065;32
2021-11-13T11:52:54.207;536845576096848178;-54;-1036;141
2021-11-13T11:52:54.227;536845576116591990;-127;-1064;93
2021-11-13T11:52:54.247;536845576136335802;-38;-1049;145
2021-11-13T11:52:54.267;536845576156079614;-55;-1078;237
2021-11-13T11:52:54.286;536845576175823426;-127;-1031;169
2021-11-13T11:52:54.306;536845576195567238;-51;-1019;175
2021-11-13T11:52:54.326;536845576215311050;-87;-1082;192
2021-11-13T11:52:54.346;536845576235054862;-36;-1064;422
2021-11-13T11:52:54.365;536845576254798674;-58;-1067;261
2021-11-13T11:52:54.385;536845576274542486;-53;-1034;223
2021-11-13T11:52:54.405;536845576294279036;-1;-1041;235
2021-11-13T11:52:54.425;536845576314015566;-22;-1067;172
2021-11-13T11:52:54.444;536845576333752096;-37;-1021;120
2021-11-13T11:52:54.464;536845576353488626;-87;-1022;117
2021-11-13T11:52:54.484;536845576373225156;-3;-1035;216
2021-11-13T11:52:54.504;536845576392961686;-72;-998;387
2021-11-13T11:52:54.523;536845576412698216;-48;-1048;450
2021-11-13T11:52:54.543;536845576432434746;-95;-1044;406
2021-11-13T11:52:54.563;536845576452171276;-22;-997;260
2021-11-13T11:52:54.583;536845576471907806;-40;-1017;132
2021-11-13T11:52:54.602;536845576491644336;-73;-954;315
2021-11-13T11:52:54.622;536845576511380866;-182;-991;419
2021-11-13T11:52:54.642;536845576531117396;-131;-993;436
2021-11-13T11:52:54.661;536845576550853926;-105;-1008;365
2021-11-13T11:52:54.681;536845576570590456;-99;-992;270
2021-11-13T11:52:54.701;536845576590326986;-107;-959;336
2021-11-13T11:52:54.721;536845576610063516;-44;-975;372
2021-11-13T11:52:54.740;536845576629800046;-262;-912;491
2021-11-13T11:52:54.760;536845576649536576;-168;-996;492
2021-11-13T11:52:54.780;536845576669273106;-216;-937;341
2021-11-13T11:52:54.800;536845576689009636;-63;-958;266
2021-11-13T11:52:54.819;536845576708746166;-224;-1006;452
2021-11-13T11:52:54.839;536845576728482696;-162;-793;486
2021-11-13T11:52:54.859;536845576748219226;-206;-930;441
2021-11-13T11:52:54.879;536845576767955756;-148;-903;470
2021-11-13T11:52:54.898;536845576787692286;-238;-917;401
2021-11-13T11:52:54.918;536845576807428816;-113;-905;423
2021-11-13T11:52:54.938;536845576827165346;-185;-977;495
2021-11-13T11:52:54.958;536845576846901876;-143;-1000;510
2021-11-13T11:52:54.977;536845576866638406;-257;-855;465
2021-11-13T11:52:54.997;536845576886374936;13;-958;381
2021-11-13T11:52:55.017;536845576906111466;-137;-1046;331
2021-11-13T11:52:55.036;536845576925847996;-145;-857;391
2021-11-13T11:52:55.056;536845576945584526;-199;-913;342
2021-11-13T11:52:55.076;536845576965321056;34;-1237;305
2021-11-13T11:52:55.096;536845576985057586;-292;-950;377
2021-11-13T11:52:55.115;536845577004797031;-126;-935;348
2021-11-13T11:52:55.135;536845577024536474;8;-1074;259
2021-11-13T11:52:55.155;536845577044275917;72;-951;437
2021-11-13T11:52:55.175;536845577064015360;-329;-1024;464
2021-11-13T11:52:55.194;536845577083754803;-100;-1027;252
2021-11-13T11:52:55.214;536845577103494246;9;-1024;276
2021-11-13T11:52:55.234;536845577123233689;-172;-980;311
2021-11-13T11:52:55.254;536845577142973132;58;-949;192
2021-11-13T11:52:55.273;536845577162712575;-58;-1050;196
2021-11-13T11:52:55.293;536845577182452018;-2;-1073;296
2021-11-13T11:52:55.313;536845577202191461;124;-909;486
2021-11-13T11:52:55.333;536845577221930904;85;-1303;213
2021-11-13T11:52:55.352;536845577241670347;-165;-877;282
2021-11-13T11:52:55.372;536845577261409790;-71;-1001;228
2021-11-13T11:52:55.392;536845577281149233;-34;-1019;247
2021-11-13T11:52:55.412;536845577300888676;81;-1015;231
2021-11-13T11:52:55.431;536845577320628119;-103;-1058;281
2021-11-13T11:52:55.451;536845577340367562;-9;-1136;171
2021-11-13T11:52:55.471;536845577360107005;22;-979;174
2021-11-13T11:52:55.490;536845577379846448;99;-1012;200
2021-11-13T11:52:55.510;536845577399585891;-76;-1119;199
2021-11-13T11:52:55.530;536845577419325334;-212;-926;373
2021-11-13T11:52:55.550;536845577439064777;-61;-1122;137
2021-11-13T11:52:55.569;536845577458804220;154;-1044;71
2021-11-13T11:52:55.589;536845577478543663;-2;-1136;172
2021-11-13T11:52:55.609;536845577498283106;-218;-869;347
2021-11-13T11:52:55.629;536845577518022549;-92;-1043;308
2021-11-13T11:52:55.648;536845577537761992;67;-1193;161
2021-11-13T11:52:55.668;536845577557501435;-60;-1089;110
2021-11-13T11:52:55.688;536845577577240878;-169;-855;274
2021-11-13T11:52:55.708;536845577596980321;-123;-1227;90
2021-11-13T11:52:55.727;536845577616719764;-93;-894;193
2021-11-13T11:52:55.747;536845577636459207;-33;-1054;135
2021-11-13T11:52:55.767;536845577656198650;24;-1160;168
2021-11-13T11:52:55.787;536845577675938093;-174;-945;255
2021-11-13T11:52:55.806;536845577695677536;-83;-1166;156
2021-11-13T11:52:55.826;536845577715415523;-134;-1001;244
2021-11-13T11:52:55.846;536845577735153510;-87;-997;144
2021-11-13T11:52:55.866;536845577754891497;-76;-1041;253
2021-11-13T11:52:55.885;536845577774629484;-133;-1104;197
2021-11-13T11:52:55.905;536845577794367471;-86;-1031;132
2021-11-13T11:52:55.925;536845577814105458;-101;-1059;193
2021-11-13T11:52:55.944;536845577833843445;-36;-1075;113
2021-11-13T11:52:55.964;536845577853581432;-94;-988;156
2021-11-13T11:52:55.984;536845577873319419;-174;-1050;192
2021-11-13T11:52:56.004;536845577893057406;-133;-1030;227
2021-11-13T11:52:56.023;536845577912795393;-81;-1000;218
2021-11-13T11:52:56.043;536845577932533380;-154;-1021;296
2021-11-13T11:52:56.063;536845577952271367;-95;-1104;190
2021-11-13T11:52:56.083;536845577972009354;-153;-1004;148
2021-11-13T11:52:56.102;536845577991747341;-97;-991;132
2021-11-13T11:52:56.122;536845578011485328;-151;-1053;222
2021-11-13T11:52:56.142;536845578031223315;-186;-1069;233
2021-11-13T11:52:56.162;536845578050961302;-59;-1051;138
2021-11-13T11:52:56.181;536845578070699289;-150;-988;191
2021-11-13T11:52:56.201;536845578090437276;-101;-1020;213
2021-11-13T11:52:56.221;536845578110175263;-102;-1151;218
2021-11-13T11:52:56.241;536845578129913250;-149;-930;253
2021-11-13T11:52:56.260;536845578149651237;-100;-1075;134
2021-11-13T11:52:56.280;536845578169389224;-124;-1035;138
2021-11-13T11:52:56.300;536845578189127211;-72;-994;102
2021-11-13T11:52:56.319;536845578208865198;-108;-1066;197
2021-11-13T11:52:56.339;536845578228603185;-166;-1036;220
2021-11-13T11:52:56.359;536845578248341172;-49;-1022;147
2021-11-13T11:52:56.379;536845578268079159;-143;-1035;169
2021-11-13T11:52:56.398;536845578287817146;-89;-1047;148
2021-11-13T11:52:56.418;536845578307555133;-88;-1064;122
2021-11-13T11:52:56.438;536845578327293120;-73;-1056;194
2021-11-13T11:52:56.458;536845578347031107;-174;-1015;240
2021-11-13T11:52:56.477;536845578366769094;-119;-1060;143
2021-11-13T11:52:56.497;536845578386507081;-101;-1049;266
2021-11-13T11:52:56.517;536845578406245068;-94;-1068;244
2021-11-13T11:52:56.537;536845578425991826;-132;-1007;174
2021-11-13T11:52:56.556;536845578445738550;-59;-1092;25
2021-11-13T11:52:56.576;536845578465485274;-69;-1024;147
2021-11-13T11:52:56.596;536845578485231998;-164;-1041;228
2021-11-13T11:52:56.616;536845578504978722;-45;-1039;256
2021-11-13T11:52:56.635;536845578524725446;-170;-1049;337
2021-11-13T11:52:56.655;536845578544472170;33;-1086;227
2021-11-13T11:52:56.675;536845578564218894;-84;-1019;240
2021-11-13T11:52:56.695;536845578583965618;-19;-1071;220
2021-11-13T11:52:56.714;536845578603712342;-82;-1035;321
2021-11-13T11:52:56.734;536845578623459066;-73;-1045;182
2021-11-13T11:52:56.754;536845578643205790;50;-1044;84
2021-11-13T11:52:56.774;536845578662952514;-62;-999;197
2021-11-13T11:52:56.793;536845578682699238;10;-1061;235
2021-11-13T11:52:56.813;536845578702445962;-4;-1027;294
2021-11-13T11:52:56.833;536845578722192686;-34;-1014;208
2021-11-13T11:52:56.853;536845578741939410;23;-1032;245
2021-11-13T11:52:56.872;536845578761686134;-81;-977;364
2021-11-13T11:52:56.892;536845578781432858;-42;-1022;378
2021-11-13T11:52:56.912;536845578801179582;9;-1035;318
2021-11-13T11:52:56.932;536845578820926306;-79;-1018;298
2021-11-13T11:52:56.951;536845578840673030;-58;-975;189
2021-11-13T11:52:56.971;536845578860419754;-119;-976;183
2021-11-13T11:52:56.991;536845578880166478;49;-1027;234
2021-11-13T11:52:57.011;536845578899913202;-66;-1012;450
2021-11-13T11:52:57.030;536845578919659926;-76;-1012;475
2021-11-13T11:52:57.050;536845578939406650;-67;-1008;465
2021-11-13T11:52:57.070;536845578959153374;-2;-1004;360
2021-11-13T11:52:57.090;536845578978900098;-84;-979;309
2021-11-13T11:52:57.109;536845578998646822;-137;-990;374
2021-11-13T11:52:57.129;536845579018393546;-161;-978;350
2021-11-13T11:52:57.149;536845579038140270;-139;-1000;343
2021-11-13T11:52:57.168;536845579057886994;-90;-955;230
2021-11-13T11:52:57.188;536845579077633718;-67;-986;333
2021-11-13T11:52:57.208;536845579097380442;-183;-988;489
2021-11-13T11:52:57.228;536845579117127166;-74;-955;417
2021-11-13T11:52:57.247;536845579136873891;-214;-903;386
2021-11-13T11:52:57.267;536845579156620616;-224;-928;384
2021-11-13T11:52:57.287;536845579176367341;-80;-955;455
2021-11-13T11:52:57.307;536845579196114066;-146;-977;446
2021-11-13T11:52:57.326;536845579215860791;-122;-1018;432
2021-11-13T11:52:57.346;536845579235607516;-162;-869;380
2021-11-13T11:52:57.366;536845579255354241;-234;-989;311
2021-11-13T11:52:57.386;536845579275100966;83;-858;317
2021-11-13T11:52:57.405;536845579294847691;-32;-1040;381
2021-11-13T11:52:57.425;536845579314594416;-326;-1184;349
2021-11-13T11:52:57.445;536845579334341141;-112;-866;444
2021-11-13T11:52:57.465;536845579354087866;-63;-889;420
2021-11-13T11:52:57.484;536845579373834591;-59;-1155;279
2021-11-13T11:52:57.504;536845579393581316;-205;-938;239
2021-11-13T11:52:57.524;536845579413328041;26;-1024;231
2021-11-13T11:52:57.544;536845579433074766;34;-1149;240
2021-11-13T11:52:57.563;536845579452821491;-229;-960;316
2021-11-13T11:52:57.583;536845579472568216;-177;-881;319
2021-11-13T11:52:57.603;536845579492314941;70;-1157;182
2021-11-13T11:52:57.623;536845579512061666;10;-1002;335
2021-11-13T11:52:57.642;536845579531808391;-188;-1036;325
2021-11-13T11:52:57.662;536845579551555116;-104;-935;329
2021-11-13T11:52:57.682;536845579571301841;104;-1197;104
2021-11-13T11:52:57.702;536845579591048566;-88;-998;132
2021-11-13T11:52:57.721;536845579610795291;25;-842;303
2021-11-13T11:52:57.741;536845579630542016;4;-1255;306
2021-11-13T11:52:57.761;536845579650288741;-35;-974;461
2021-11-13T11:52:57.781;536845579670035466;-129;-1095;184
2021-11-13T11:52:57.800;536845579689782191;30;-1029;145
2021-11-13T11:52:57.820;536845579709528916;-59;-1107;154
2021-11-13T11:52:57.840;536845579729275641;86;-971;146
2021-11-13T11:52:57.860;536845579749022366;-69;-1032;163
2021-11-13T11:52:57.879;536845579768769091;-18;-982;222
2021-11-13T11:52:57.899;536845579788515816;-214;-1160;374
2021-11-13T11:52:57.919;536845579808262541;-54;-976;216
2021-11-13T11:52:57.939;536845579828009266;20;-1125;35
2021-11-13T11:52:57.958;536845579847755991;29;-1017;104
2021-11-13T11:52:57.978;536845579867502716;-168;-1044;160
2021-11-13T11:52:57.998;536845579887249441;-51;-1002;235
2021-11-13T11:52:58.018;536845579906996166;-117;-1006;337
2021-11-13T11:52:58.037;536845579926742891;22;-1182;189
2021-11-13T11:52:58.057;536845579946489616;-45;-1048;107
2021-11-13T11:52:58.077;536845579966236341;-245;-921;176
2021-11-13T11:52:58.097;536845579985983066;-83;-1032;147
2021-11-13T11:52:58.116;536845580005729791;-12;-1099;180
2021-11-13T11:52:58.136;536845580025476516;-72;-1095;157
2021-11-13T11:52:58.156;536845580045223241;-110;-975;227
2021-11-13T11:52:58.176;536845580064969966;-157;-1059;177
2021-11-13T11:52:58.195;536845580084716691;8;-1037;207
2021-11-13T11:52:58.215;536845580104463416;-103;-1131;193
2021-11-13T11:52:58.235;536845580124210141;-156;-942;255
2021-11-13T11:52:58.255;536845580143956866;-161;-1068;188
2021-11-13T11:52:58.274;536845580163703591;-133;-1037;181
2021-11-13T11:52:58.294;536845580183450316;-67;-1055;103
2021-11-13T11:52:58.314;536845580203197041;-104;-1100;177
2021-11-13T11:52:58.334;536845580222943766;-60;-965;145
2021-11-13T11:52:58.353;536845580242690491;-79;-1058;229
2021-11-13T11:52:58.373;536845580262437216;-93;-1096;234
2021-11-13T11:52:58.393;536845580282183941;-72;-1042;197
2021-11-13T11:52:58.413;536845580301930666;-129;-1042;188
2021-11-13T11:52:58.432;536845580321677391;-95;-1025;132
2021-11-13T11:52:58.452;536845580341424116;-135;-1010;205
2021-11-13T11:52:58.472;536845580361170841;-110;-1022;222
2021-11-13T11:52:58.492;536845580380917566;-150;-1005;281
2021-11-13T11:52:58.511;536845580400664291;-137;-1046;240
2021-11-13T11:52:58.531;536845580420411016;-79;-1059;172
2021-11-13T11:52:58.551;536845580440157741;-53;-1013;210
2021-11-13T11:52:58.571;536845580459904466;-143;-1039;240
2021-11-13T11:52:58.590;536845580479651191;-109;-1043;175
2021-11-13T11:52:58.610;536845580499397916;-67;-1032;207
2021-11-13T11:52:58.630;536845580519144641;-135;-1028;206
2021-11-13T11:52:58.650;536845580538891366;-88;-1045;178
2021-11-13T11:52:58.669;536845580558638124;-111;-1036;224
2021-11-13T11:52:58.689;536845580578384848;-121;-1005;280
2021-11-13T11:52:58.709;536845580598131572;-130;-1012;284
2021-11-13T11:52:58.728;536845580617878296;-97;-1067;161
2021-11-13T11:52:58.748;536845580637625020;-105;-1011;188
2021-11-13T11:52:58.768;536845580657371744;-83;-1008;257
2021-11-13T11:52:58.788;536845580677118468;-130;-1049;177
2021-11-13T11:52:58.807;536845580696865192;-131;-945;73
2021-11-13T11:52:58.827;536845580716611916;1;-1050;75
2021-11-13T11:52:58.847;536845580736358640;-123;-996;82
2021-11-13T11:52:58.867;536845580756105364;-99;-1053;201
2021-11-13T11:52:58.886;536845580775852088;-26;-1087;195
2021-11-13T11:52:58.906;536845580795598812;-17;-1050;236
2021-11-13T11:52:58.926;536845580815345536;-227;-1091;214
2021-11-13T11:52:58.946;536845580835092260;-58;-1032;190
2021-11-13T11:52:58.965;536845580854838984;-46;-1027;178
2021-11-13T11:52:58.985;536845580874585708;-104;-1090;212
2021-11-13T11:52:59.005;536845580894332432;-175;-1071;304
2021-11-13T11:52:59.025;536845580914079156;-121;-1054;273
2021-11-13T11:52:59.044;536845580933825880;-73;-1035;131
2021-11-13T11:52:59.064;536845580953572604;7;-1052;162
2021-11-13T11:52:59.084;536845580973319328;-110;-1034;288
2021-11-13T11:52:59.104;536845580993066052;-42;-1074;166
2021-11-13T11:52:59.123;536845581012812776;59;-1063;147
2021-11-13T11:52:59.143;536845581032559500;-195;-1066;187
2021-11-13T11:52:59.163;536845581052306224;94;-1042;25
2021-11-13T11:52:59.183;536845581072052948;-51;-990;150
2021-11-13T11:52:59.202;536845581091799672;-79;-1086;417
2021-11-13T11:52:59.222;536845581111546396;-92;-1100;442
2021-11-13T11:52:59.242;536845581131293120;34;-1018;222
2021-11-13T11:52:59.262;536845581151039844;-10;-1027;106
2021-11-13T11:52:59.281;536845581170786568;-130;-1052;78
2021-11-13T11:52:59.301;536845581190533292;43;-1032;148
2021-11-13T11:52:59.321;536845581210280016;-1;-1039;421
2021-11-13T11:52:59.341;536845581230026740;-18;-1040;511
2021-11-13T11:52:59.360;536845581249773464;-92;-1061;227
2021-11-13T11:52:59.380;536845581269527498;-44;-990;100
2021-11-13T11:52:59.400;536845581289281504;-160;-1022;176
2021-11-13T11:52:59.420;536845581309035510;43;-1010;332
2021-11-13T11:52:59.439;536845581328789516;-130;-974;559
2021-11-13T11:52:59.459;536845581348543522;-77;-1005;504
2021-11-13T11:52:59.479;536845581368297528;-219;-1030;399
2021-11-13T11:52:59.499;536845581388051534;-197;-899;333
2021-11-13T11:52:59.518;536845581407805540;-182;-958;247
2021-11-13T11:52:59.538;536845581427559546;-134;-1026;401
2021-11-13T11:52:59.558;536845581447313552;-211;-810;607
2021-11-13T11:52:59.578;536845581467067558;-334;-848;703
2021-11-13T11:52:59.597;536845581486821564;-286;-1034;518
2021-11-13T11:52:59.617;536845581506575570;-291;-845;447
2021-11-13T11:52:59.637;536845581526329576;-215;-928;345
2021-11-13T11:52:59.657;536845581546083582;-239;-701;447
2021-11-13T11:52:59.676;536845581565837588;-288;-840;523
2021-11-13T11:52:59.696;536845581585591594;-374;-844;687
2021-11-13T11:52:59.716;536845581605345600;-415;-726;624
2021-11-13T11:52:59.736;536845581625099606;-170;-848;499
2021-11-13T11:52:59.755;536845581644853612;-359;-758;449
2021-11-13T11:52:59.775;536845581664607618;-222;-796;401
2021-11-13T11:52:59.795;536845581684361624;-322;-711;533
2021-11-13T11:52:59.815;536845581704115630;-203;-1015;514
2021-11-13T11:52:59.834;536845581723869636;-313;-727;684
2021-11-13T11:52:59.854;536845581743623642;-522;-467;773
2021-11-13T11:52:59.874;536845581763377648;-303;-822;641
2021-11-13T11:52:59.894;536845581783131654;-48;-1195;346
2021-11-13T11:52:59.913;536845581802885660;-317;-881;423
2021-11-13T11:52:59.933;536845581822639666;-313;-719;462
2021-11-13T11:52:59.953;536845581842393672;-241;-1017;463
2021-11-13T11:52:59.973;536845581862147678;-193;-1000;607
2021-11-13T11:52:59.993;536845581881901684;-280;-972;599
2021-11-13T11:53:00.012;536845581901655690;-189;-579;558
2021-11-13T11:53:00.032;536845581921409696;-196;-1301;149
2021-11-13T11:53:00.052;536845581941163702;-224;-1104;345
2021-11-13T11:53:00.072;536845581960917708;-107;-573;615
2021-11-13T11:53:00.091;536845581980664466;-272;-1113;500
2021-11-13T11:53:00.111;536845582000411190;-42;-1067;363
2021-11-13T11:53:00.131;536845582020157914;-158;-836;356
2021-11-13T11:53:00.151;536845582039904638;52;-1059;263
2021-11-13T11:53:00.170;536845582059651362;-73;-938;377
2021-11-13T11:53:00.190;536845582079398086;-218;-1082;440
2021-11-13T11:53:00.210;536845582099144810;-144;-909;507
2021-11-13T11:53:00.230;536845582118891534;4;-1145;246
2021-11-13T11:53:00.249;536845582138638258;82;-923;190
2021-11-13T11:53:00.269;536845582158384982;-110;-905;249
2021-11-13T11:53:00.289;536845582178131706;-95;-1227;334
2021-11-13T11:53:00.308;536845582197878430;191;-769;561
2021-11-13T11:53:00.328;536845582217625154;-219;-1081;411
2021-11-13T11:53:00.348;536845582237371878;-242;-1157;282
2021-11-13T11:53:00.368;536845582257118602;380;-963;93
2021-11-13T11:53:00.387;536845582276865326;67;-1014;206
2021-11-13T11:53:00.407;536845582296612050;-267;-921;407
2021-11-13T11:53:00.427;536845582316358774;-135;-1084;401
2021-11-13T11:53:00.447;536845582336105498;72;-1057;276
2021-11-13T11:53:00.466;536845582355852222;-5;-1048;204
2021-11-13T11:53:00.486;536845582375598946;50;-1072;110
2021-11-13T11:53:00.506;536845582395345670;-106;-926;186
2021-11-13T11:53:00.526;536845582415092394;-113;-1002;269
2021-11-13T11:53:00.545;536845582434839118;56;-1104;324
2021-11-13T11:53:00.565;536845582454585842;31;-1130;291
2021-11-13T11:53:00.585;536845582474332566;-91;-914;327
2021-11-13T11:53:00.605;536845582494079290;-118;-1084;149
2021-11-13T11:53:00.624;536845582513826014;-172;-929;217
2021-11-13T11:53:00.644;536845582533572738;65;-1096;73
2021-11-13T11:53:00.664;536845582553319462;-6;-1169;200
2021-11-13T11:53:00.684;536845582573066186;-118;-920;381
2021-11-13T11:53:00.703;536845582592812910;-54;-1117;241
2021-11-13T11:53:00.723;536845582612559634;-72;-1079;166
2021-11-13T11:53:00.743;536845582632306358;63;-925;109
2021-11-13T11:53:00.763;536845582652053082;-105;-1162;239
2021-11-13T11:53:00.782;536845582671799806;-184;-999;353
2021-11-13T11:53:00.802;536845582691553840;-67;-1009;194
2021-11-13T11:53:00.822;536845582711307846;-27;-1053;121
2021-11-13T11:53:00.842;536845582731061852;-85;-967;212
2021-11-13T11:53:00.861;536845582750815858;-166;-1138;202
2021-11-13T11:53:00.881;536845582770569864;-11;-1064;198
2021-11-13T11:53:00.901;536845582790323870;-62;-1027;258
2021-11-13T11:53:00.921;536845582810077876;-143;-987;222
2021-11-13T11:53:00.940;536845582829831882;-140;-1004;230
2021-11-13T11:53:00.960;536845582849585888;-142;-1096;183
2021-11-13T11:53:00.980;536845582869339894;-58;-1094;178
2021-11-13T11:53:01.000;536845582889093900;-83;-1006;261
2021-11-13T11:53:01.019;536845582908847906;-106;-1018;261
2021-11-13T11:53:01.039;536845582928601912;-120;-1013;216
2021-11-13T11:53:01.059;536845582948355918;-105;-1009;200
2021-11-13T11:53:01.079;536845582968109924;-110;-1077;164
2021-11-13T11:53:01.098;536845582987863930;-99;-1025;214
2021-11-13T11:53:01.118;536845583007617936;-61;-1038;215
2021-11-13T11:53:01.138;536845583027371942;-108;-1025;289
2021-11-13T11:53:01.158;536845583047125948;-91;-1015;236
2021-11-13T11:53:01.177;536845583066879954;-135;-1053;218
2021-11-13T11:53:01.197;536845583086633960;-121;-1012;193
2021-11-13T11:53:01.217;536845583106387966;-93;-1045;193
2021-11-13T11:53:01.237;536845583126141972;-178;-1004;273
2021-11-13T11:53:01.257;536845583145895978;-132;-1016;250
2021-11-13T11:53:01.276;536845583165649984;-66;-1061;202
2021-11-13T11:53:01.296;536845583185403990;-113;-1019;183
2021-11-13T11:53:01.316;536845583205157996;-116;-1016;197
2021-11-13T11:53:01.336;536845583224912002;-115;-1015;248
2021-11-13T11:53:01.355;536845583244666008;-150;-1018;284
2021-11-13T11:53:01.375;536845583264420014;-135;-1013;307
2021-11-13T11:53:01.395;536845583284174020;-88;-1036;226
2021-11-13T11:53:01.415;536845583303928026;-72;-1019;205
2021-11-13T11:53:01.434;536845583323682032;-124;-1046;203
2021-11-13T11:53:01.454;536845583343436038;-133;-1007;241
2021-11-13T11:53:01.474;536845583363190044;-130;-989;249
2021-11-13T11:53:01.494;536845583382944050;-152;-1004;194
2021-11-13T11:53:01.513;536845583402692243;-61;-1008;156
2021-11-13T11:53:01.533;536845583422440424;-134;-1133;100
2021-11-13T11:53:01.553;536845583442188605;-49;-1016;-21
2021-11-13T11:53:01.573;536845583461936786;-13;-1021;154
2021-11-13T11:53:01.592;536845583481684967;-80;-1066;259
2021-11-13T11:53:01.612;536845583501433148;-70;-1027;336
2021-11-13T11:53:01.632;536845583521181329;-196;-1026;302
2021-11-13T11:53:01.652;536845583540929510;-114;-1040;142
2021-11-13T11:53:01.671;536845583560677691;-16;-1093;74
2021-11-13T11:53:01.691;536845583580425872;-115;-1019;188
2021-11-13T11:53:01.711;536845583600174053;-169;-1087;241
2021-11-13T11:53:01.731;536845583619922234;-24;-1017;184
2021-11-13T11:53:01.750;536845583639670415;-59;-1064;133
2021-11-13T11:53:01.770;536845583659418596;-52;-1044;238
2021-11-13T11:53:01.790;536845583679166777;-192;-1077;198
2021-11-13T11:53:01.810;536845583698914958;31;-1025;161
2021-11-13T11:53:01.829;536845583718663139;-145;-1041;286
2021-11-13T11:53:01.849;536845583738411320;47;-1102;336
2021-11-13T11:53:01.869;536845583758159501;-70;-1073;256
2021-11-13T11:53:01.889;536845583777907682;-39;-1018;169
2021-11-13T11:53:01.908;536845583797655863;-95;-1097;53
2021-11-13T11:53:01.928;536845583817404044;69;-1022;59
2021-11-13T11:53:01.948;536845583837152225;-58;-1023;290
2021-11-13T11:53:01.968;536845583856900406;19;-1105;405
2021-11-13T11:53:01.987;536845583876648587;-48;-1032;311
2021-11-13T11:53:02.007;536845583896396768;-16;-1026;222
2021-11-13T11:53:02.027;536845583916144949;-39;-1020;109
2021-11-13T11:53:02.047;536845583935893130;42;-1027;-17
2021-11-13T11:53:02.066;536845583955641311;-208;-1060;95
2021-11-13T11:53:02.086;536845583975389492;-9;-1012;234
2021-11-13T11:53:02.106;536845583995137673;58;-1018;436
2021-11-13T11:53:02.125;536845584014885854;-8;-1043;521
2021-11-13T11:53:02.145;536845584034634035;-46;-1003;431
2021-11-13T11:53:02.165;536845584054382216;-77;-1034;313
2021-11-13T11:53:02.185;536845584074130397;-150;-1012;224
2021-11-13T11:53:02.204;536845584093878578;-29;-1002;133
2021-11-13T11:53:02.224;536845584113631142;-23;-999;293
2021-11-13T11:53:02.244;536845584133383692;-131;-1056;352
2021-11-13T11:53:02.264;536845584153136242;-167;-960;524
2021-11-13T11:53:02.284;536845584172888792;-185;-913;486
2021-11-13T11:53:02.303;536845584192641342;-115;-912;468
2021-11-13T11:53:02.323;536845584212393892;-222;-961;482
2021-11-13T11:53:02.343;536845584232146442;-266;-905;569
2021-11-13T11:53:02.363;536845584251898992;-439;-1001;572
2021-11-13T11:53:02.382;536845584271651542;-106;-877;415
2021-11-13T11:53:02.402;536845584291404092;-253;-916;398
2021-11-13T11:53:02.422;536845584311156642;-208;-837;459
2021-11-13T11:53:02.442;536845584330909192;-267;-814;561
2021-11-13T11:53:02.461;536845584350661742;-343;-853;590
2021-11-13T11:53:02.481;536845584370414292;-280;-855;564
2021-11-13T11:53:02.501;536845584390166842;-248;-829;459
2021-11-13T11:53:02.521;536845584409919392;-295;-705;466
2021-11-13T11:53:02.540;536845584429671942;-272;-768;455
2021-11-13T11:53:02.560;536845584449424492;-184;-777;596
2021-11-13T11:53:02.580;536845584469177042;-330;-940;613
2021-11-13T11:53:02.600;536845584488929592;-301;-823;613
2021-11-13T11:53:02.619;536845584508682142;-346;-634;625
2021-11-13T11:53:02.639;536845584528434692;-173;-794;510
2021-11-13T11:53:02.659;536845584548187242;-145;-758;529
2021-11-13T11:53:02.679;536845584567939792;-448;-840;591
2021-11-13T11:53:02.698;536845584587692342;-208;-953;524
2021-11-13T11:53:02.718;536845584607444892;-128;-1106;427
2021-11-13T11:53:02.738;536845584627197442;-299;-899;413
2021-11-13T11:53:02.758;536845584646949992;-303;-639;566
2021-11-13T11:53:02.777;536845584666702542;-100;-780;647
2021-11-13T11:53:02.797;536845584686455092;-15;-1250;591
2021-11-13T11:53:02.817;536845584706207642;-294;-1099;361
2021-11-13T11:53:02.837;536845584725960192;-253;-872;325
2021-11-13T11:53:02.856;536845584745712742;47;-923;94
2021-11-13T11:53:02.876;536845584765465292;-128;-998;299
2021-11-13T11:53:02.896;536845584785217842;-311;-1083;519
2021-11-13T11:53:02.916;536845584804970392;-140;-972;557
2021-11-13T11:53:02.935;536845584824717117;-93;-926;364
2021-11-13T11:53:02.955;536845584844463842;103;-1001;273
2021-11-13T11:53:02.975;536845584864210567;-62;-947;481
2021-11-13T11:53:02.995;536845584883957292;-144;-1027;426
2021-11-13T11:53:03.014;536845584903704017;-18;-1025;463
2021-11-13T11:53:03.034;536845584923450742;110;-1043;199
2021-11-13T11:53:03.054;536845584943197467;43;-894;249
2021-11-13T11:53:03.074;536845584962944192;-227;-1024;275
2021-11-13T11:53:03.093;536845584982690917;93;-1172;327
2021-11-13T11:53:03.113;536845585002437642;20;-903;299
2021-11-13T11:53:03.133;536845585022184367;101;-1109;274
2021-11-13T11:53:03.153;536845585041931092;-135;-962;425
2021-11-13T11:53:03.172;536845585061677817;-119;-994;238
2021-11-13T11:53:03.192;536845585081424542;148;-1093;44
2021-11-13T11:53:03.212;536845585101171267;47;-1032;280
2021-11-13T11:53:03.232;536845585120917992;-74;-997;470
2021-11-13T11:53:03.251;536845585140664717;-214;-1060;282
2021-11-13T11:53:03.271;536845585160411442;-72;-953;267
2021-11-13T11:53:03.291;536845585180158167;21;-1053;111
2021-11-13T11:53:03.311;536845585199904892;32;-1155;149
2021-11-13T11:53:03.330;536845585219651617;-7;-1057;152
2021-11-13T11:53:03.350;536845585239398342;-43;-985;238
2021-11-13T11:53:03.370;536845585259145067;-131;-1033;319
2021-11-13T11:53:03.390;536845585278891792;52;-1013;234
2021-11-13T11:53:03.409;536845585298638517;-101;-1085;190
2021-11-13T11:53:03.429;536845585318385242;-198;-1014;220
2021-11-13T11:53:03.449;536845585338131967;54;-1109;36
2021-11-13T11:53:03.468;536845585357878692;-83;-1061;207
2021-11-13T11:53:03.488;536845585377625417;-73;-872;284
2021-11-13T11:53:03.508;536845585397372142;-104;-1125;259
2021-11-13T11:53:03.528;536845585417118867;-61;-1097;161
2021-11-13T11:53:03.547;536845585436865592;-58;-1025;186
2021-11-13T11:53:03.567;536845585456612317;-86;-975;177
2021-11-13T11:53:03.587;536845585476359042;-91;-1140;122
2021-11-13T11:53:03.607;536845585496105767;-109;-991;250
2021-11-13T11:53:03.626;536845585515852492;-127;-1017;308
2021-11-13T11:53:03.646;536845585535591935;-62;-1082;214
2021-11-13T11:53:03.666;536845585555331378;-45;-1076;173
2021-11-13T11:53:03.686;536845585575070821;-63;-1064;118
2021-11-13T11:53:03.705;536845585594810264;-101;-1001;162
2021-11-13T11:53:03.725;536845585614549707;-156;-1019;223
2021-11-13T11:53:03.745;536845585634289150;-157;-1057;243
2021-11-13T11:53:03.765;536845585654028593;-111;-1014;245
2021-11-13T11:53:03.784;536845585673768036;-106;-989;232
2021-11-13T11:53:03.804;536845585693507479;-93;-1052;159
2021-11-13T11:53:03.824;536845585713246922;-99;-1049;160
2021-11-13T11:53:03.844;536845585732986365;-73;-1040;133
2021-11-13T11:53:03.863;536845585752725808;-123;-1025;243
2021-11-13T11:53:03.883;536845585772465251;-114;-1062;232
2021-11-13T11:53:03.903;536845585792204694;-52;-1022;234
2021-11-13T11:53:03.923;536845585811944137;-104;-1040;229
2021-11-13T11:53:03.942;536845585831683580;-101;-1015;227
2021-11-13T11:53:03.962;536845585851423023;-128;-1013;194
2021-11-13T11:53:03.982;536845585871162466;-88;-1039;182
2021-11-13T11:53:04.002;536845585890901909;-94;-1037;196
2021-11-13T11:53:04.021;536845585910641352;-166;-1019;242
2021-11-13T11:53:04.041;536845585930380795;-92;-1053;213
2021-11-13T11:53:04.061;536845585950120238;-80;-1023;202
2021-11-13T11:53:04.080;536845585969859681;-81;-1026;208
2021-11-13T11:53:04.100;536845585989599124;-65;-1029;201
2021-11-13T11:53:04.120;536845586009338567;-113;-1019;257
2021-11-13T11:53:04.140;536845586029078010;-124;-1043;199
2021-11-13T11:53:04.159;536845586048817453;-86;-1028;204
2021-11-13T11:53:04.179;536845586068556896;-127;-1022;223
2021-11-13T11:53:04.199;536845586088296339;-102;-1039;208
2021-11-13T11:53:04.219;536845586108035782;-69;-1014;241
2021-11-13T11:53:04.238;536845586127775225;-88;-1044;195
2021-11-13T11:53:04.258;536845586147514668;-112;-1028;209
2021-11-13T11:53:04.278;536845586167254111;-131;-1023;186
2021-11-13T11:53:04.298;536845586186993554;-89;-1035;238
2021-11-13T11:53:04.317;536845586206732997;-80;-997;220
2021-11-13T11:53:04.337;536845586226472440;-184;-1057;200
2021-11-13T11:53:04.357;536845586246226480;-111;-1011;74
2021-11-13T11:53:04.377;536845586265980486;66;-1004;-90
2021-11-13T11:53:04.396;536845586285734492;-185;-1041;97
2021-11-13T11:53:04.416;536845586305488498;-381;-1165;136
2021-11-13T11:53:04.436;536845586325242504;-39;-943;201
2021-11-13T11:53:04.456;536845586344996510;2;-1041;287
2021-11-13T11:53:04.475;536845586364750516;-78;-1100;241
2021-11-13T11:53:04.495;536845586384504522;-82;-1097;365
2021-11-13T11:53:04.515;536845586404258528;-229;-1045;227
2021-11-13T11:53:04.535;536845586424012534;-66;-1028;13
2021-11-13T11:53:04.554;536845586443766540;0;-1021;52
2021-11-13T11:53:04.574;536845586463520546;-156;-1100;203
2021-11-13T11:53:04.594;536845586483274552;-152;-1053;221
2021-11-13T11:53:04.614;536845586503028558;-127;-1073;159
2021-11-13T11:53:04.633;536845586522782564;-41;-1007;114
2021-11-13T11:53:04.653;536845586542536570;-115;-1063;147
2021-11-13T11:53:04.673;536845586562290576;-98;-1043;182
2021-11-13T11:53:04.693;536845586582044582;-65;-1025;246
2021-11-13T11:53:04.712;536845586601798588;-86;-1130;224
2021-11-13T11:53:04.732;536845586621552594;-71;-1010;112
2021-11-13T11:53:04.752;536845586641306600;-19;-1086;141
2021-11-13T11:53:04.772;536845586661060606;-118;-1037;252
2021-11-13T11:53:04.791;536845586680814612;25;-1049;195
2021-11-13T11:53:04.811;536845586700568618;-133;-1058;156
2021-11-13T11:53:04.831;536845586720322624;-8;-1048;104
2021-11-13T11:53:04.851;536845586740076630;48;-1024;278
2021-11-13T11:53:04.870;536845586759830636;-148;-1079;479
2021-11-13T11:53:04.890;536845586779584642;-72;-1034;335
2021-11-13T11:53:04.910;536845586799338648;-15;-1018;75
2021-11-13T11:53:04.930;536845586819092654;-113;-1051;33
2021-11-13T11:53:04.949;536845586838846660;-98;-995;214
2021-11-13T11:53:04.969;536845586858600666;-105;-1112;184
2021-11-13T11:53:04.989;536845586878354672;-27;-1006;405
2021-11-13T11:53:05.009;536845586898108678;-32;-945;411
2021-11-13T11:53:05.028;536845586917862684;-223;-1098;406
2021-11-13T11:53:05.048;536845586937616690;1;-994;350
2021-11-13T11:53:05.068;536845586957372157;-130;-954;403
2021-11-13T11:53:05.088;536845586977127620;-192;-1062;437
2021-11-13T11:53:05.107;536845586996883083;-68;-974;328
2021-11-13T11:53:05.127;536845587016638546;-36;-908;154
2021-11-13T11:53:05.147;536845587036394009;-233;-966;415
2021-11-13T11:53:05.167;536845587056149472;-328;-977;416
2021-11-13T11:53:05.187;536845587075904935;-51;-885;511
2021-11-13T11:53:05.206;536845587095660398;-330;-841;593
2021-11-13T11:53:05.226;536845587115415861;-158;-856;526
2021-11-13T11:53:05.246;536845587135171324;-359;-892;540
2021-11-13T11:53:05.266;536845587154926787;-118;-923;370
2021-11-13T11:53:05.285;536845587174682250;-172;-953;355
2021-11-13T11:53:05.305;536845587194437713;-335;-718;489
2021-11-13T11:53:05.325;536845587214193176;-284;-784;532
2021-11-13T11:53:05.345;536845587233948639;-99;-907;560
2021-11-13T11:53:05.364;536845587253704102;-206;-981;493
2021-11-13T11:53:05.384;536845587273459565;-173;-888;532
2021-11-13T11:53:05.404;536845587293215028;-243;-876;397
2021-11-13T11:53:05.424;536845587312970491;-163;-1008;381
2021-11-13T11:53:05.443;536845587332725954;-202;-707;570
2021-11-13T11:53:05.463;536845587352481417;-279;-852;625
2021-11-13T11:53:05.483;536845587372236880;-80;-1224;421
2021-11-13T11:53:05.503;536845587391992343;-212;-947;558
2021-11-13T11:53:05.522;536845587411747806;-349;-698;433
2021-11-13T11:53:05.542;536845587431503269;63;-1098;102
2021-11-13T11:53:05.562;536845587451258732;9;-1166;220
2021-11-13T11:53:05.582;536845587471014195;-287;-859;614
2021-11-13T11:53:05.601;536845587490769658;-219;-851;683
2021-11-13T11:53:05.621;536845587510525121;56;-1099;553
2021-11-13T11:53:05.641;536845587530280584;-286;-1004;319
2021-11-13T11:53:05.661;536845587550036047;-49;-987;52
2021-11-13T11:53:05.680;536845587569791510;-65;-896;326
2021-11-13T11:53:05.700;536845587589546973;-35;-1060;362
2021-11-13T11:53:05.720;536845587609302436;177;-943;470
2021-11-13T11:53:05.740;536845587629057899;-339;-1106;402
2021-11-13T11:53:05.759;536845587648813362;-188;-990;293
