Phone timestamp;sensor timestamp [ns];X [mg];Y [mg];Z [mg]
2021-11-13T11:52:51.163;536845675708157900;-55;983;-87
2021-11-13T11:52:51.182;536845675727853652;-90;984;-65
2021-11-13T11:52:51.202;536845675747549404;-89;986;-80
2021-11-13T11:52:51.222;536845675767245156;-105;985;-122
2021-11-13T11:52:51.241;536845675786940908;-122;986;-174
2021-11-13T11:52:51.261;536845675806636660;-119;980;-191
2021-11-13T11:52:51.281;536845675826332412;-114;971;-177
2021-11-13T11:52:51.300;536845675846028164;-111;971;-163
2021-11-13T11:52:51.320;536845675865723916;-99;981;-137
2021-11-13T11:52:51.340;536845675885419668;-73;979;-116
2021-11-13T11:52:51.359;536845675905115420;-88;980;-112
2021-11-13T11:52:51.379;536845675924811172;-114;975;-121
2021-11-13T11:52:51.399;536845675944506924;-109;978;-130
2021-11-13T11:52:51.419;536845675964202676;-110;981;-148
2021-11-13T11:52:51.438;536845675983898428;-106;982;-161
2021-11-13T11:52:51.458;536845676003594180;-77;989;-175
2021-11-13T11:52:51.478;536845676023289932;-64;1033;-173
2021-11-13T11:52:51.497;536845676042985684;-54;1103;-160
2021-11-13T11:52:51.517;536845676062681436;-135;1185;-177
2021-11-13T11:52:51.537;536845676082377188;-226;1255;-198
2021-11-13T11:52:51.556;536845676102072940;-210;1255;-164
2021-11-13T11:52:51.576;536845676121768692;-227;1260;-71
2021-11-13T11:52:51.596;536845676141464444;-182;1167;-48
2021-11-13T11:52:51.616;536845676161160196;-203;1134;-115
2021-11-13T11:52:51.635;536845676180855948;-151;1155;-167
2021-11-13T11:52:51.655;536845676200551700;-201;1185;-177
2021-11-13T11:52:51.675;536845676220247452;-389;1189;-105
2021-11-13T11:52:51.694;536845676239943204;-343;1175;-107
2021-11-13T11:52:51.714;536845676259638956;-235;1217;-145
2021-11-13T11:52:51.734;536845676279334708;-130;1204;-150
2021-11-13T11:52:51.753;536845676299030460;-56;1196;-140
2021-11-13T11:52:51.773;536845676318726212;-43;1186;-127
2021-11-13T11:52:51.793;536845676338421964;-76;1159;-160
2021-11-13T11:52:51.812;536845676358117716;-114;1143;-168
2021-11-13T11:52:51.832;536845676377813468;-112;1111;-160
2021-11-13T11:52:51.852;536845676397509220;-120;1085;-148
2021-11-13T11:52:51.872;536845676417204992;-160;1032;-129
2021-11-13T11:52:51.891;536845676436900744;-207;1000;-97
2021-11-13T11:52:51.911;536845676456596496;-193;1005;-102
2021-11-13T11:52:51.931;536845676476292248;-125;1005;-118
2021-11-13T11:52:51.950;536845676495988000;-104;983;-142
2021-11-13T11:52:51.970;536845676515683752;-108;953;-161
2021-11-13T11:52:51.990;536845676535379504;-114;968;-154
2021-11-13T11:52:52.009;536845676555075256;-88;965;-122
2021-11-13T11:52:52.029;536845676574771008;-61;942;-114
2021-11-13T11:52:52.049;536845676594466760;-60;913;-121
2021-11-13T11:52:52.069;536845676614162512;-93;873;-142
2021-11-13T11:52:52.088;536845676633858264;-84;863;-181
2021-11-13T11:52:52.108;536845676653554016;-90;824;-193
2021-11-13T11:52:52.128;536845676673249768;-107;815;-181
2021-11-13T11:52:52.147;536845676692945520;-118;828;-146
2021-11-13T11:52:52.167;536845676712641272;-111;832;-129
2021-11-13T11:52:52.187;536845676732337024;-87;792;-118
2021-11-13T11:52:52.206;536845676752032776;-103;769;-116
2021-11-13T11:52:52.226;536845676771728528;-110;759;-115
2021-11-13T11:52:52.246;536845676791424280;-99;753;-115
2021-11-13T11:52:52.265;536845676811120032;-108;741;-101
2021-11-13T11:52:52.285;536845676830815784;-107;698;-85
2021-11-13T11:52:52.305;536845676850511536;-103;652;-60
2021-11-13T11:52:52.325;536845676870207288;-100;605;-17
2021-11-13T11:52:52.344;536845676889903040;-121;605;-3
2021-11-13T11:52:52.364;536845676909598792;-120;574;5
2021-11-13T11:52:52.384;536845676929294544;-124;500;13
2021-11-13T11:52:52.403;536845676948990296;-169;493;-10
2021-11-13T11:52:52.423;536845676968686048;-186;552;-37
2021-11-13T11:52:52.443;536845676988381800;-168;542;-23
2021-11-13T11:52:52.462;536845677008077552;-195;542;-20
2021-11-13T11:52:52.482;536845677027773304;-204;629;-33
2021-11-13T11:52:52.502;536845677047469056;-197;641;-24
2021-11-13T11:52:52.522;536845677067164808;-212;645;-37
2021-11-13T11:52:52.541;536845677086860560;-238;730;-95
2021-11-13T11:52:52.561;536845677106556312;-234;795;-143
2021-11-13T11:52:52.581;536845677126256453;-197;796;-119
2021-11-13T11:52:52.600;536845677145956574;-151;788;-105
2021-11-13T11:52:52.620;536845677165656695;-125;880;-125
2021-11-13T11:52:52.640;536845677185356816;-87;975;-128
2021-11-13T11:52:52.659;536845677205056937;-60;907;-88
2021-11-13T11:52:52.679;536845677224757058;-119;923;-114
2021-11-13T11:52:52.699;536845677244457179;-135;988;-139
2021-11-13T11:52:52.718;536845677264157300;-111;936;-97
2021-11-13T11:52:52.738;536845677283857421;-166;922;-102
2021-11-13T11:52:52.758;536845677303557542;-190;1011;-177
2021-11-13T11:52:52.778;536845677323257663;-120;994;-119
2021-11-13T11:52:52.797;536845677342957784;-130;967;-44
2021-11-13T11:52:52.817;536845677362657905;-168;1029;-84
2021-11-13T11:52:52.837;536845677382358026;-126;1073;-115
2021-11-13T11:52:52.856;536845677402058147;-40;951;-68
2021-11-13T11:52:52.876;536845677421758268;-108;1018;-107
2021-11-13T11:52:52.896;536845677441458389;-137;1192;-122
2021-11-13T11:52:52.916;536845677461158510;-116;1073;-45
2021-11-13T11:52:52.935;536845677480858631;-118;955;-10
2021-11-13T11:52:52.955;536845677500558752;-125;1008;-86
2021-11-13T11:52:52.975;536845677520258873;-119;1108;-166
2021-11-13T11:52:52.994;536845677539958994;-79;1164;-216
2021-11-13T11:52:53.014;536845677559659115;-64;1104;-169
2021-11-13T11:52:53.034;536845677579359236;-153;1048;-127
2021-11-13T11:52:53.053;536845677599059357;-201;1044;-118
2021-11-13T11:52:53.073;536845677618759478;-160;1043;-141
2021-11-13T11:52:53.093;536845677638459599;-200;1083;-157
2021-11-13T11:52:53.113;536845677658159720;-247;1139;-133
2021-11-13T11:52:53.132;536845677677859841;-140;1110;-121
2021-11-13T11:52:53.152;536845677697559962;-95;1101;-81
2021-11-13T11:52:53.172;536845677717260083;-150;1059;-61
2021-11-13T11:52:53.191;536845677736960204;-156;1079;-82
2021-11-13T11:52:53.211;536845677756660325;-108;1117;-112
2021-11-13T11:52:53.231;536845677776360446;-124;1090;-98
2021-11-13T11:52:53.250;536845677796060567;-7;1038;-133
2021-11-13T11:52:53.270;536845677815760688;-202;1108;-272
2021-11-13T11:52:53.290;536845677835450619;55;1003;-205
2021-11-13T11:52:53.309;536845677855140546;-28;1089;-277
2021-11-13T11:52:53.329;536845677874830473;-123;977;-235
2021-11-13T11:52:53.349;536845677894520400;-243;945;-248
2021-11-13T11:52:53.369;536845677914210327;-285;979;-284
2021-11-13T11:52:53.388;536845677933900254;-298;1016;-262
2021-11-13T11:52:53.408;536845677953590181;-220;1090;-28
2021-11-13T11:52:53.428;536845677973280108;-204;1315;188
2021-11-13T11:52:53.447;536845677992970035;-146;1330;59
2021-11-13T11:52:53.467;536845678012659962;-83;1190;-21
2021-11-13T11:52:53.487;536845678032349889;-108;1015;-127
2021-11-13T11:52:53.506;536845678052039816;-126;928;-229
2021-11-13T11:52:53.526;536845678071729743;-125;902;-247
2021-11-13T11:52:53.546;536845678091419670;-103;880;-185
2021-11-13T11:52:53.565;536845678111109597;-71;925;-117
2021-11-13T11:52:53.585;536845678130799524;-99;993;-76
2021-11-13T11:52:53.605;536845678150489451;-122;1011;-75
2021-11-13T11:52:53.625;536845678170179378;-122;998;-78
2021-11-13T11:52:53.644;536845678189869305;-125;985;-92
2021-11-13T11:52:53.664;536845678209559232;-134;980;-115
2021-11-13T11:52:53.684;536845678229249159;-141;971;-131
2021-11-13T11:52:53.703;536845678248939086;-134;960;-130
2021-11-13T11:52:53.723;536845678268629013;-127;965;-133
2021-11-13T11:52:53.743;536845678288318940;-119;976;-129
2021-11-13T11:52:53.762;536845678308008867;-113;983;-112
2021-11-13T11:52:53.782;536845678327698794;-114;981;-100
2021-11-13T11:52:53.802;536845678347388721;-125;981;-105
2021-11-13T11:52:53.821;536845678367078648;-134;979;-113
2021-11-13T11:52:53.841;536845678386768575;-125;977;-120
2021-11-13T11:52:53.861;536845678406458502;-116;974;-124
2021-11-13T11:52:53.880;536845678426148429;-112;979;-128
2021-11-13T11:52:53.900;536845678445838356;-104;982;-122
2021-11-13T11:52:53.920;536845678465528283;-106;982;-108
2021-11-13T11:52:53.940;536845678485218210;-115;983;-104
2021-11-13T11:52:53.959;536845678504908137;-117;982;-113
2021-11-13T11:52:53.979;536845678524598064;-118;986;-130
2021-11-13T11:52:53.999;536845678544296733;-124;999;-152
2021-11-13T11:52:54.018;536845678563995398;-129;1042;-173
2021-11-13T11:52:54.038;536845678583694063;-175;1111;-207
2021-11-13T11:52:54.058;536845678603392728;-232;1163;-217
2021-11-13T11:52:54.077;536845678623091393;-243;1165;-186
2021-11-13T11:52:54.097;536845678642790058;-252;1182;-242
2021-11-13T11:52:54.117;536845678662488723;-259;1210;-111
2021-11-13T11:52:54.137;536845678682187388;-143;1190;-116
2021-11-13T11:52:54.156;536845678701886053;-130;1213;-163
2021-11-13T11:52:54.176;536845678721584718;-94;1212;-154
2021-11-13T11:52:54.196;536845678741283383;-356;1222;-63
2021-11-13T11:52:54.215;536845678760982048;-255;1152;-68
2021-11-13T11:52:54.235;536845678780680713;-206;1179;-141
2021-11-13T11:52:54.255;536845678800379378;-204;1138;-127
2021-11-13T11:52:54.274;536845678820078043;-197;1127;-120
2021-11-13T11:52:54.294;536845678839776708;-201;1113;-129
2021-11-13T11:52:54.314;536845678859475373;-219;1125;-151
2021-11-13T11:52:54.334;536845678879174038;-189;1126;-145
2021-11-13T11:52:54.353;536845678898872703;-133;1103;-140
2021-11-13T11:52:54.373;536845678918571368;-106;1059;-148
2021-11-13T11:52:54.393;536845678938270033;-123;1075;-166
2021-11-13T11:52:54.412;536845678957968698;-150;1078;-148
2021-11-13T11:52:54.432;536845678977667363;-189;1038;-131
2021-11-13T11:52:54.452;536845678997366028;-210;1040;-126
2021-11-13T11:52:54.471;536845679017064693;-204;1052;-115
2021-11-13T11:52:54.491;536845679036763358;-195;1017;-102
2021-11-13T11:52:54.511;536845679056462023;-198;985;-100
2021-11-13T11:52:54.531;536845679076160688;-194;976;-112
2021-11-13T11:52:54.550;536845679095859353;-150;966;-99
2021-11-13T11:52:54.570;536845679115558018;-127;941;-97
2021-11-13T11:52:54.590;536845679135256683;-124;908;-97
2021-11-13T11:52:54.609;536845679154955348;-131;906;-101
2021-11-13T11:52:54.629;536845679174654013;-126;882;-95
2021-11-13T11:52:54.649;536845679194352678;-158;874;-89
2021-11-13T11:52:54.668;536845679214051343;-134;861;-89
2021-11-13T11:52:54.688;536845679233750008;-99;794;-88
2021-11-13T11:52:54.708;536845679253437042;-96;822;-97
2021-11-13T11:52:54.727;536845679273124056;-84;844;-85
2021-11-13T11:52:54.747;536845679292811070;-49;813;-75
2021-11-13T11:52:54.767;536845679312498084;-40;780;-48
2021-11-13T11:52:54.787;536845679332185098;-59;762;-43
2021-11-13T11:52:54.806;536845679351872112;-67;746;-55
2021-11-13T11:52:54.826;536845679371559126;-58;696;-66
2021-11-13T11:52:54.846;536845679391246140;-80;681;-74
2021-11-13T11:52:54.865;536845679410933154;-107;657;-77
2021-11-13T11:52:54.885;536845679430620168;-115;623;-72
2021-11-13T11:52:54.905;536845679450307182;-119;549;-54
2021-11-13T11:52:54.924;536845679469994196;-139;496;-62
2021-11-13T11:52:54.944;536845679489681210;-153;520;-80
2021-11-13T11:52:54.964;536845679509368224;-160;534;-75
2021-11-13T11:52:54.983;536845679529055238;-170;541;-63
2021-11-13T11:52:55.003;536845679548742252;-162;543;-48
2021-11-13T11:52:55.023;536845679568429266;-153;539;-65
2021-11-13T11:52:55.042;536845679588116280;-171;592;-98
2021-11-13T11:52:55.062;536845679607803294;-189;663;-138
2021-11-13T11:52:55.082;536845679627490308;-199;701;-143
2021-11-13T11:52:55.102;536845679647177322;-196;733;-158
2021-11-13T11:52:55.121;536845679666864336;-171;753;-148
2021-11-13T11:52:55.141;536845679686551350;-145;789;-161
2021-11-13T11:52:55.161;536845679706238364;-122;839;-155
2021-11-13T11:52:55.180;536845679725925378;-121;875;-145
2021-11-13T11:52:55.200;536845679745612392;-130;846;-101
2021-11-13T11:52:55.220;536845679765299406;-196;878;-81
2021-11-13T11:52:55.239;536845679784986420;-181;885;-89
2021-11-13T11:52:55.259;536845679804673434;-169;856;-105
2021-11-13T11:52:55.279;536845679824360448;-167;973;-108
2021-11-13T11:52:55.298;536845679844047462;-163;991;-85
2021-11-13T11:52:55.318;536845679863734476;-165;977;-60
2021-11-13T11:52:55.338;536845679883421490;-163;1079;-111
2021-11-13T11:52:55.357;536845679903108504;-121;1029;-88
2021-11-13T11:52:55.377;536845679922795518;-111;1045;-85
2021-11-13T11:52:55.397;536845679942482532;-116;1102;-43
2021-11-13T11:52:55.417;536845679962169562;-111;1016;-65
2021-11-13T11:52:55.436;536845679981856576;-116;1090;-91
2021-11-13T11:52:55.456;536845680001543590;-117;1133;-90
2021-11-13T11:52:55.476;536845680021230604;-108;1064;-84
2021-11-13T11:52:55.495;536845680040917618;-118;1065;-76
2021-11-13T11:52:55.515;536845680060604632;-166;1112;-86
2021-11-13T11:52:55.535;536845680080291646;-127;1073;-106
2021-11-13T11:52:55.554;536845680099978660;-153;1059;-137
2021-11-13T11:52:55.574;536845680119665674;-209;1087;-146
2021-11-13T11:52:55.594;536845680139352688;-201;1076;-152
2021-11-13T11:52:55.613;536845680159039702;-103;1046;-190
2021-11-13T11:52:55.633;536845680178726716;-162;1063;-190
2021-11-13T11:52:55.653;536845680198413730;-266;1040;-200
2021-11-13T11:52:55.672;536845680218100744;-266;1135;-214
2021-11-13T11:52:55.692;536845680237787758;-189;1123;-189
2021-11-13T11:52:55.712;536845680257474772;-201;1018;-143
2021-11-13T11:52:55.732;536845680277161786;-212;1012;-128
2021-11-13T11:52:55.751;536845680296848800;-159;1060;-184
2021-11-13T11:52:55.771;536845680316535814;-102;1092;-164
2021-11-13T11:52:55.791;536845680336222828;-148;1083;-285
2021-11-13T11:52:55.810;536845680355909842;-282;1103;-138
2021-11-13T11:52:55.830;536845680375596856;-101;1026;-187
2021-11-13T11:52:55.850;536845680395283870;-210;1084;-209
2021-11-13T11:52:55.869;536845680414970884;-200;1057;-198
2021-11-13T11:52:55.889;536845680434657898;-312;1093;-192
2021-11-13T11:52:55.909;536845680454344912;-417;1140;-119
2021-11-13T11:52:55.928;536845680474031926;-417;1262;-18
2021-11-13T11:52:55.948;536845680493718940;-181;1242;-14
2021-11-13T11:52:55.968;536845680513405954;-100;1109;-36
2021-11-13T11:52:55.987;536845680533092968;-166;1012;-103
2021-11-13T11:52:56.007;536845680552779982;-183;998;-157
2021-11-13T11:52:56.027;536845680572466996;-188;991;-170
2021-11-13T11:52:56.046;536845680592154010;-181;917;-135
2021-11-13T11:52:56.066;536845680611841024;-170;869;-142
2021-11-13T11:52:56.086;536845680631528038;-146;885;-155
2021-11-13T11:52:56.106;536845680651215052;-121;913;-134
2021-11-13T11:52:56.125;536845680670909352;-120;912;-106
2021-11-13T11:52:56.145;536845680690603648;-135;927;-81
2021-11-13T11:52:56.165;536845680710297944;-190;974;-85
2021-11-13T11:52:56.184;536845680729992240;-204;1020;-99
2021-11-13T11:52:56.204;536845680749686536;-188;1018;-76
2021-11-13T11:52:56.224;536845680769380832;-159;986;-64
2021-11-13T11:52:56.243;536845680789075128;-178;981;-98
2021-11-13T11:52:56.263;536845680808769424;-189;975;-119
2021-11-13T11:52:56.283;536845680828463720;-162;962;-121
2021-11-13T11:52:56.303;536845680848158016;-188;962;-127
2021-11-13T11:52:56.322;536845680867852312;-221;986;-138
2021-11-13T11:52:56.342;536845680887546608;-235;1031;-139
2021-11-13T11:52:56.362;536845680907240904;-234;1070;-116
2021-11-13T11:52:56.381;536845680926935200;-252;1111;-96
2021-11-13T11:52:56.401;536845680946629496;-310;1169;-90
2021-11-13T11:52:56.421;536845680966323792;-268;1174;-99
2021-11-13T11:52:56.440;536845680986018088;-158;1138;-112
2021-11-13T11:52:56.460;536845681005712384;-117;1177;-168
2021-11-13T11:52:56.480;536845681025406680;-141;1192;-155
2021-11-13T11:52:56.499;536845681045100976;-288;1177;-94
2021-11-13T11:52:56.519;536845681064795272;-316;1125;-107
2021-11-13T11:52:56.539;536845681084489568;-368;1115;-128
2021-11-13T11:52:56.559;536845681104183864;-368;1112;-138
2021-11-13T11:52:56.578;536845681123878160;-300;1112;-157
2021-11-13T11:52:56.598;536845681143572456;-208;1110;-186
2021-11-13T11:52:56.618;536845681163266752;-194;1101;-182
2021-11-13T11:52:56.637;536845681182961048;-253;1095;-175
2021-11-13T11:52:56.657;536845681202655344;-278;1097;-154
2021-11-13T11:52:56.677;536845681222349640;-261;1085;-147
2021-11-13T11:52:56.696;536845681242043936;-240;1091;-141
2021-11-13T11:52:56.716;536845681261738232;-211;1078;-140
2021-11-13T11:52:56.736;536845681281432528;-201;1062;-121
2021-11-13T11:52:56.755;536845681301126824;-208;1043;-99
2021-11-13T11:52:56.775;536845681320821120;-238;1049;-88
2021-11-13T11:52:56.795;536845681340515416;-235;1001;-96
2021-11-13T11:52:56.815;536845681360209712;-229;999;-124
2021-11-13T11:52:56.834;536845681379906952;-209;1047;-117
2021-11-13T11:52:56.854;536845681399604160;-173;1032;-71
2021-11-13T11:52:56.874;536845681419301368;-142;1003;-41
2021-11-13T11:52:56.893;536845681438998576;-124;972;-38
2021-11-13T11:52:56.913;536845681458695784;-146;966;-52
2021-11-13T11:52:56.933;536845681478392992;-183;946;-55
2021-11-13T11:52:56.952;536845681498090200;-183;923;-57
2021-11-13T11:52:56.972;536845681517787408;-169;895;-72
2021-11-13T11:52:56.992;536845681537484616;-155;878;-110
2021-11-13T11:52:57.012;536845681557181824;-149;866;-127
2021-11-13T11:52:57.031;536845681576879032;-135;868;-136
2021-11-13T11:52:57.051;536845681596576240;-121;865;-131
2021-11-13T11:52:57.071;536845681616273448;-122;828;-116
2021-11-13T11:52:57.090;536845681635970656;-131;830;-110
2021-11-13T11:52:57.110;536845681655667864;-119;828;-117
2021-11-13T11:52:57.130;536845681675365072;-124;821;-102
2021-11-13T11:52:57.149;536845681695062280;-180;801;-93
2021-11-13T11:52:57.169;536845681714759488;-203;768;-107
2021-11-13T11:52:57.189;536845681734456696;-186;778;-125
2021-11-13T11:52:57.208;536845681754153904;-167;758;-115
2021-11-13T11:52:57.228;536845681773851112;-186;744;-105
2021-11-13T11:52:57.248;536845681793548320;-146;745;-88
2021-11-13T11:52:57.268;536845681813245528;-120;714;-51
2021-11-13T11:52:57.287;536845681832942736;-126;631;-42
2021-11-13T11:52:57.307;536845681852639944;-125;588;-54
2021-11-13T11:52:57.327;536845681872337152;-121;578;-64
2021-11-13T11:52:57.346;536845681892034360;-131;534;-55
2021-11-13T11:52:57.366;536845681911731568;-155;560;-42
2021-11-13T11:52:57.386;536845681931428776;-151;515;-13
2021-11-13T11:52:57.405;536845681951125984;-154;468;1
2021-11-13T11:52:57.425;536845681970823192;-202;598;-72
2021-11-13T11:52:57.445;536845681990520400;-178;612;-62
2021-11-13T11:52:57.465;536845682010217608;-186;554;-54
2021-11-13T11:52:57.484;536845682029914816;-166;639;-90
2021-11-13T11:52:57.504;536845682049612024;-113;728;-123
2021-11-13T11:52:57.524;536845682069309232;-107;773;-160
2021-11-13T11:52:57.543;536845682089000631;-106;772;-167
2021-11-13T11:52:57.563;536845682108692014;-121;855;-164
2021-11-13T11:52:57.583;536845682128383397;-117;902;-123
2021-11-13T11:52:57.602;536845682148074780;-131;888;-96
2021-11-13T11:52:57.622;536845682167766163;-165;967;-92
2021-11-13T11:52:57.642;536845682187457546;-155;1006;-102
2021-11-13T11:52:57.661;536845682207148929;-163;943;-64
2021-11-13T11:52:57.681;536845682226840312;-181;1012;-88
2021-11-13T11:52:57.701;536845682246531695;-143;1044;-100
2021-11-13T11:52:57.721;536845682266223078;-124;989;-64
2021-11-13T11:52:57.740;536845682285914461;-171;1041;-69
2021-11-13T11:52:57.760;536845682305605844;-195;1113;-66
2021-11-13T11:52:57.780;536845682325297227;-187;1100;2
2021-11-13T11:52:57.799;536845682344988610;-209;1063;22
2021-11-13T11:52:57.819;536845682364679993;-213;1067;-19
2021-11-13T11:52:57.839;536845682384371376;-202;1100;-78
2021-11-13T11:52:57.858;536845682404062759;-214;1120;-115
2021-11-13T11:52:57.878;536845682423754142;-246;1135;-96
2021-11-13T11:52:57.898;536845682443445525;-253;1025;-45
2021-11-13T11:52:57.917;536845682463136908;-271;986;-89
2021-11-13T11:52:57.937;536845682482828291;-227;1066;-150
2021-11-13T11:52:57.957;536845682502519674;-176;1142;-170
2021-11-13T11:52:57.977;536845682522211057;-162;1071;-121
2021-11-13T11:52:57.996;536845682541902440;-215;1002;-71
2021-11-13T11:52:58.016;536845682561593823;-260;1008;-77
2021-11-13T11:52:58.036;536845682581285206;-250;1031;-140
2021-11-13T11:52:58.055;536845682600976589;-240;1060;-197
2021-11-13T11:52:58.075;536845682620667972;-208;1041;-154
2021-11-13T11:52:58.095;536845682640359355;-202;1030;-123
2021-11-13T11:52:58.114;536845682660050738;-208;984;-78
2021-11-13T11:52:58.134;536845682679742121;-212;980;-86
2021-11-13T11:52:58.154;536845682699433504;-199;1047;-153
2021-11-13T11:52:58.173;536845682719124887;-11;1072;-166
2021-11-13T11:52:58.193;536845682738816270;-341;1038;-327
2021-11-13T11:52:58.213;536845682758507653;-152;1041;-247
2021-11-13T11:52:58.233;536845682778199036;-108;1130;-211
2021-11-13T11:52:58.252;536845682797893340;-214;1013;-150
2021-11-13T11:52:58.272;536845682817587636;-279;1007;-152
2021-11-13T11:52:58.292;536845682837281932;-364;1021;-187
2021-11-13T11:52:58.311;536845682856976228;-275;1063;-265
2021-11-13T11:52:58.331;536845682876670524;-267;1058;-288
2021-11-13T11:52:58.351;536845682896364820;-311;1053;-187
2021-11-13T11:52:58.370;536845682916059116;-306;1084;-18
2021-11-13T11:52:58.390;536845682935753412;-272;1178;126
2021-11-13T11:52:58.410;536845682955447708;-212;1187;86
2021-11-13T11:52:58.429;536845682975142004;-208;1113;-18
2021-11-13T11:52:58.449;536845682994836300;-194;1000;-92
2021-11-13T11:52:58.469;536845683014530596;-136;924;-141
2021-11-13T11:52:58.489;536845683034224892;-121;871;-183
2021-11-13T11:52:58.508;536845683053919188;-135;875;-181
2021-11-13T11:52:58.528;536845683073613484;-146;920;-139
2021-11-13T11:52:58.548;536845683093307780;-178;970;-94
2021-11-13T11:52:58.567;536845683113002076;-201;996;-86
2021-11-13T11:52:58.587;536845683132696372;-201;1003;-97
2021-11-13T11:52:58.607;536845683152390668;-201;996;-98
2021-11-13T11:52:58.626;536845683172084964;-199;981;-94
2021-11-13T11:52:58.646;536845683191779260;-200;968;-98
2021-11-13T11:52:58.666;536845683211473556;-188;962;-113
2021-11-13T11:52:58.686;536845683231167852;-204;962;-118
2021-11-13T11:52:58.705;536845683250862148;-206;955;-104
2021-11-13T11:52:58.725;536845683270556444;-189;957;-101
2021-11-13T11:52:58.745;536845683290250740;-184;979;-112
2021-11-13T11:52:58.764;536845683309945036;-188;983;-115
2021-11-13T11:52:58.784;536845683329639332;-187;981;-111
2021-11-13T11:52:58.804;536845683349333628;-193;978;-115
2021-11-13T11:52:58.823;536845683369027924;-174;997;-119
2021-11-13T11:52:58.843;536845683388722220;-164;1044;-132
2021-11-13T11:52:58.863;536845683408416516;-182;1108;-161
2021-11-13T11:52:58.882;536845683428110812;-227;1193;-184
2021-11-13T11:52:58.902;536845683447805108;-286;1188;-118
2021-11-13T11:52:58.922;536845683467499404;-150;1113;-138
2021-11-13T11:52:58.942;536845683487193700;-76;1191;-134
2021-11-13T11:52:58.961;536845683506888004;-26;1262;-204
2021-11-13T11:52:58.981;536845683526582300;-380;1381;-66
2021-11-13T11:52:59.001;536845683546276596;-247;1310;-7
2021-11-13T11:52:59.020;536845683565970892;-342;1280;-42
2021-11-13T11:52:59.040;536845683585665188;-319;1233;-73
2021-11-13T11:52:59.060;536845683605359484;-346;1234;-105
2021-11-13T11:52:59.079;536845683625053780;-383;1198;-103
2021-11-13T11:52:59.099;536845683644748076;-416;1184;-137
2021-11-13T11:52:59.119;536845683664442372;-371;1190;-160
2021-11-13T11:52:59.138;536845683684136668;-259;1153;-151
2021-11-13T11:52:59.158;536845683703830964;-176;1098;-167
2021-11-13T11:52:59.178;536845683723525260;-120;1095;-200
2021-11-13T11:52:59.198;536845683743219556;-153;1094;-209
2021-11-13T11:52:59.217;536845683762913852;-190;1060;-188
2021-11-13T11:52:59.237;536845683782608148;-248;1012;-168
2021-11-13T11:52:59.257;536845683802302444;-307;1021;-137
2021-11-13T11:52:59.276;536845683821996740;-279;1029;-113
2021-11-13T11:52:59.296;536845683841691036;-243;974;-87
2021-11-13T11:52:59.316;536845683861385332;-239;970;-109
2021-11-13T11:52:59.335;536845683881079628;-247;963;-104
2021-11-13T11:52:59.355;536845683900773924;-270;963;-99
2021-11-13T11:52:59.375;536845683920468220;-262;897;-60
2021-11-13T11:52:59.395;536845683940162516;-207;883;-35
2021-11-13T11:52:59.414;536845683959856812;-152;880;-88
2021-11-13T11:52:59.434;536845683979551108;-106;873;-145
2021-11-13T11:52:59.454;536845683999245404;-69;866;-141
2021-11-13T11:52:59.473;536845684018939700;-53;822;-111
2021-11-13T11:52:59.493;536845684038633996;-64;822;-93
2021-11-13T11:52:59.513;536845684058328292;-76;828;-68
2021-11-13T11:52:59.532;536845684078022588;-77;831;-80
2021-11-13T11:52:59.552;536845684097716884;-68;776;-98
2021-11-13T11:52:59.572;536845684117411180;-80;751;-92
2021-11-13T11:52:59.591;536845684137105476;-88;755;-81
2021-11-13T11:52:59.611;536845684156799772;-86;748;-77
2021-11-13T11:52:59.631;536845684176494068;-72;701;-67
2021-11-13T11:52:59.651;536845684196188364;-84;722;-80
2021-11-13T11:52:59.670;536845684215882664;-79;726;-87
2021-11-13T11:52:59.690;536845684235576960;-97;709;-101
2021-11-13T11:52:59.710;536845684255271256;-89;656;-94
2021-11-13T11:52:59.729;536845684274965552;-99;620;-67
2021-11-13T11:52:59.749;536845684294659848;-130;612;-43
2021-11-13T11:52:59.769;536845684314354144;-125;712;-54
2021-11-13T11:52:59.788;536845684334048440;-77;672;-9
2021-11-13T11:52:59.808;536845684353742736;-69;684;-9
2021-11-13T11:52:59.828;536845684373437032;-85;663;-24
2021-11-13T11:52:59.847;536845684393131328;-100;672;-53
2021-11-13T11:52:59.867;536845684412825624;-69;696;-60
2021-11-13T11:52:59.887;536845684432519920;-43;694;-55
2021-11-13T11:52:59.907;536845684452214216;-100;753;-111
2021-11-13T11:52:59.926;536845684471908512;-107;752;-126
2021-11-13T11:52:59.946;536845684491602808;-173;790;-159
2021-11-13T11:52:59.966;536845684511297104;-224;840;-162
2021-11-13T11:52:59.985;536845684530991400;-186;787;-139
2021-11-13T11:53:00.005;536845684550685696;-211;763;-125
2021-11-13T11:53:00.025;536845684570379992;-230;803;-128
2021-11-13T11:53:00.044;536845684590074288;-243;866;-150
2021-11-13T11:53:00.064;536845684609768584;-210;859;-113
2021-11-13T11:53:00.084;536845684629462880;-226;803;-103
2021-11-13T11:53:00.103;536845684649157176;-280;843;-101
2021-11-13T11:53:00.123;536845684668851472;-260;864;-83
2021-11-13T11:53:00.143;536845684688545768;-234;845;-76
2021-11-13T11:53:00.163;536845684708240064;-235;823;-66
2021-11-13T11:53:00.182;536845684727934360;-234;903;-100
2021-11-13T11:53:00.202;536845684747628656;-196;920;-111
2021-11-13T11:53:00.222;536845684767322952;-202;915;-72
2021-11-13T11:53:00.241;536845684787017248;-227;957;-69
2021-11-13T11:53:00.261;536845684806711544;-201;977;-79
2021-11-13T11:53:00.281;536845684826405840;-202;1014;-122
2021-11-13T11:53:00.300;536845684846100136;-189;949;-107
2021-11-13T11:53:00.320;536845684865794432;-203;935;-111
2021-11-13T11:53:00.340;536845684885488728;-219;1029;-132
2021-11-13T11:53:00.360;536845684905183024;-192;1005;-105
2021-11-13T11:53:00.379;536845684924877328;-231;982;-101
2021-11-13T11:53:00.399;536845684944571624;-237;1054;-169
2021-11-13T11:53:00.419;536845684964265920;-189;1023;-190
2021-11-13T11:53:00.438;536845684983960216;-213;1046;-184
2021-11-13T11:53:00.458;536845685003654512;-209;1073;-154
2021-11-13T11:53:00.478;536845685023348808;-219;1028;-124
2021-11-13T11:53:00.497;536845685043043104;-218;1037;-104
2021-11-13T11:53:00.517;536845685062737400;-231;1053;-124
2021-11-13T11:53:00.537;536845685082431696;-228;1062;-158
2021-11-13T11:53:00.556;536845685102125992;-238;1097;-163
2021-11-13T11:53:00.576;536845685121820288;-242;1041;-146
2021-11-13T11:53:00.596;536845685141514584;-243;1012;-160
2021-11-13T11:53:00.616;536845685161208880;-220;1036;-181
2021-11-13T11:53:00.635;536845685180903176;-175;1048;-188
2021-11-13T11:53:00.655;536845685200597472;-137;1081;-207
2021-11-13T11:53:00.675;536845685220291768;-136;1095;-221
2021-11-13T11:53:00.694;536845685239986064;-120;1104;-210
2021-11-13T11:53:00.714;536845685259680360;-125;1093;-183
2021-11-13T11:53:00.734;536845685279374656;-99;1093;-142
2021-11-13T11:53:00.753;536845685299068952;-186;1147;-251
2021-11-13T11:53:00.773;536845685318763248;-310;1126;-275
2021-11-13T11:53:00.793;536845685338457544;-315;1069;-239
2021-11-13T11:53:00.812;536845685358151840;-360;983;-246
2021-11-13T11:53:00.832;536845685377846136;-333;1038;-180
2021-11-13T11:53:00.852;536845685397540432;-244;1056;-92
2021-11-13T11:53:00.872;536845685417234728;-221;1113;-86
2021-11-13T11:53:00.891;536845685436929024;-162;1118;-98
2021-11-13T11:53:00.911;536845685456623320;-229;1066;-85
2021-11-13T11:53:00.931;536845685476317616;-252;1034;-22
2021-11-13T11:53:00.950;536845685496011912;-261;1049;-8
2021-11-13T11:53:00.970;536845685515706208;-230;1072;-28
2021-11-13T11:53:00.990;536845685535400504;-201;1047;-100
2021-11-13T11:53:01.009;536845685555094800;-202;1006;-186
2021-11-13T11:53:01.029;536845685574789096;-206;977;-216
2021-11-13T11:53:01.049;536845685594483392;-212;942;-217
2021-11-13T11:53:01.069;536845685614177688;-201;934;-183
2021-11-13T11:53:01.088;536845685633879297;-171;932;-141
2021-11-13T11:53:01.108;536845685653580874;-119;964;-97
2021-11-13T11:53:01.128;536845685673282451;-112;992;-74
2021-11-13T11:53:01.147;536845685692984028;-117;992;-85
2021-11-13T11:53:01.167;536845685712685605;-137;985;-94
2021-11-13T11:53:01.187;536845685732387182;-169;980;-121
2021-11-13T11:53:01.206;536845685752088759;-187;968;-146
2021-11-13T11:53:01.226;536845685771790336;-192;957;-158
2021-11-13T11:53:01.246;536845685791491913;-185;952;-157
2021-11-13T11:53:01.266;536845685811193490;-185;968;-149
2021-11-13T11:53:01.285;536845685830895067;-198;981;-141
2021-11-13T11:53:01.305;536845685850596644;-187;981;-118
2021-11-13T11:53:01.325;536845685870298221;-189;978;-106
2021-11-13T11:53:01.344;536845685889999798;-195;960;-116
2021-11-13T11:53:01.364;536845685909701375;-199;946;-125
2021-11-13T11:53:01.384;536845685929402952;-197;950;-137
2021-11-13T11:53:01.403;536845685949104529;-185;971;-138
2021-11-13T11:53:01.423;536845685968806106;-168;981;-131
2021-11-13T11:53:01.443;536845685988507683;-146;982;-124
2021-11-13T11:53:01.463;536845686008209260;-146;979;-123
2021-11-13T11:53:01.482;536845686027910837;-160;978;-119
2021-11-13T11:53:01.502;536845686047612414;-154;987;-136
2021-11-13T11:53:01.522;536845686067313991;-180;989;-162
2021-11-13T11:53:01.541;536845686087015568;-206;1032;-147
2021-11-13T11:53:01.561;536845686106717145;-224;1104;-167
2021-11-13T11:53:01.581;536845686126418722;-221;1169;-194
2021-11-13T11:53:01.600;536845686146120299;-301;1222;-168
2021-11-13T11:53:01.620;536845686165821876;-354;1216;-196
2021-11-13T11:53:01.640;536845686185523453;-373;1214;-99
2021-11-13T11:53:01.660;536845686205225030;-145;1106;-85
2021-11-13T11:53:01.679;536845686224926607;-68;1166;-181
2021-11-13T11:53:01.699;536845686244628184;-82;1209;-238
2021-11-13T11:53:01.719;536845686264329761;-411;1194;-104
2021-11-13T11:53:01.738;536845686284031338;-400;1119;-108
2021-11-13T11:53:01.758;536845686303732915;-405;1122;-152
2021-11-13T11:53:01.778;536845686323434492;-372;1113;-180
2021-11-13T11:53:01.797;536845686343140439;-299;1118;-183
2021-11-13T11:53:01.817;536845686362846386;-237;1144;-184
2021-11-13T11:53:01.837;536845686382552333;-200;1154;-197
2021-11-13T11:53:01.857;536845686402258280;-160;1137;-198
2021-11-13T11:53:01.876;536845686421964227;-153;1109;-205
2021-11-13T11:53:01.896;536845686441670174;-182;1097;-209
2021-11-13T11:53:01.916;536845686461376121;-209;1073;-200
2021-11-13T11:53:01.935;536845686481082068;-196;1036;-172
2021-11-13T11:53:01.955;536845686500788015;-212;1038;-149
2021-11-13T11:53:01.975;536845686520493962;-233;1008;-133
2021-11-13T11:53:01.995;536845686540199909;-244;982;-112
2021-11-13T11:53:02.014;536845686559905856;-241;983;-93
2021-11-13T11:53:02.034;536845686579611803;-239;969;-75
2021-11-13T11:53:02.054;536845686599317750;-240;954;-107
2021-11-13T11:53:02.073;536845686619023697;-222;946;-129
2021-11-13T11:53:02.093;536845686638729644;-196;942;-147
2021-11-13T11:53:02.113;536845686658435591;-180;919;-164
2021-11-13T11:53:02.132;536845686678141538;-134;913;-171
2021-11-13T11:53:02.152;536845686697847485;-116;902;-139
2021-11-13T11:53:02.172;536845686717553432;-112;885;-119
2021-11-13T11:53:02.192;536845686737259379;-117;872;-115
2021-11-13T11:53:02.211;536845686756965326;-133;884;-136
2021-11-13T11:53:02.231;536845686776671273;-120;869;-137
2021-11-13T11:53:02.251;536845686796377220;-149;856;-142
2021-11-13T11:53:02.270;536845686816083167;-188;839;-119
2021-11-13T11:53:02.290;536845686835789114;-197;838;-117
2021-11-13T11:53:02.310;536845686855495061;-191;834;-121
2021-11-13T11:53:02.330;536845686875201008;-186;817;-125
2021-11-13T11:53:02.349;536845686894906955;-189;802;-102
2021-11-13T11:53:02.369;536845686914612902;-210;773;-88
2021-11-13T11:53:02.389;536845686934318849;-230;784;-94
2021-11-13T11:53:02.408;536845686954024796;-206;769;-105
2021-11-13T11:53:02.428;536845686973730743;-202;753;-119
2021-11-13T11:53:02.448;536845686993436690;-214;742;-118
2021-11-13T11:53:02.467;536845687013142637;-203;718;-107
2021-11-13T11:53:02.487;536845687032848584;-204;734;-101
2021-11-13T11:53:02.507;536845687052539987;-189;746;-78
2021-11-13T11:53:02.527;536845687072231370;-178;741;-46
2021-11-13T11:53:02.546;536845687091922753;-185;671;-33
2021-11-13T11:53:02.566;536845687111614136;-191;658;-35
2021-11-13T11:53:02.586;536845687131305519;-152;705;-42
2021-11-13T11:53:02.605;536845687150996902;-106;636;-44
2021-11-13T11:53:02.625;536845687170688285;-114;614;-50
2021-11-13T11:53:02.645;536845687190379668;-123;607;-44
2021-11-13T11:53:02.664;536845687210071051;-117;664;-70
2021-11-13T11:53:02.684;536845687229762434;-79;664;-70
2021-11-13T11:53:02.704;536845687249453817;-67;652;-87
2021-11-13T11:53:02.723;536845687269145200;-87;700;-101
2021-11-13T11:53:02.743;536845687288836583;-83;719;-111
2021-11-13T11:53:02.763;536845687308527966;-107;699;-111
2021-11-13T11:53:02.783;536845687328219349;-115;727;-136
2021-11-13T11:53:02.802;536845687347910732;-113;774;-180
2021-11-13T11:53:02.822;536845687367602115;-105;757;-196
2021-11-13T11:53:02.842;536845687387293498;-121;762;-167
2021-11-13T11:53:02.861;536845687406984881;-146;856;-153
2021-11-13T11:53:02.881;536845687426676264;-158;882;-157
2021-11-13T11:53:02.901;536845687446367647;-178;857;-154
2021-11-13T11:53:02.920;536845687466059030;-199;925;-152
2021-11-13T11:53:02.940;536845687485750413;-209;963;-152
2021-11-13T11:53:02.960;536845687505441796;-208;947;-118
2021-11-13T11:53:02.979;536845687525133179;-234;989;-117
2021-11-13T11:53:02.999;536845687544824562;-238;1002;-134
2021-11-13T11:53:03.019;536845687564515945;-231;993;-117
2021-11-13T11:53:03.039;536845687584207328;-254;984;-127
2021-11-13T11:53:03.058;536845687603898711;-294;1012;-135
2021-11-13T11:53:03.078;536845687623590094;-294;1067;-149
2021-11-13T11:53:03.098;536845687643281477;-241;1027;-130
2021-11-13T11:53:03.117;536845687662972860;-238;984;-96
2021-11-13T11:53:03.137;536845687682664243;-263;1027;-119
2021-11-13T11:53:03.157;536845687702355626;-236;999;-113
2021-11-13T11:53:03.176;536845687722047009;-229;991;-99
2021-11-13T11:53:03.196;536845687741738392;-238;1004;-113
2021-11-13T11:53:03.216;536845687761444370;-234;1012;-128
2021-11-13T11:53:03.235;536845687781150316;-214;987;-155
2021-11-13T11:53:03.255;536845687800856262;-199;1003;-213
2021-11-13T11:53:03.275;536845687820562208;-163;1071;-208
2021-11-13T11:53:03.295;536845687840268154;-119;1073;-215
2021-11-13T11:53:03.314;536845687859974100;-116;1044;-219
2021-11-13T11:53:03.334;536845687879680046;-114;1078;-220
2021-11-13T11:53:03.354;536845687899385992;-109;1121;-211
2021-11-13T11:53:03.373;536845687919091938;-109;1096;-183
2021-11-13T11:53:03.393;536845687938797884;-141;1112;-152
2021-11-13T11:53:03.413;536845687958503830;-134;1092;-126
2021-11-13T11:53:03.433;536845687978209776;-90;1132;-141
2021-11-13T11:53:03.452;536845687997915722;31;1114;-221
2021-11-13T11:53:03.472;536845688017621668;132;1089;-247
2021-11-13T11:53:03.492;536845688037327614;230;1012;-233
2021-11-13T11:53:03.511;536845688057033560;-278;953;-357
2021-11-13T11:53:03.531;536845688076739506;-635;938;-338
2021-11-13T11:53:03.551;536845688096445452;-640;987;-190
2021-11-13T11:53:03.570;536845688116151398;-368;1067;-133
2021-11-13T11:53:03.590;536845688135857344;-28;1142;-213
2021-11-13T11:53:03.610;536845688155563290;5;1097;-344
2021-11-13T11:53:03.630;536845688175269236;-369;1008;-351
2021-11-13T11:53:03.649;536845688194975182;-695;1045;-228
2021-11-13T11:53:03.669;536845688214681128;-525;1382;18
2021-11-13T11:53:03.689;536845688234387074;-67;1454;1
2021-11-13T11:53:03.708;536845688254093020;39;1144;52
2021-11-13T11:53:03.728;536845688273798966;8;972;-98
2021-11-13T11:53:03.748;536845688293504912;-71;926;-228
2021-11-13T11:53:03.768;536845688313210858;-84;902;-235
2021-11-13T11:53:03.787;536845688332916804;-13;886;-160
2021-11-13T11:53:03.807;536845688352622750;-27;922;-87
2021-11-13T11:53:03.827;536845688372328696;-101;984;-88
2021-11-13T11:53:03.846;536845688392034642;-159;1020;-108
2021-11-13T11:53:03.866;536845688411740588;-145;1003;-137
2021-11-13T11:53:03.886;536845688431446534;-121;985;-203
2021-11-13T11:53:03.905;536845688451152480;-119;978;-233
2021-11-13T11:53:03.925;536845688470854062;-114;959;-220
2021-11-13T11:53:03.945;536845688490555640;-115;954;-179
2021-11-13T11:53:03.965;536845688510257218;-117;959;-122
2021-11-13T11:53:03.984;536845688529958796;-124;978;-107
2021-11-13T11:53:04.004;536845688549660374;-127;979;-115
2021-11-13T11:53:04.024;536845688569361952;-131;983;-149
2021-11-13T11:53:04.043;536845688589063530;-147;978;-188
2021-11-13T11:53:04.063;536845688608765108;-128;973;-191
2021-11-13T11:53:04.083;536845688628466686;-143;963;-187
2021-11-13T11:53:04.103;536845688648168264;-164;961;-156
2021-11-13T11:53:04.122;536845688667869842;-139;973;-140
2021-11-13T11:53:04.142;536845688687571420;-117;981;-131
2021-11-13T11:53:04.162;536845688707272998;-124;980;-132
2021-11-13T11:53:04.181;536845688726974576;-118;975;-144
2021-11-13T11:53:04.201;536845688746676154;-131;973;-153
2021-11-13T11:53:04.221;536845688766377732;-116;975;-159
2021-11-13T11:53:04.240;536845688786079310;-123;968;-158
2021-11-13T11:53:04.260;536845688805780888;-112;977;-144
2021-11-13T11:53:04.280;536845688825482466;-118;981;-142
2021-11-13T11:53:04.300;536845688845184044;-122;977;-131
2021-11-13T11:53:04.319;536845688864885622;-120;975;-135
2021-11-13T11:53:04.339;536845688884587200;-116;975;-144
2021-11-13T11:53:04.359;536845688904288778;-115;982;-152
2021-11-13T11:53:04.378;536845688923990356;-105;986;-172
2021-11-13T11:53:04.398;536845688943691934;-128;993;-174
2021-11-13T11:53:04.418;536845688963393512;-159;1031;-142
2021-11-13T11:53:04.437;536845688983095090;-72;1112;-126
2021-11-13T11:53:04.457;536845689002796668;-180;1193;-188
2021-11-13T11:53:04.477;536845689022498246;-271;1311;-165
2021-11-13T11:53:04.497;536845689042199824;-375;1257;-161
2021-11-13T11:53:04.516;536845689061901402;-418;1266;-62
2021-11-13T11:53:04.536;536845689081602980;-413;1231;-53
2021-11-13T11:53:04.556;536845689101304558;-295;1241;-75
2021-11-13T11:53:04.575;536845689121006136;-132;1223;-200
2021-11-13T11:53:04.595;536845689140707714;-2;1226;-277
2021-11-13T11:53:04.615;536845689160409292;-183;1175;-250
2021-11-13T11:53:04.634;536845689180119639;-333;1123;-180
2021-11-13T11:53:04.654;536845689199829954;-287;1118;-206
2021-11-13T11:53:04.674;536845689219540269;-247;1124;-218
2021-11-13T11:53:04.694;536845689239250584;-238;1137;-214
2021-11-13T11:53:04.713;536845689258960899;-256;1136;-203
2021-11-13T11:53:04.733;536845689278671214;-279;1108;-196
2021-11-13T11:53:04.753;536845689298381529;-303;1084;-172
2021-11-13T11:53:04.772;536845689318091844;-286;1051;-171
2021-11-13T11:53:04.792;536845689337802159;-275;1057;-191
2021-11-13T11:53:04.812;536845689357512474;-240;1052;-153
2021-11-13T11:53:04.832;536845689377222789;-230;1047;-131
2021-11-13T11:53:04.851;536845689396933104;-234;1020;-130
2021-11-13T11:53:04.871;536845689416643419;-230;982;-142
2021-11-13T11:53:04.891;536845689436353734;-220;973;-143
2021-11-13T11:53:04.910;536845689456064049;-191;966;-138
2021-11-13T11:53:04.930;536845689475774364;-169;928;-129
2021-11-13T11:53:04.950;536845689495484679;-141;890;-146
2021-11-13T11:53:04.970;536845689515194994;-128;872;-172
2021-11-13T11:53:04.989;536845689534905309;-110;885;-184
2021-11-13T11:53:05.009;536845689554615624;-85;889;-157
2021-11-13T11:53:05.029;536845689574325939;-57;864;-153
2021-11-13T11:53:05.048;536845689594036254;-52;858;-140
2021-11-13T11:53:05.068;536845689613746569;-40;846;-118
2021-11-13T11:53:05.088;536845689633456884;-34;870;-104
2021-11-13T11:53:05.108;536845689653167199;-29;851;-77
2021-11-13T11:53:05.127;536845689672877514;-36;815;-60
2021-11-13T11:53:05.147;536845689692587829;-51;791;-56
2021-11-13T11:53:05.167;536845689712298144;-67;767;-71
2021-11-13T11:53:05.186;536845689732008459;-69;767;-69
2021-11-13T11:53:05.206;536845689751718774;-72;796;-78
2021-11-13T11:53:05.226;536845689771429089;-54;760;-79
2021-11-13T11:53:05.245;536845689791139404;-60;734;-60
2021-11-13T11:53:05.265;536845689810849719;-98;730;-74
2021-11-13T11:53:05.285;536845689830560034;-100;738;-112
2021-11-13T11:53:05.305;536845689850270349;-72;726;-85
2021-11-13T11:53:05.324;536845689869980664;-110;675;-73
2021-11-13T11:53:05.344;536845689889679341;-130;614;-67
2021-11-13T11:53:05.364;536845689909378006;-133;623;-54
2021-11-13T11:53:05.383;536845689929076671;-83;650;-87
2021-11-13T11:53:05.403;536845689948775336;-35;644;-84
2021-11-13T11:53:05.423;536845689968474001;-42;725;-106
2021-11-13T11:53:05.443;536845689988172666;-94;705;-104
2021-11-13T11:53:05.462;536845690007871331;-126;694;-93
2021-11-13T11:53:05.482;536845690027569996;-158;699;-110
2021-11-13T11:53:05.502;536845690047268661;-173;705;-118
2021-11-13T11:53:05.521;536845690066967326;-182;679;-134
2021-11-13T11:53:05.541;536845690086665991;-198;671;-151
2021-11-13T11:53:05.561;536845690106364656;-211;754;-191
2021-11-13T11:53:05.580;536845690126063321;-215;788;-196
2021-11-13T11:53:05.600;536845690145761986;-204;767;-173
2021-11-13T11:53:05.620;536845690165460651;-227;771;-158
2021-11-13T11:53:05.640;536845690185159316;-182;854;-124
2021-11-13T11:53:05.659;536845690204857981;-52;891;-104
2021-11-13T11:53:05.679;536845690224556646;28;933;-101
2021-11-13T11:53:05.699;536845690244255311;31;958;-136
2021-11-13T11:53:05.718;536845690263953976;7;974;-151
2021-11-13T11:53:05.738;536845690283652641;17;975;-109
2021-11-13T11:53:05.758;536845690303351306;-11;952;-76
2021-11-13T11:53:05.777;536845690323049971;-73;939;-83
2021-11-13T11:53:05.797;536845690342748636;-83;964;-94
2021-11-13T11:53:05.817;536845690362447301;-98;1010;-125
2021-11-13T11:53:05.836;536845690382145966;-84;957;-127
2021-11-13T11:53:05.856;536845690401844631;-115;982;-147
2021-11-13T11:53:05.876;536845690421543296;-101;1044;-143
2021-11-13T11:53:05.896;536845690441241961;33;1057;-132
2021-11-13T11:53:05.915;536845690460940626;141;1019;-179
2021-11-13T11:53:05.935;536845690480639291;110;1019;-162
2021-11-13T11:53:05.955;536845690500337956;70;1116;-108
2021-11-13T11:53:05.974;536845690520036621;130;1202;-78
2021-11-13T11:53:05.994;536845690539735286;260;1180;-108
2021-11-13T11:53:06.014;536845690559433951;382;1136;-122
2021-11-13T11:53:06.033;536845690579132616;342;1207;-89
